Sun Nov 04 15.09.58 CET 2018
Generation 0 Report
Best individual: net.sf.jclec.realarray.RealArrayIndividual@3419866c[genotype={2.0558652961325774,0.31448215864947815,5.016837325938575,0.9455717559097739,0.8768971944447503,1.350446101280527,1.1922420469043635,4.296546905324131,3.022706226244204,4.897955307946841,0.1357175053394934,1.7274979490019167,0.9596244310631548,1.650305123011045,3.1412752101697876,4.552702574842639,4.932255357233026,1.5409849372310749,3.1575588967746637,1.8859223808293075,0.4070988432264899,1.5077938347753483,1.3176652933687596,0.8875460413612817,0.15461000148660686,1.290442165738479,2.9736681985747477,2.8483298863472863,4.017310933891747,1.8898875012529341},fitness=net.sf.jclec.fitness.SimpleValueFitness@68fb2c38[value=422.24987357322374]]
Worst individual: net.sf.jclec.realarray.RealArrayIndividual@5fa7e7ff[genotype={5.109495037585796,3.831961903113477,0.05700601494718208,3.4347953778914717,4.914530606707951,1.714399007795582,3.405462059812135,3.077102876133845,4.677035862132735,2.724758055567509,4.636763863583282,4.545576443590668,4.651032205036639,4.2158082704445,3.6460802738252074,2.2479508440469753,3.2356262278324013,4.75958007910809,1.3873019191262104,0.7138936523469803,4.5439129875821935,1.9821623150358685,0.3428524301518152,4.626947519531392,4.5123433651587606,3.7797512941617164,3.9152314895620326,2.634780690959133,2.5378066134754214,2.58074551940805},fitness=net.sf.jclec.fitness.SimpleValueFitness@27f8302d[value=738.7277440644143]]
Median individual: net.sf.jclec.realarray.RealArrayIndividual@26f0a63f[genotype={1.4087310721990007,1.6791376213936564,4.629097852517705,3.9879387321252846,3.5999934319394673,3.1101123155482733,0.7172781615258389,3.1943720448460824,2.6850541870498676,4.723449552057474,4.885558561927188,1.1430324341472227,0.005499615819150336,2.84850823775443,2.7954783438644144,3.564054474222382,4.954806884871015,2.212111831400973,1.395061237689447,5.099405413382719,0.23776803664733187,4.363048138330259,4.290390498753742,0.5608912382416845,3.476947359440469,2.8054416705901417,3.291361397808574,0.1909985117519565,2.9529093593553717,2.2641491767982065},fitness=net.sf.jclec.fitness.SimpleValueFitness@53bd815b[value=591.9176905502862]]
Average fitness = 551.4914486628822
Fitness variance = 2947.2151376863476
Generation 10 Report
Best individual: net.sf.jclec.realarray.RealArrayIndividual@4ca8195f[genotype={0.6689907356842175,0.10084270275318888,1.83521040519228,1.1485965588830787,1.0456715539341412,2.160316867406283,0.8295333009095134,0.739632968488596,5.06961820630946,2.048028946908519,0.0,0.0,1.0037579069354001,4.503833324172951,1.9415337291660597,2.7597053886003433,0.792343688149951,4.108266722648445,1.1518254641720453,0.4446920364556441,2.249752174267728,0.5142706929377411,4.236361754967727,2.152914591440646,1.3079281022440519,2.8316538724230615,0.8569231743728948,2.564114045857835,3.3304787607576034,0.9244690181095191},fitness=net.sf.jclec.fitness.SimpleValueFitness@61baa894[value=362.9268792727296]]
Worst individual: net.sf.jclec.realarray.RealArrayIndividual@4ca8195f[genotype={0.6689907356842175,0.10084270275318888,1.83521040519228,1.1485965588830787,1.0456715539341412,2.160316867406283,0.8295333009095134,0.739632968488596,5.06961820630946,2.048028946908519,0.0,0.0,1.0037579069354001,4.503833324172951,1.9415337291660597,2.7597053886003433,0.792343688149951,4.108266722648445,1.1518254641720453,0.4446920364556441,2.249752174267728,0.5142706929377411,4.236361754967727,2.152914591440646,1.3079281022440519,2.8316538724230615,0.8569231743728948,2.564114045857835,3.3304787607576034,0.9244690181095191},fitness=net.sf.jclec.fitness.SimpleValueFitness@61baa894[value=362.9268792727296]]
Median individual: net.sf.jclec.realarray.RealArrayIndividual@4ca8195f[genotype={0.6689907356842175,0.10084270275318888,1.83521040519228,1.1485965588830787,1.0456715539341412,2.160316867406283,0.8295333009095134,0.739632968488596,5.06961820630946,2.048028946908519,0.0,0.0,1.0037579069354001,4.503833324172951,1.9415337291660597,2.7597053886003433,0.792343688149951,4.108266722648445,1.1518254641720453,0.4446920364556441,2.249752174267728,0.5142706929377411,4.236361754967727,2.152914591440646,1.3079281022440519,2.8316538724230615,0.8569231743728948,2.564114045857835,3.3304787607576034,0.9244690181095191},fitness=net.sf.jclec.fitness.SimpleValueFitness@61baa894[value=362.9268792727296]]
Average fitness = 362.9268792727296
Fitness variance = 0.0
Generation 20 Report
Best individual: net.sf.jclec.realarray.RealArrayIndividual@b065c63[genotype={0.6689907356842175,0.10084270275318888,1.83521040519228,1.1485965588830787,1.0456715539341412,2.160316867406283,0.8295333009095134,0.739632968488596,5.06961820630946,2.048028946908519,0.0,0.0,1.0037579069354001,4.503833324172951,1.9415337291660597,2.7597053886003433,0.792343688149951,4.108266722648445,1.0561202967083747,0.4446920364556441,1.7536677420414954,0.5142706929377411,4.236361754967727,2.152914591440646,1.3079281022440519,2.8316538724230615,0.8569231743728948,2.564114045857835,3.3304787607576034,0.9244690181095191},fitness=net.sf.jclec.fitness.SimpleValueFitness@490d6c15[value=356.9146188159282]]
Worst individual: net.sf.jclec.realarray.RealArrayIndividual@b065c63[genotype={0.6689907356842175,0.10084270275318888,1.83521040519228,1.1485965588830787,1.0456715539341412,2.160316867406283,0.8295333009095134,0.739632968488596,5.06961820630946,2.048028946908519,0.0,0.0,1.0037579069354001,4.503833324172951,1.9415337291660597,2.7597053886003433,0.792343688149951,4.108266722648445,1.0561202967083747,0.4446920364556441,1.7536677420414954,0.5142706929377411,4.236361754967727,2.152914591440646,1.3079281022440519,2.8316538724230615,0.8569231743728948,2.564114045857835,3.3304787607576034,0.9244690181095191},fitness=net.sf.jclec.fitness.SimpleValueFitness@490d6c15[value=356.9146188159282]]
Median individual: net.sf.jclec.realarray.RealArrayIndividual@b065c63[genotype={0.6689907356842175,0.10084270275318888,1.83521040519228,1.1485965588830787,1.0456715539341412,2.160316867406283,0.8295333009095134,0.739632968488596,5.06961820630946,2.048028946908519,0.0,0.0,1.0037579069354001,4.503833324172951,1.9415337291660597,2.7597053886003433,0.792343688149951,4.108266722648445,1.0561202967083747,0.4446920364556441,1.7536677420414954,0.5142706929377411,4.236361754967727,2.152914591440646,1.3079281022440519,2.8316538724230615,0.8569231743728948,2.564114045857835,3.3304787607576034,0.9244690181095191},fitness=net.sf.jclec.fitness.SimpleValueFitness@490d6c15[value=356.9146188159282]]
Average fitness = 356.9146188159282
Fitness variance = 0.0
Generation 30 Report
Best individual: net.sf.jclec.realarray.RealArrayIndividual@7d4793a8[genotype={0.6689907356842175,0.10084270275318888,1.83521040519228,1.1485965588830787,1.0456715539341412,2.160316867406283,0.8295333009095134,0.739632968488596,5.06961820630946,2.048028946908519,0.0,0.0,1.0037579069354001,4.503833324172951,1.9415337291660597,2.7597053886003433,0.792343688149951,4.108266722648445,1.0561202967083747,0.4446920364556441,1.7536677420414954,0.5142706929377411,4.236361754967727,2.152914591440646,1.3079281022440519,2.8316538724230615,0.8569231743728948,2.564114045857835,3.3304787607576034,0.9244690181095191},fitness=net.sf.jclec.fitness.SimpleValueFitness@5479e3f[value=356.9146188159282]]
Worst individual: net.sf.jclec.realarray.RealArrayIndividual@7d4793a8[genotype={0.6689907356842175,0.10084270275318888,1.83521040519228,1.1485965588830787,1.0456715539341412,2.160316867406283,0.8295333009095134,0.739632968488596,5.06961820630946,2.048028946908519,0.0,0.0,1.0037579069354001,4.503833324172951,1.9415337291660597,2.7597053886003433,0.792343688149951,4.108266722648445,1.0561202967083747,0.4446920364556441,1.7536677420414954,0.5142706929377411,4.236361754967727,2.152914591440646,1.3079281022440519,2.8316538724230615,0.8569231743728948,2.564114045857835,3.3304787607576034,0.9244690181095191},fitness=net.sf.jclec.fitness.SimpleValueFitness@5479e3f[value=356.9146188159282]]
Median individual: net.sf.jclec.realarray.RealArrayIndividual@7d4793a8[genotype={0.6689907356842175,0.10084270275318888,1.83521040519228,1.1485965588830787,1.0456715539341412,2.160316867406283,0.8295333009095134,0.739632968488596,5.06961820630946,2.048028946908519,0.0,0.0,1.0037579069354001,4.503833324172951,1.9415337291660597,2.7597053886003433,0.792343688149951,4.108266722648445,1.0561202967083747,0.4446920364556441,1.7536677420414954,0.5142706929377411,4.236361754967727,2.152914591440646,1.3079281022440519,2.8316538724230615,0.8569231743728948,2.564114045857835,3.3304787607576034,0.9244690181095191},fitness=net.sf.jclec.fitness.SimpleValueFitness@5479e3f[value=356.9146188159282]]
Average fitness = 356.9146188159282
Fitness variance = 0.0
Generation 40 Report
Best individual: net.sf.jclec.realarray.RealArrayIndividual@27082746[genotype={0.6689907356842175,0.10084270275318888,1.83521040519228,1.1485965588830787,1.0456715539341412,2.160316867406283,0.8295333009095134,0.739632968488596,5.06961820630946,2.048028946908519,0.0,0.0,1.0037579069354001,4.503833324172951,1.9415337291660597,2.7597053886003433,0.792343688149951,4.108266722648445,1.0561202967083747,0.4446920364556441,1.7536677420414954,0.5142706929377411,4.236361754967727,2.152914591440646,1.3079281022440519,2.8316538724230615,0.8569231743728948,2.564114045857835,3.3304787607576034,0.9244690181095191},fitness=net.sf.jclec.fitness.SimpleValueFitness@7bfcd12c[value=356.9146188159282]]
Worst individual: net.sf.jclec.realarray.RealArrayIndividual@27082746[genotype={0.6689907356842175,0.10084270275318888,1.83521040519228,1.1485965588830787,1.0456715539341412,2.160316867406283,0.8295333009095134,0.739632968488596,5.06961820630946,2.048028946908519,0.0,0.0,1.0037579069354001,4.503833324172951,1.9415337291660597,2.7597053886003433,0.792343688149951,4.108266722648445,1.0561202967083747,0.4446920364556441,1.7536677420414954,0.5142706929377411,4.236361754967727,2.152914591440646,1.3079281022440519,2.8316538724230615,0.8569231743728948,2.564114045857835,3.3304787607576034,0.9244690181095191},fitness=net.sf.jclec.fitness.SimpleValueFitness@7bfcd12c[value=356.9146188159282]]
Median individual: net.sf.jclec.realarray.RealArrayIndividual@27082746[genotype={0.6689907356842175,0.10084270275318888,1.83521040519228,1.1485965588830787,1.0456715539341412,2.160316867406283,0.8295333009095134,0.739632968488596,5.06961820630946,2.048028946908519,0.0,0.0,1.0037579069354001,4.503833324172951,1.9415337291660597,2.7597053886003433,0.792343688149951,4.108266722648445,1.0561202967083747,0.4446920364556441,1.7536677420414954,0.5142706929377411,4.236361754967727,2.152914591440646,1.3079281022440519,2.8316538724230615,0.8569231743728948,2.564114045857835,3.3304787607576034,0.9244690181095191},fitness=net.sf.jclec.fitness.SimpleValueFitness@7bfcd12c[value=356.9146188159282]]
Average fitness = 356.9146188159282
Fitness variance = 0.0
Generation 50 Report
Best individual: net.sf.jclec.realarray.RealArrayIndividual@42f30e0a[genotype={0.6689907356842175,0.10084270275318888,1.83521040519228,1.1485965588830787,1.0456715539341412,2.160316867406283,0.8295333009095134,0.739632968488596,5.06961820630946,2.048028946908519,0.0,0.0,1.0037579069354001,4.503833324172951,1.9415337291660597,2.7597053886003433,0.792343688149951,4.108266722648445,1.0561202967083747,0.4446920364556441,1.7536677420414954,0.5142706929377411,4.236361754967727,2.152914591440646,1.3079281022440519,2.8316538724230615,0.8569231743728948,2.564114045857835,3.3304787607576034,0.9244690181095191},fitness=net.sf.jclec.fitness.SimpleValueFitness@5b1d2887[value=356.9146188159282]]
Worst individual: net.sf.jclec.realarray.RealArrayIndividual@42f30e0a[genotype={0.6689907356842175,0.10084270275318888,1.83521040519228,1.1485965588830787,1.0456715539341412,2.160316867406283,0.8295333009095134,0.739632968488596,5.06961820630946,2.048028946908519,0.0,0.0,1.0037579069354001,4.503833324172951,1.9415337291660597,2.7597053886003433,0.792343688149951,4.108266722648445,1.0561202967083747,0.4446920364556441,1.7536677420414954,0.5142706929377411,4.236361754967727,2.152914591440646,1.3079281022440519,2.8316538724230615,0.8569231743728948,2.564114045857835,3.3304787607576034,0.9244690181095191},fitness=net.sf.jclec.fitness.SimpleValueFitness@5b1d2887[value=356.9146188159282]]
Median individual: net.sf.jclec.realarray.RealArrayIndividual@42f30e0a[genotype={0.6689907356842175,0.10084270275318888,1.83521040519228,1.1485965588830787,1.0456715539341412,2.160316867406283,0.8295333009095134,0.739632968488596,5.06961820630946,2.048028946908519,0.0,0.0,1.0037579069354001,4.503833324172951,1.9415337291660597,2.7597053886003433,0.792343688149951,4.108266722648445,1.0561202967083747,0.4446920364556441,1.7536677420414954,0.5142706929377411,4.236361754967727,2.152914591440646,1.3079281022440519,2.8316538724230615,0.8569231743728948,2.564114045857835,3.3304787607576034,0.9244690181095191},fitness=net.sf.jclec.fitness.SimpleValueFitness@5b1d2887[value=356.9146188159282]]
Average fitness = 356.9146188159282
Fitness variance = 0.0
Generation 60 Report
Best individual: net.sf.jclec.realarray.RealArrayIndividual@46f5f779[genotype={0.6689907356842175,0.10084270275318888,1.83521040519228,1.1485965588830787,1.0456715539341412,2.160316867406283,0.8295333009095134,0.739632968488596,5.06961820630946,2.048028946908519,0.0,0.0,1.0037579069354001,4.503833324172951,1.9415337291660597,2.7597053886003433,0.792343688149951,4.108266722648445,1.0561202967083747,0.4446920364556441,1.7536677420414954,0.5142706929377411,4.236361754967727,2.152914591440646,1.3079281022440519,2.8316538724230615,0.8569231743728948,2.564114045857835,3.3304787607576034,0.9244690181095191},fitness=net.sf.jclec.fitness.SimpleValueFitness@18e8568[value=356.9146188159282]]
Worst individual: net.sf.jclec.realarray.RealArrayIndividual@46f5f779[genotype={0.6689907356842175,0.10084270275318888,1.83521040519228,1.1485965588830787,1.0456715539341412,2.160316867406283,0.8295333009095134,0.739632968488596,5.06961820630946,2.048028946908519,0.0,0.0,1.0037579069354001,4.503833324172951,1.9415337291660597,2.7597053886003433,0.792343688149951,4.108266722648445,1.0561202967083747,0.4446920364556441,1.7536677420414954,0.5142706929377411,4.236361754967727,2.152914591440646,1.3079281022440519,2.8316538724230615,0.8569231743728948,2.564114045857835,3.3304787607576034,0.9244690181095191},fitness=net.sf.jclec.fitness.SimpleValueFitness@18e8568[value=356.9146188159282]]
Median individual: net.sf.jclec.realarray.RealArrayIndividual@46f5f779[genotype={0.6689907356842175,0.10084270275318888,1.83521040519228,1.1485965588830787,1.0456715539341412,2.160316867406283,0.8295333009095134,0.739632968488596,5.06961820630946,2.048028946908519,0.0,0.0,1.0037579069354001,4.503833324172951,1.9415337291660597,2.7597053886003433,0.792343688149951,4.108266722648445,1.0561202967083747,0.4446920364556441,1.7536677420414954,0.5142706929377411,4.236361754967727,2.152914591440646,1.3079281022440519,2.8316538724230615,0.8569231743728948,2.564114045857835,3.3304787607576034,0.9244690181095191},fitness=net.sf.jclec.fitness.SimpleValueFitness@18e8568[value=356.9146188159282]]
Average fitness = 356.9146188159282
Fitness variance = 0.0
Generation 70 Report
Best individual: net.sf.jclec.realarray.RealArrayIndividual@33e5ccce[genotype={0.6689907356842175,0.10084270275318888,1.83521040519228,1.1485965588830787,1.0456715539341412,2.160316867406283,0.8295333009095134,0.739632968488596,5.06961820630946,2.048028946908519,0.0,0.0,1.0037579069354001,4.503833324172951,1.9415337291660597,2.7597053886003433,0.792343688149951,4.108266722648445,1.0561202967083747,0.4446920364556441,1.7536677420414954,0.5142706929377411,4.236361754967727,2.152914591440646,1.3079281022440519,2.8316538724230615,0.8559400581416918,2.564114045857835,3.3144980386433796,0.9244690181095191},fitness=net.sf.jclec.fitness.SimpleValueFitness@270421f5[value=355.95384795157526]]
Worst individual: net.sf.jclec.realarray.RealArrayIndividual@33e5ccce[genotype={0.6689907356842175,0.10084270275318888,1.83521040519228,1.1485965588830787,1.0456715539341412,2.160316867406283,0.8295333009095134,0.739632968488596,5.06961820630946,2.048028946908519,0.0,0.0,1.0037579069354001,4.503833324172951,1.9415337291660597,2.7597053886003433,0.792343688149951,4.108266722648445,1.0561202967083747,0.4446920364556441,1.7536677420414954,0.5142706929377411,4.236361754967727,2.152914591440646,1.3079281022440519,2.8316538724230615,0.8559400581416918,2.564114045857835,3.3144980386433796,0.9244690181095191},fitness=net.sf.jclec.fitness.SimpleValueFitness@270421f5[value=355.95384795157526]]
Median individual: net.sf.jclec.realarray.RealArrayIndividual@33e5ccce[genotype={0.6689907356842175,0.10084270275318888,1.83521040519228,1.1485965588830787,1.0456715539341412,2.160316867406283,0.8295333009095134,0.739632968488596,5.06961820630946,2.048028946908519,0.0,0.0,1.0037579069354001,4.503833324172951,1.9415337291660597,2.7597053886003433,0.792343688149951,4.108266722648445,1.0561202967083747,0.4446920364556441,1.7536677420414954,0.5142706929377411,4.236361754967727,2.152914591440646,1.3079281022440519,2.8316538724230615,0.8559400581416918,2.564114045857835,3.3144980386433796,0.9244690181095191},fitness=net.sf.jclec.fitness.SimpleValueFitness@270421f5[value=355.95384795157526]]
Average fitness = 355.95384795157526
Fitness variance = 0.0
Generation 80 Report
Best individual: net.sf.jclec.realarray.RealArrayIndividual@52d455b8[genotype={0.6689907356842175,0.10084270275318888,1.8359752200634225,1.1485965588830787,1.0456715539341412,2.160316867406283,0.8295333009095134,0.739632968488596,5.06961820630946,2.048028946908519,0.0,0.0,1.0037579069354001,4.503833324172951,1.9415337291660597,2.7597053886003433,0.792343688149951,4.108266722648445,1.0561202967083747,0.4446920364556441,1.7536677420414954,0.5142706929377411,4.236361754967727,2.152914591440646,1.3079281022440519,2.8316538724230615,0.8559400581416918,2.564114045857835,3.3144980386433796,0.9244690181095191},fitness=net.sf.jclec.fitness.SimpleValueFitness@18ef96[value=355.91538443914504]]
Worst individual: net.sf.jclec.realarray.RealArrayIndividual@52d455b8[genotype={0.6689907356842175,0.10084270275318888,1.8359752200634225,1.1485965588830787,1.0456715539341412,2.160316867406283,0.8295333009095134,0.739632968488596,5.06961820630946,2.048028946908519,0.0,0.0,1.0037579069354001,4.503833324172951,1.9415337291660597,2.7597053886003433,0.792343688149951,4.108266722648445,1.0561202967083747,0.4446920364556441,1.7536677420414954,0.5142706929377411,4.236361754967727,2.152914591440646,1.3079281022440519,2.8316538724230615,0.8559400581416918,2.564114045857835,3.3144980386433796,0.9244690181095191},fitness=net.sf.jclec.fitness.SimpleValueFitness@18ef96[value=355.91538443914504]]
Median individual: net.sf.jclec.realarray.RealArrayIndividual@52d455b8[genotype={0.6689907356842175,0.10084270275318888,1.8359752200634225,1.1485965588830787,1.0456715539341412,2.160316867406283,0.8295333009095134,0.739632968488596,5.06961820630946,2.048028946908519,0.0,0.0,1.0037579069354001,4.503833324172951,1.9415337291660597,2.7597053886003433,0.792343688149951,4.108266722648445,1.0561202967083747,0.4446920364556441,1.7536677420414954,0.5142706929377411,4.236361754967727,2.152914591440646,1.3079281022440519,2.8316538724230615,0.8559400581416918,2.564114045857835,3.3144980386433796,0.9244690181095191},fitness=net.sf.jclec.fitness.SimpleValueFitness@18ef96[value=355.91538443914504]]
Average fitness = 355.91538443914504
Fitness variance = 0.0
Generation 90 Report
Best individual: net.sf.jclec.realarray.RealArrayIndividual@6956de9[genotype={0.6689907356842175,0.10084270275318888,1.8359752200634225,1.1485965588830787,1.0460160598618982,2.160316867406283,0.8295333009095134,0.739632968488596,5.06961820630946,2.048028946908519,0.0,0.0,1.0037579069354001,4.503833324172951,1.9415337291660597,2.7597053886003433,0.792343688149951,4.108266722648445,1.0561202967083747,0.4446920364556441,1.7541377099616577,0.5142706929377411,4.236361754967727,2.152914591440646,1.3079281022440519,2.8316538724230615,0.8559400581416918,2.564114045857835,3.3144980386433796,0.9244690181095191},fitness=net.sf.jclec.fitness.SimpleValueFitness@6aceb1a5[value=355.89438267226404]]
Worst individual: net.sf.jclec.realarray.RealArrayIndividual@6956de9[genotype={0.6689907356842175,0.10084270275318888,1.8359752200634225,1.1485965588830787,1.0460160598618982,2.160316867406283,0.8295333009095134,0.739632968488596,5.06961820630946,2.048028946908519,0.0,0.0,1.0037579069354001,4.503833324172951,1.9415337291660597,2.7597053886003433,0.792343688149951,4.108266722648445,1.0561202967083747,0.4446920364556441,1.7541377099616577,0.5142706929377411,4.236361754967727,2.152914591440646,1.3079281022440519,2.8316538724230615,0.8559400581416918,2.564114045857835,3.3144980386433796,0.9244690181095191},fitness=net.sf.jclec.fitness.SimpleValueFitness@6aceb1a5[value=355.89438267226404]]
Median individual: net.sf.jclec.realarray.RealArrayIndividual@6956de9[genotype={0.6689907356842175,0.10084270275318888,1.8359752200634225,1.1485965588830787,1.0460160598618982,2.160316867406283,0.8295333009095134,0.739632968488596,5.06961820630946,2.048028946908519,0.0,0.0,1.0037579069354001,4.503833324172951,1.9415337291660597,2.7597053886003433,0.792343688149951,4.108266722648445,1.0561202967083747,0.4446920364556441,1.7541377099616577,0.5142706929377411,4.236361754967727,2.152914591440646,1.3079281022440519,2.8316538724230615,0.8559400581416918,2.564114045857835,3.3144980386433796,0.9244690181095191},fitness=net.sf.jclec.fitness.SimpleValueFitness@6aceb1a5[value=355.89438267226404]]
Average fitness = 355.89438267226404
Fitness variance = 0.0
Generation 100 Report
Best individual: net.sf.jclec.realarray.RealArrayIndividual@2d6d8735[genotype={0.6689907356842175,0.10084270275318888,1.8359752200634225,1.1485965588830787,1.0460160598618982,2.160316867406283,0.8295333009095134,0.739632968488596,5.06961820630946,2.048028946908519,0.0,0.0,1.0037579069354001,4.503833324172951,1.9415337291660597,2.7597053886003433,0.792343688149951,4.108266722648445,1.0561202967083747,0.4446920364556441,1.7541377099616577,0.5142706929377411,4.236361754967727,2.152914591440646,1.3079281022440519,2.8316538724230615,0.8559400581416918,2.564114045857835,3.3144980386433796,0.9244690181095191},fitness=net.sf.jclec.fitness.SimpleValueFitness@12bc6874[value=355.89438267226404]]
Worst individual: net.sf.jclec.realarray.RealArrayIndividual@2d6d8735[genotype={0.6689907356842175,0.10084270275318888,1.8359752200634225,1.1485965588830787,1.0460160598618982,2.160316867406283,0.8295333009095134,0.739632968488596,5.06961820630946,2.048028946908519,0.0,0.0,1.0037579069354001,4.503833324172951,1.9415337291660597,2.7597053886003433,0.792343688149951,4.108266722648445,1.0561202967083747,0.4446920364556441,1.7541377099616577,0.5142706929377411,4.236361754967727,2.152914591440646,1.3079281022440519,2.8316538724230615,0.8559400581416918,2.564114045857835,3.3144980386433796,0.9244690181095191},fitness=net.sf.jclec.fitness.SimpleValueFitness@12bc6874[value=355.89438267226404]]
Median individual: net.sf.jclec.realarray.RealArrayIndividual@2d6d8735[genotype={0.6689907356842175,0.10084270275318888,1.8359752200634225,1.1485965588830787,1.0460160598618982,2.160316867406283,0.8295333009095134,0.739632968488596,5.06961820630946,2.048028946908519,0.0,0.0,1.0037579069354001,4.503833324172951,1.9415337291660597,2.7597053886003433,0.792343688149951,4.108266722648445,1.0561202967083747,0.4446920364556441,1.7541377099616577,0.5142706929377411,4.236361754967727,2.152914591440646,1.3079281022440519,2.8316538724230615,0.8559400581416918,2.564114045857835,3.3144980386433796,0.9244690181095191},fitness=net.sf.jclec.fitness.SimpleValueFitness@12bc6874[value=355.89438267226404]]
Average fitness = 355.89438267226404
Fitness variance = 0.0
Generation 110 Report
Best individual: net.sf.jclec.realarray.RealArrayIndividual@de0a01f[genotype={0.6689907356842175,0.10084270275318888,1.8359752200634225,1.1485965588830787,1.0460160598618982,2.160316867406283,0.8295333009095134,0.739632968488596,5.06961820630946,2.048028879996367,0.0,0.0,1.0037579069354001,4.503833324172951,1.9415337291660597,2.7597053886003433,0.792343688149951,4.108266722648445,1.0561202967083747,0.4446920364556441,1.7541377099616577,0.5142706929377411,4.236361754967727,2.152914591440646,1.3079281022440519,2.8316538724230615,0.8559400581416918,2.564114045857835,3.3144980386433796,0.9244690181095191},fitness=net.sf.jclec.fitness.SimpleValueFitness@1ef7fe8e[value=355.89438114863214]]
Worst individual: net.sf.jclec.realarray.RealArrayIndividual@de0a01f[genotype={0.6689907356842175,0.10084270275318888,1.8359752200634225,1.1485965588830787,1.0460160598618982,2.160316867406283,0.8295333009095134,0.739632968488596,5.06961820630946,2.048028879996367,0.0,0.0,1.0037579069354001,4.503833324172951,1.9415337291660597,2.7597053886003433,0.792343688149951,4.108266722648445,1.0561202967083747,0.4446920364556441,1.7541377099616577,0.5142706929377411,4.236361754967727,2.152914591440646,1.3079281022440519,2.8316538724230615,0.8559400581416918,2.564114045857835,3.3144980386433796,0.9244690181095191},fitness=net.sf.jclec.fitness.SimpleValueFitness@1ef7fe8e[value=355.89438114863214]]
Median individual: net.sf.jclec.realarray.RealArrayIndividual@de0a01f[genotype={0.6689907356842175,0.10084270275318888,1.8359752200634225,1.1485965588830787,1.0460160598618982,2.160316867406283,0.8295333009095134,0.739632968488596,5.06961820630946,2.048028879996367,0.0,0.0,1.0037579069354001,4.503833324172951,1.9415337291660597,2.7597053886003433,0.792343688149951,4.108266722648445,1.0561202967083747,0.4446920364556441,1.7541377099616577,0.5142706929377411,4.236361754967727,2.152914591440646,1.3079281022440519,2.8316538724230615,0.8559400581416918,2.564114045857835,3.3144980386433796,0.9244690181095191},fitness=net.sf.jclec.fitness.SimpleValueFitness@1ef7fe8e[value=355.89438114863214]]
Average fitness = 355.89438114863214
Fitness variance = 0.0
Generation 120 Report
Best individual: net.sf.jclec.realarray.RealArrayIndividual@6f79caec[genotype={0.6689907356842175,0.10084270275318888,1.8359752200634225,1.1485965588830787,1.0460160598618982,2.160316867406283,0.8295333009095134,0.739632968488596,5.06961820630946,2.048028879996367,0.0,0.0,1.0037579069354001,4.503833324172951,1.9415337291660597,2.7597053886003433,0.792343688149951,4.108266722648445,1.0561202967083747,0.4446920364556441,1.7541377099616577,0.5142706929377411,4.236361754967727,2.152914591440646,1.3079281022440519,2.8316538724230615,0.8559905784570859,2.564114045857835,3.3144980386433796,0.9244690181095191},fitness=net.sf.jclec.fitness.SimpleValueFitness@5d3411d[value=355.8919713049933]]
Worst individual: net.sf.jclec.realarray.RealArrayIndividual@6f79caec[genotype={0.6689907356842175,0.10084270275318888,1.8359752200634225,1.1485965588830787,1.0460160598618982,2.160316867406283,0.8295333009095134,0.739632968488596,5.06961820630946,2.048028879996367,0.0,0.0,1.0037579069354001,4.503833324172951,1.9415337291660597,2.7597053886003433,0.792343688149951,4.108266722648445,1.0561202967083747,0.4446920364556441,1.7541377099616577,0.5142706929377411,4.236361754967727,2.152914591440646,1.3079281022440519,2.8316538724230615,0.8559905784570859,2.564114045857835,3.3144980386433796,0.9244690181095191},fitness=net.sf.jclec.fitness.SimpleValueFitness@5d3411d[value=355.8919713049933]]
Median individual: net.sf.jclec.realarray.RealArrayIndividual@6f79caec[genotype={0.6689907356842175,0.10084270275318888,1.8359752200634225,1.1485965588830787,1.0460160598618982,2.160316867406283,0.8295333009095134,0.739632968488596,5.06961820630946,2.048028879996367,0.0,0.0,1.0037579069354001,4.503833324172951,1.9415337291660597,2.7597053886003433,0.792343688149951,4.108266722648445,1.0561202967083747,0.4446920364556441,1.7541377099616577,0.5142706929377411,4.236361754967727,2.152914591440646,1.3079281022440519,2.8316538724230615,0.8559905784570859,2.564114045857835,3.3144980386433796,0.9244690181095191},fitness=net.sf.jclec.fitness.SimpleValueFitness@5d3411d[value=355.8919713049933]]
Average fitness = 355.8919713049933
Fitness variance = 0.0
Generation 130 Report
Best individual: net.sf.jclec.realarray.RealArrayIndividual@2471cca7[genotype={0.6689907356842175,0.10084270275318888,1.8359752200634225,1.1485965588830787,1.0460160598618982,2.160316867406283,0.8295333009095134,0.739632968488596,5.06961820630946,2.048028879996367,0.0,0.0,1.0037579069354001,4.503833324172951,1.9415337291660597,2.7597053886003433,0.792343688149951,4.108266722648445,1.0561202967083747,0.4446920364556441,1.7541377099616577,0.5142706929377411,4.236361754967727,2.152914591440646,1.3079281022440519,2.8316538724230615,0.8559905784570859,2.564114045857835,3.3144980386433796,0.9244690181095191},fitness=net.sf.jclec.fitness.SimpleValueFitness@6979e8cb[value=355.8919713049933]]
Worst individual: net.sf.jclec.realarray.RealArrayIndividual@2471cca7[genotype={0.6689907356842175,0.10084270275318888,1.8359752200634225,1.1485965588830787,1.0460160598618982,2.160316867406283,0.8295333009095134,0.739632968488596,5.06961820630946,2.048028879996367,0.0,0.0,1.0037579069354001,4.503833324172951,1.9415337291660597,2.7597053886003433,0.792343688149951,4.108266722648445,1.0561202967083747,0.4446920364556441,1.7541377099616577,0.5142706929377411,4.236361754967727,2.152914591440646,1.3079281022440519,2.8316538724230615,0.8559905784570859,2.564114045857835,3.3144980386433796,0.9244690181095191},fitness=net.sf.jclec.fitness.SimpleValueFitness@6979e8cb[value=355.8919713049933]]
Median individual: net.sf.jclec.realarray.RealArrayIndividual@2471cca7[genotype={0.6689907356842175,0.10084270275318888,1.8359752200634225,1.1485965588830787,1.0460160598618982,2.160316867406283,0.8295333009095134,0.739632968488596,5.06961820630946,2.048028879996367,0.0,0.0,1.0037579069354001,4.503833324172951,1.9415337291660597,2.7597053886003433,0.792343688149951,4.108266722648445,1.0561202967083747,0.4446920364556441,1.7541377099616577,0.5142706929377411,4.236361754967727,2.152914591440646,1.3079281022440519,2.8316538724230615,0.8559905784570859,2.564114045857835,3.3144980386433796,0.9244690181095191},fitness=net.sf.jclec.fitness.SimpleValueFitness@6979e8cb[value=355.8919713049933]]
Average fitness = 355.8919713049933
Fitness variance = 0.0
Generation 140 Report
Best individual: net.sf.jclec.realarray.RealArrayIndividual@763d9750[genotype={0.6689907356842175,0.10084270275318888,1.8359752200634225,1.1485965588830787,1.0460160598618982,2.160316867406283,0.8295333009095134,0.739632968488596,5.06961820630946,2.048028879996367,0.0,0.0,1.0037579069354001,4.503833324172951,1.9490869780790436,2.7597053886003433,0.792343688149951,4.108266722648445,1.0561202967083747,0.4446920364556441,1.7541377099616577,0.5142706929377411,4.236361754967727,2.152914591440646,1.3079281022440519,2.8316538724230615,0.8559905784570859,2.564114045857835,3.3144980386433796,0.9244690181095191},fitness=net.sf.jclec.fitness.SimpleValueFitness@2be94b0f[value=355.76148436494447]]
Worst individual: net.sf.jclec.realarray.RealArrayIndividual@763d9750[genotype={0.6689907356842175,0.10084270275318888,1.8359752200634225,1.1485965588830787,1.0460160598618982,2.160316867406283,0.8295333009095134,0.739632968488596,5.06961820630946,2.048028879996367,0.0,0.0,1.0037579069354001,4.503833324172951,1.9490869780790436,2.7597053886003433,0.792343688149951,4.108266722648445,1.0561202967083747,0.4446920364556441,1.7541377099616577,0.5142706929377411,4.236361754967727,2.152914591440646,1.3079281022440519,2.8316538724230615,0.8559905784570859,2.564114045857835,3.3144980386433796,0.9244690181095191},fitness=net.sf.jclec.fitness.SimpleValueFitness@2be94b0f[value=355.76148436494447]]
Median individual: net.sf.jclec.realarray.RealArrayIndividual@763d9750[genotype={0.6689907356842175,0.10084270275318888,1.8359752200634225,1.1485965588830787,1.0460160598618982,2.160316867406283,0.8295333009095134,0.739632968488596,5.06961820630946,2.048028879996367,0.0,0.0,1.0037579069354001,4.503833324172951,1.9490869780790436,2.7597053886003433,0.792343688149951,4.108266722648445,1.0561202967083747,0.4446920364556441,1.7541377099616577,0.5142706929377411,4.236361754967727,2.152914591440646,1.3079281022440519,2.8316538724230615,0.8559905784570859,2.564114045857835,3.3144980386433796,0.9244690181095191},fitness=net.sf.jclec.fitness.SimpleValueFitness@2be94b0f[value=355.76148436494447]]
Average fitness = 355.76148436494447
Fitness variance = 0.0
Generation 150 Report
Best individual: net.sf.jclec.realarray.RealArrayIndividual@d70c109[genotype={0.6689907356842175,0.10084270275318888,1.8359752200634225,1.1485965588830787,1.0460160598618982,2.160316867406283,0.8295333009095134,0.739632968488596,5.06961820630946,2.048028879996367,0.0,0.0,1.0037579069354001,4.503833324172951,1.9490869780790436,2.7597053886003433,0.792343688149951,4.108266722648445,1.0561202967083747,0.4446920364556441,1.7541377099616577,0.5142706929377411,4.236361754967727,2.152914591440646,1.3079281022440519,2.8316538724230615,0.8559905784570859,2.564114045857835,3.3144980386433796,0.9244690181095191},fitness=net.sf.jclec.fitness.SimpleValueFitness@50675690[value=355.76148436494447]]
Worst individual: net.sf.jclec.realarray.RealArrayIndividual@d70c109[genotype={0.6689907356842175,0.10084270275318888,1.8359752200634225,1.1485965588830787,1.0460160598618982,2.160316867406283,0.8295333009095134,0.739632968488596,5.06961820630946,2.048028879996367,0.0,0.0,1.0037579069354001,4.503833324172951,1.9490869780790436,2.7597053886003433,0.792343688149951,4.108266722648445,1.0561202967083747,0.4446920364556441,1.7541377099616577,0.5142706929377411,4.236361754967727,2.152914591440646,1.3079281022440519,2.8316538724230615,0.8559905784570859,2.564114045857835,3.3144980386433796,0.9244690181095191},fitness=net.sf.jclec.fitness.SimpleValueFitness@50675690[value=355.76148436494447]]
Median individual: net.sf.jclec.realarray.RealArrayIndividual@d70c109[genotype={0.6689907356842175,0.10084270275318888,1.8359752200634225,1.1485965588830787,1.0460160598618982,2.160316867406283,0.8295333009095134,0.739632968488596,5.06961820630946,2.048028879996367,0.0,0.0,1.0037579069354001,4.503833324172951,1.9490869780790436,2.7597053886003433,0.792343688149951,4.108266722648445,1.0561202967083747,0.4446920364556441,1.7541377099616577,0.5142706929377411,4.236361754967727,2.152914591440646,1.3079281022440519,2.8316538724230615,0.8559905784570859,2.564114045857835,3.3144980386433796,0.9244690181095191},fitness=net.sf.jclec.fitness.SimpleValueFitness@50675690[value=355.76148436494447]]
Average fitness = 355.76148436494447
Fitness variance = 0.0
Generation 160 Report
Best individual: net.sf.jclec.realarray.RealArrayIndividual@31b7dea0[genotype={0.6689907356842175,0.10084270275318888,1.8359752200634225,1.1485965588830787,1.0460160598618982,2.160316867406283,0.8295333009095134,0.739632968488596,5.06961820630946,2.048028879996367,0.0,0.0,1.0037579069354001,4.503833324172951,1.8525700367549582,2.934842748001361,0.792343688149951,4.108266722648445,1.0561202967083747,0.4446920364556441,1.7541377099616577,0.5142706929377411,4.236361754967727,2.217273451272348,1.3079281022440519,2.8316538724230615,0.8559905784570859,2.564114045857835,3.2012677312928246,0.9244690181095191},fitness=net.sf.jclec.fitness.SimpleValueFitness@47d384ee[value=347.58621859930156]]
Worst individual: net.sf.jclec.realarray.RealArrayIndividual@31b7dea0[genotype={0.6689907356842175,0.10084270275318888,1.8359752200634225,1.1485965588830787,1.0460160598618982,2.160316867406283,0.8295333009095134,0.739632968488596,5.06961820630946,2.048028879996367,0.0,0.0,1.0037579069354001,4.503833324172951,1.8525700367549582,2.934842748001361,0.792343688149951,4.108266722648445,1.0561202967083747,0.4446920364556441,1.7541377099616577,0.5142706929377411,4.236361754967727,2.217273451272348,1.3079281022440519,2.8316538724230615,0.8559905784570859,2.564114045857835,3.2012677312928246,0.9244690181095191},fitness=net.sf.jclec.fitness.SimpleValueFitness@47d384ee[value=347.58621859930156]]
Median individual: net.sf.jclec.realarray.RealArrayIndividual@31b7dea0[genotype={0.6689907356842175,0.10084270275318888,1.8359752200634225,1.1485965588830787,1.0460160598618982,2.160316867406283,0.8295333009095134,0.739632968488596,5.06961820630946,2.048028879996367,0.0,0.0,1.0037579069354001,4.503833324172951,1.8525700367549582,2.934842748001361,0.792343688149951,4.108266722648445,1.0561202967083747,0.4446920364556441,1.7541377099616577,0.5142706929377411,4.236361754967727,2.217273451272348,1.3079281022440519,2.8316538724230615,0.8559905784570859,2.564114045857835,3.2012677312928246,0.9244690181095191},fitness=net.sf.jclec.fitness.SimpleValueFitness@47d384ee[value=347.58621859930156]]
Average fitness = 347.58621859930156
Fitness variance = 0.0
Generation 170 Report
Best individual: net.sf.jclec.realarray.RealArrayIndividual@2d6a9952[genotype={0.6922103633267792,0.10084270275318888,1.8359752200634225,1.1485965588830787,1.0460160598618982,2.160316867406283,0.8295333009095134,0.739632968488596,5.061817027406734,2.048028879996367,0.0,0.0,1.0037579069354001,4.503833324172951,1.8525700367549582,2.934842748001361,0.792343688149951,4.108266722648445,1.0561202967083747,0.4446920364556441,1.7541377099616577,0.5142706929377411,4.236361754967727,2.5897457555746906,1.3079281022440519,2.8316538724230615,0.8559905784570859,3.0724665180937394,3.2012677312928246,0.9244690181095191},fitness=net.sf.jclec.fitness.SimpleValueFitness@3930015a[value=342.989647185208]]
Worst individual: net.sf.jclec.realarray.RealArrayIndividual@2d6a9952[genotype={0.6922103633267792,0.10084270275318888,1.8359752200634225,1.1485965588830787,1.0460160598618982,2.160316867406283,0.8295333009095134,0.739632968488596,5.061817027406734,2.048028879996367,0.0,0.0,1.0037579069354001,4.503833324172951,1.8525700367549582,2.934842748001361,0.792343688149951,4.108266722648445,1.0561202967083747,0.4446920364556441,1.7541377099616577,0.5142706929377411,4.236361754967727,2.5897457555746906,1.3079281022440519,2.8316538724230615,0.8559905784570859,3.0724665180937394,3.2012677312928246,0.9244690181095191},fitness=net.sf.jclec.fitness.SimpleValueFitness@3930015a[value=342.989647185208]]
Median individual: net.sf.jclec.realarray.RealArrayIndividual@2d6a9952[genotype={0.6922103633267792,0.10084270275318888,1.8359752200634225,1.1485965588830787,1.0460160598618982,2.160316867406283,0.8295333009095134,0.739632968488596,5.061817027406734,2.048028879996367,0.0,0.0,1.0037579069354001,4.503833324172951,1.8525700367549582,2.934842748001361,0.792343688149951,4.108266722648445,1.0561202967083747,0.4446920364556441,1.7541377099616577,0.5142706929377411,4.236361754967727,2.5897457555746906,1.3079281022440519,2.8316538724230615,0.8559905784570859,3.0724665180937394,3.2012677312928246,0.9244690181095191},fitness=net.sf.jclec.fitness.SimpleValueFitness@3930015a[value=342.989647185208]]
Average fitness = 342.989647185208
Fitness variance = 0.0
Generation 180 Report
Best individual: net.sf.jclec.realarray.RealArrayIndividual@629f0666[genotype={0.6922103633267792,0.10084270275318888,1.8359752200634225,1.1485965588830787,1.0460160598618982,2.160316867406283,0.8295333009095134,0.739632968488596,5.061817027406734,2.048028879996367,0.0,0.0,1.1972263242145436,4.503833324172951,1.8525700367549582,2.934842748001361,0.0,4.108266722648445,1.0561202967083747,0.4446920364556441,1.7541377099616577,0.5142706929377411,4.236361754967727,2.5897457555746906,0.0,2.8316538724230615,0.8559905784570859,2.959741558344641,3.2012677312928246,0.9244690181095191},fitness=net.sf.jclec.fitness.SimpleValueFitness@1ff8b8f[value=325.50755688866326]]
Worst individual: net.sf.jclec.realarray.RealArrayIndividual@629f0666[genotype={0.6922103633267792,0.10084270275318888,1.8359752200634225,1.1485965588830787,1.0460160598618982,2.160316867406283,0.8295333009095134,0.739632968488596,5.061817027406734,2.048028879996367,0.0,0.0,1.1972263242145436,4.503833324172951,1.8525700367549582,2.934842748001361,0.0,4.108266722648445,1.0561202967083747,0.4446920364556441,1.7541377099616577,0.5142706929377411,4.236361754967727,2.5897457555746906,0.0,2.8316538724230615,0.8559905784570859,2.959741558344641,3.2012677312928246,0.9244690181095191},fitness=net.sf.jclec.fitness.SimpleValueFitness@1ff8b8f[value=325.50755688866326]]
Median individual: net.sf.jclec.realarray.RealArrayIndividual@629f0666[genotype={0.6922103633267792,0.10084270275318888,1.8359752200634225,1.1485965588830787,1.0460160598618982,2.160316867406283,0.8295333009095134,0.739632968488596,5.061817027406734,2.048028879996367,0.0,0.0,1.1972263242145436,4.503833324172951,1.8525700367549582,2.934842748001361,0.0,4.108266722648445,1.0561202967083747,0.4446920364556441,1.7541377099616577,0.5142706929377411,4.236361754967727,2.5897457555746906,0.0,2.8316538724230615,0.8559905784570859,2.959741558344641,3.2012677312928246,0.9244690181095191},fitness=net.sf.jclec.fitness.SimpleValueFitness@1ff8b8f[value=325.50755688866326]]
Average fitness = 325.50755688866326
Fitness variance = 0.0
Generation 190 Report
Best individual: net.sf.jclec.realarray.RealArrayIndividual@387c703b[genotype={1.8985754494133702,0.10084270275318888,1.8359752200634225,1.1485965588830787,1.0460160598618982,2.160316867406283,0.8295333009095134,0.739632968488596,5.061817027406734,2.048028879996367,0.0,0.0,1.1972263242145436,4.503833324172951,1.8525700367549582,2.934842748001361,0.0,4.108266722648445,1.0561202967083747,0.4446920364556441,1.7262722037143117,0.5142706929377411,3.801024107263082,2.5897457555746906,0.0,2.8316538724230615,0.8559905784570859,2.959741558344641,3.2012677312928246,0.9244690181095191},fitness=net.sf.jclec.fitness.SimpleValueFitness@c39f790[value=312.89788917056217]]
Worst individual: net.sf.jclec.realarray.RealArrayIndividual@387c703b[genotype={1.8985754494133702,0.10084270275318888,1.8359752200634225,1.1485965588830787,1.0460160598618982,2.160316867406283,0.8295333009095134,0.739632968488596,5.061817027406734,2.048028879996367,0.0,0.0,1.1972263242145436,4.503833324172951,1.8525700367549582,2.934842748001361,0.0,4.108266722648445,1.0561202967083747,0.4446920364556441,1.7262722037143117,0.5142706929377411,3.801024107263082,2.5897457555746906,0.0,2.8316538724230615,0.8559905784570859,2.959741558344641,3.2012677312928246,0.9244690181095191},fitness=net.sf.jclec.fitness.SimpleValueFitness@c39f790[value=312.89788917056217]]
Median individual: net.sf.jclec.realarray.RealArrayIndividual@387c703b[genotype={1.8985754494133702,0.10084270275318888,1.8359752200634225,1.1485965588830787,1.0460160598618982,2.160316867406283,0.8295333009095134,0.739632968488596,5.061817027406734,2.048028879996367,0.0,0.0,1.1972263242145436,4.503833324172951,1.8525700367549582,2.934842748001361,0.0,4.108266722648445,1.0561202967083747,0.4446920364556441,1.7262722037143117,0.5142706929377411,3.801024107263082,2.5897457555746906,0.0,2.8316538724230615,0.8559905784570859,2.959741558344641,3.2012677312928246,0.9244690181095191},fitness=net.sf.jclec.fitness.SimpleValueFitness@c39f790[value=312.89788917056217]]
Average fitness = 312.89788917056217
Fitness variance = 0.0
Generation 200 Report
Best individual: net.sf.jclec.realarray.RealArrayIndividual@71e7a66b[genotype={1.8985754494133702,0.10084270275318888,0.0,1.1485965588830787,1.0460160598618982,2.160316867406283,0.0,0.739632968488596,5.061817027406734,2.048028879996367,0.0,0.0,1.1972263242145436,4.496560645196167,1.8525700367549582,2.934842748001361,0.0,4.067592957840823,1.0561202967083747,0.4446920364556441,1.7262722037143117,0.5142706929377411,3.801024107263082,2.5897457555746906,0.0,2.8316538724230615,0.8559905784570859,2.959741558344641,3.2012677312928246,0.9613929344798458},fitness=net.sf.jclec.fitness.SimpleValueFitness@5f150435[value=296.2961460343276]]
Worst individual: net.sf.jclec.realarray.RealArrayIndividual@71e7a66b[genotype={1.8985754494133702,0.10084270275318888,0.0,1.1485965588830787,1.0460160598618982,2.160316867406283,0.0,0.739632968488596,5.061817027406734,2.048028879996367,0.0,0.0,1.1972263242145436,4.496560645196167,1.8525700367549582,2.934842748001361,0.0,4.067592957840823,1.0561202967083747,0.4446920364556441,1.7262722037143117,0.5142706929377411,3.801024107263082,2.5897457555746906,0.0,2.8316538724230615,0.8559905784570859,2.959741558344641,3.2012677312928246,0.9613929344798458},fitness=net.sf.jclec.fitness.SimpleValueFitness@5f150435[value=296.2961460343276]]
Median individual: net.sf.jclec.realarray.RealArrayIndividual@71e7a66b[genotype={1.8985754494133702,0.10084270275318888,0.0,1.1485965588830787,1.0460160598618982,2.160316867406283,0.0,0.739632968488596,5.061817027406734,2.048028879996367,0.0,0.0,1.1972263242145436,4.496560645196167,1.8525700367549582,2.934842748001361,0.0,4.067592957840823,1.0561202967083747,0.4446920364556441,1.7262722037143117,0.5142706929377411,3.801024107263082,2.5897457555746906,0.0,2.8316538724230615,0.8559905784570859,2.959741558344641,3.2012677312928246,0.9613929344798458},fitness=net.sf.jclec.fitness.SimpleValueFitness@5f150435[value=296.2961460343276]]
Average fitness = 296.2961460343276
Fitness variance = 0.0
Generation 210 Report
Best individual: net.sf.jclec.realarray.RealArrayIndividual@1c53fd30[genotype={1.8985754494133702,0.10084270275318888,0.0,1.1485965588830787,1.0460160598618982,2.160316867406283,0.0,0.0,5.061817027406734,2.048028879996367,0.0,0.0,1.1972263242145436,1.8092765170585197,1.8525700367549582,2.934842748001361,0.0,4.067592957840823,0.0,0.4446920364556441,1.7262722037143117,0.5142706929377411,3.801024107263082,0.0,0.0,2.8316538724230615,0.8559905784570859,2.959741558344641,3.2012677312928246,0.9613929344798458},fitness=net.sf.jclec.fitness.SimpleValueFitness@75412c2f[value=227.62671618130688]]
Worst individual: net.sf.jclec.realarray.RealArrayIndividual@1c53fd30[genotype={1.8985754494133702,0.10084270275318888,0.0,1.1485965588830787,1.0460160598618982,2.160316867406283,0.0,0.0,5.061817027406734,2.048028879996367,0.0,0.0,1.1972263242145436,1.8092765170585197,1.8525700367549582,2.934842748001361,0.0,4.067592957840823,0.0,0.4446920364556441,1.7262722037143117,0.5142706929377411,3.801024107263082,0.0,0.0,2.8316538724230615,0.8559905784570859,2.959741558344641,3.2012677312928246,0.9613929344798458},fitness=net.sf.jclec.fitness.SimpleValueFitness@75412c2f[value=227.62671618130688]]
Median individual: net.sf.jclec.realarray.RealArrayIndividual@1c53fd30[genotype={1.8985754494133702,0.10084270275318888,0.0,1.1485965588830787,1.0460160598618982,2.160316867406283,0.0,0.0,5.061817027406734,2.048028879996367,0.0,0.0,1.1972263242145436,1.8092765170585197,1.8525700367549582,2.934842748001361,0.0,4.067592957840823,0.0,0.4446920364556441,1.7262722037143117,0.5142706929377411,3.801024107263082,0.0,0.0,2.8316538724230615,0.8559905784570859,2.959741558344641,3.2012677312928246,0.9613929344798458},fitness=net.sf.jclec.fitness.SimpleValueFitness@75412c2f[value=227.62671618130688]]
Average fitness = 227.62671618130688
Fitness variance = 0.0
Generation 220 Report
Best individual: net.sf.jclec.realarray.RealArrayIndividual@282ba1e[genotype={1.8985754494133702,0.10084270275318888,0.0,1.1485965588830787,1.0460160598618982,2.160316867406283,0.0,0.0,5.061817027406734,2.048028879996367,0.0,0.0,1.1972263242145436,1.8092765170585197,1.8525700367549582,2.934842748001361,0.0,4.067592957840823,0.0,0.4446920364556441,1.7262722037143117,0.5142706929377411,3.801024107263082,0.0,0.0,2.8316538724230615,0.8559905784570859,0.0,3.2012677312928246,0.9613929344798458},fitness=net.sf.jclec.fitness.SimpleValueFitness@f5f2bb7[value=218.54842661422043]]
Worst individual: net.sf.jclec.realarray.RealArrayIndividual@282ba1e[genotype={1.8985754494133702,0.10084270275318888,0.0,1.1485965588830787,1.0460160598618982,2.160316867406283,0.0,0.0,5.061817027406734,2.048028879996367,0.0,0.0,1.1972263242145436,1.8092765170585197,1.8525700367549582,2.934842748001361,0.0,4.067592957840823,0.0,0.4446920364556441,1.7262722037143117,0.5142706929377411,3.801024107263082,0.0,0.0,2.8316538724230615,0.8559905784570859,0.0,3.2012677312928246,0.9613929344798458},fitness=net.sf.jclec.fitness.SimpleValueFitness@f5f2bb7[value=218.54842661422043]]
Median individual: net.sf.jclec.realarray.RealArrayIndividual@282ba1e[genotype={1.8985754494133702,0.10084270275318888,0.0,1.1485965588830787,1.0460160598618982,2.160316867406283,0.0,0.0,5.061817027406734,2.048028879996367,0.0,0.0,1.1972263242145436,1.8092765170585197,1.8525700367549582,2.934842748001361,0.0,4.067592957840823,0.0,0.4446920364556441,1.7262722037143117,0.5142706929377411,3.801024107263082,0.0,0.0,2.8316538724230615,0.8559905784570859,0.0,3.2012677312928246,0.9613929344798458},fitness=net.sf.jclec.fitness.SimpleValueFitness@f5f2bb7[value=218.54842661422043]]
Average fitness = 218.54842661422043
Fitness variance = 0.0
Generation 230 Report
Best individual: net.sf.jclec.realarray.RealArrayIndividual@73035e27[genotype={1.8985754494133702,0.10084270275318888,0.0,1.1485965588830787,1.0460160598618982,2.160316867406283,0.0,0.0,5.061817027406734,2.048028879996367,0.0,0.0,1.1972263242145436,0.0,1.8525700367549582,2.934842748001361,0.0,4.067592957840823,0.0,0.4446920364556441,1.7262722037143117,0.5142706929377411,3.801024107263082,0.0,0.0,2.8316538724230615,0.8559905784570859,0.0,3.2012677312928246,0.9613929344798458},fitness=net.sf.jclec.fitness.SimpleValueFitness@3ecf72fd[value=208.91388716746462]]
Worst individual: net.sf.jclec.realarray.RealArrayIndividual@73035e27[genotype={1.8985754494133702,0.10084270275318888,0.0,1.1485965588830787,1.0460160598618982,2.160316867406283,0.0,0.0,5.061817027406734,2.048028879996367,0.0,0.0,1.1972263242145436,0.0,1.8525700367549582,2.934842748001361,0.0,4.067592957840823,0.0,0.4446920364556441,1.7262722037143117,0.5142706929377411,3.801024107263082,0.0,0.0,2.8316538724230615,0.8559905784570859,0.0,3.2012677312928246,0.9613929344798458},fitness=net.sf.jclec.fitness.SimpleValueFitness@3ecf72fd[value=208.91388716746462]]
Median individual: net.sf.jclec.realarray.RealArrayIndividual@73035e27[genotype={1.8985754494133702,0.10084270275318888,0.0,1.1485965588830787,1.0460160598618982,2.160316867406283,0.0,0.0,5.061817027406734,2.048028879996367,0.0,0.0,1.1972263242145436,0.0,1.8525700367549582,2.934842748001361,0.0,4.067592957840823,0.0,0.4446920364556441,1.7262722037143117,0.5142706929377411,3.801024107263082,0.0,0.0,2.8316538724230615,0.8559905784570859,0.0,3.2012677312928246,0.9613929344798458},fitness=net.sf.jclec.fitness.SimpleValueFitness@3ecf72fd[value=208.91388716746462]]
Average fitness = 208.91388716746462
Fitness variance = 0.0
Generation 240 Report
Best individual: net.sf.jclec.realarray.RealArrayIndividual@483bf400[genotype={1.8985754494133702,0.0,0.0,1.1485965588830787,1.0460160598618982,2.160316867406283,0.0,0.0,5.061817027406734,2.048028879996367,0.0,0.0,1.1972263242145436,0.0,1.8525700367549582,2.934842748001361,0.0,4.067592957840823,0.0,0.4446920364556441,1.7262722037143117,0.5142706929377411,3.801024107263082,0.0,0.0,2.8316538724230615,0.8559905784570859,0.0,3.2012677312928246,0.9613929344798458},fitness=net.sf.jclec.fitness.SimpleValueFitness@77f03bb1[value=206.9626522083048]]
Worst individual: net.sf.jclec.realarray.RealArrayIndividual@483bf400[genotype={1.8985754494133702,0.0,0.0,1.1485965588830787,1.0460160598618982,2.160316867406283,0.0,0.0,5.061817027406734,2.048028879996367,0.0,0.0,1.1972263242145436,0.0,1.8525700367549582,2.934842748001361,0.0,4.067592957840823,0.0,0.4446920364556441,1.7262722037143117,0.5142706929377411,3.801024107263082,0.0,0.0,2.8316538724230615,0.8559905784570859,0.0,3.2012677312928246,0.9613929344798458},fitness=net.sf.jclec.fitness.SimpleValueFitness@77f03bb1[value=206.9626522083048]]
Median individual: net.sf.jclec.realarray.RealArrayIndividual@483bf400[genotype={1.8985754494133702,0.0,0.0,1.1485965588830787,1.0460160598618982,2.160316867406283,0.0,0.0,5.061817027406734,2.048028879996367,0.0,0.0,1.1972263242145436,0.0,1.8525700367549582,2.934842748001361,0.0,4.067592957840823,0.0,0.4446920364556441,1.7262722037143117,0.5142706929377411,3.801024107263082,0.0,0.0,2.8316538724230615,0.8559905784570859,0.0,3.2012677312928246,0.9613929344798458},fitness=net.sf.jclec.fitness.SimpleValueFitness@77f03bb1[value=206.9626522083048]]
Average fitness = 206.9626522083048
Fitness variance = 0.0
Generation 250 Report
Best individual: net.sf.jclec.realarray.RealArrayIndividual@326de728[genotype={1.8985754494133702,0.0,0.0,1.1485965588830787,1.0460160598618982,2.160316867406283,0.0,0.0,5.061817027406734,2.048028879996367,0.0,0.0,1.1972263242145436,0.0,1.8525700367549582,2.934842748001361,0.0,4.067592957840823,0.0,0.4446920364556441,1.7262722037143117,0.5142706929377411,3.801024107263082,0.0,0.0,2.8316538724230615,0.0,0.0,3.2012677312928246,0.9613929344798458},fitness=net.sf.jclec.fitness.SimpleValueFitness@7a92922[value=202.40806299645314]]
Worst individual: net.sf.jclec.realarray.RealArrayIndividual@326de728[genotype={1.8985754494133702,0.0,0.0,1.1485965588830787,1.0460160598618982,2.160316867406283,0.0,0.0,5.061817027406734,2.048028879996367,0.0,0.0,1.1972263242145436,0.0,1.8525700367549582,2.934842748001361,0.0,4.067592957840823,0.0,0.4446920364556441,1.7262722037143117,0.5142706929377411,3.801024107263082,0.0,0.0,2.8316538724230615,0.0,0.0,3.2012677312928246,0.9613929344798458},fitness=net.sf.jclec.fitness.SimpleValueFitness@7a92922[value=202.40806299645314]]
Median individual: net.sf.jclec.realarray.RealArrayIndividual@326de728[genotype={1.8985754494133702,0.0,0.0,1.1485965588830787,1.0460160598618982,2.160316867406283,0.0,0.0,5.061817027406734,2.048028879996367,0.0,0.0,1.1972263242145436,0.0,1.8525700367549582,2.934842748001361,0.0,4.067592957840823,0.0,0.4446920364556441,1.7262722037143117,0.5142706929377411,3.801024107263082,0.0,0.0,2.8316538724230615,0.0,0.0,3.2012677312928246,0.9613929344798458},fitness=net.sf.jclec.fitness.SimpleValueFitness@7a92922[value=202.40806299645314]]
Average fitness = 202.40806299645314
Fitness variance = 0.0
Generation 260 Report
Best individual: net.sf.jclec.realarray.RealArrayIndividual@71f2a7d5[genotype={1.8985754494133702,0.0,0.0,1.1485965588830787,1.0460160598618982,2.160316867406283,0.0,0.0,5.061817027406734,2.048028879996367,0.0,0.0,1.1972263242145436,0.0,1.8525700367549582,2.934842748001361,0.0,4.067592957840823,0.0,0.4446920364556441,1.7262722037143117,0.5142706929377411,3.801024107263082,0.0,0.0,2.8316538724230615,0.0,0.0,3.2012677312928246,0.9613929344798458},fitness=net.sf.jclec.fitness.SimpleValueFitness@5474c6c[value=202.40806299645314]]
Worst individual: net.sf.jclec.realarray.RealArrayIndividual@71f2a7d5[genotype={1.8985754494133702,0.0,0.0,1.1485965588830787,1.0460160598618982,2.160316867406283,0.0,0.0,5.061817027406734,2.048028879996367,0.0,0.0,1.1972263242145436,0.0,1.8525700367549582,2.934842748001361,0.0,4.067592957840823,0.0,0.4446920364556441,1.7262722037143117,0.5142706929377411,3.801024107263082,0.0,0.0,2.8316538724230615,0.0,0.0,3.2012677312928246,0.9613929344798458},fitness=net.sf.jclec.fitness.SimpleValueFitness@5474c6c[value=202.40806299645314]]
Median individual: net.sf.jclec.realarray.RealArrayIndividual@71f2a7d5[genotype={1.8985754494133702,0.0,0.0,1.1485965588830787,1.0460160598618982,2.160316867406283,0.0,0.0,5.061817027406734,2.048028879996367,0.0,0.0,1.1972263242145436,0.0,1.8525700367549582,2.934842748001361,0.0,4.067592957840823,0.0,0.4446920364556441,1.7262722037143117,0.5142706929377411,3.801024107263082,0.0,0.0,2.8316538724230615,0.0,0.0,3.2012677312928246,0.9613929344798458},fitness=net.sf.jclec.fitness.SimpleValueFitness@5474c6c[value=202.40806299645314]]
Average fitness = 202.40806299645314
Fitness variance = 0.0
Generation 270 Report
Best individual: net.sf.jclec.realarray.RealArrayIndividual@4b6995df[genotype={1.8985754494133702,0.0,0.0,1.1485965588830787,1.0460160598618982,2.160316867406283,0.0,0.0,5.061817027406734,2.048028879996367,0.0,0.0,1.1972263242145436,0.0,1.8525700367549582,2.934842748001361,0.0,4.067592957840823,0.0,0.4446920364556441,1.7262722037143117,0.5142706929377411,3.801024107263082,0.0,0.0,2.8316538724230615,0.0,0.0,3.2012677312928246,0.9613929344798458},fitness=net.sf.jclec.fitness.SimpleValueFitness@591f989e[value=202.40806299645314]]
Worst individual: net.sf.jclec.realarray.RealArrayIndividual@4b6995df[genotype={1.8985754494133702,0.0,0.0,1.1485965588830787,1.0460160598618982,2.160316867406283,0.0,0.0,5.061817027406734,2.048028879996367,0.0,0.0,1.1972263242145436,0.0,1.8525700367549582,2.934842748001361,0.0,4.067592957840823,0.0,0.4446920364556441,1.7262722037143117,0.5142706929377411,3.801024107263082,0.0,0.0,2.8316538724230615,0.0,0.0,3.2012677312928246,0.9613929344798458},fitness=net.sf.jclec.fitness.SimpleValueFitness@591f989e[value=202.40806299645314]]
Median individual: net.sf.jclec.realarray.RealArrayIndividual@4b6995df[genotype={1.8985754494133702,0.0,0.0,1.1485965588830787,1.0460160598618982,2.160316867406283,0.0,0.0,5.061817027406734,2.048028879996367,0.0,0.0,1.1972263242145436,0.0,1.8525700367549582,2.934842748001361,0.0,4.067592957840823,0.0,0.4446920364556441,1.7262722037143117,0.5142706929377411,3.801024107263082,0.0,0.0,2.8316538724230615,0.0,0.0,3.2012677312928246,0.9613929344798458},fitness=net.sf.jclec.fitness.SimpleValueFitness@591f989e[value=202.40806299645314]]
Average fitness = 202.40806299645314
Fitness variance = 0.0
Generation 280 Report
Best individual: net.sf.jclec.realarray.RealArrayIndividual@66048bfd[genotype={1.8985754494133702,0.0,0.0,1.1485965588830787,1.0460160598618982,2.160316867406283,0.0,0.0,5.061817027406734,2.048028879996367,0.0,0.0,1.1972263242145436,0.0,1.8525700367549582,2.934842748001361,0.0,4.067592957840823,0.0,0.4446920364556441,1.7262722037143117,0.5142706929377411,3.801024107263082,0.0,0.0,2.8316538724230615,0.0,0.0,3.2012677312928246,0.9613929344798458},fitness=net.sf.jclec.fitness.SimpleValueFitness@445b84c0[value=202.40806299645314]]
Worst individual: net.sf.jclec.realarray.RealArrayIndividual@66048bfd[genotype={1.8985754494133702,0.0,0.0,1.1485965588830787,1.0460160598618982,2.160316867406283,0.0,0.0,5.061817027406734,2.048028879996367,0.0,0.0,1.1972263242145436,0.0,1.8525700367549582,2.934842748001361,0.0,4.067592957840823,0.0,0.4446920364556441,1.7262722037143117,0.5142706929377411,3.801024107263082,0.0,0.0,2.8316538724230615,0.0,0.0,3.2012677312928246,0.9613929344798458},fitness=net.sf.jclec.fitness.SimpleValueFitness@445b84c0[value=202.40806299645314]]
Median individual: net.sf.jclec.realarray.RealArrayIndividual@66048bfd[genotype={1.8985754494133702,0.0,0.0,1.1485965588830787,1.0460160598618982,2.160316867406283,0.0,0.0,5.061817027406734,2.048028879996367,0.0,0.0,1.1972263242145436,0.0,1.8525700367549582,2.934842748001361,0.0,4.067592957840823,0.0,0.4446920364556441,1.7262722037143117,0.5142706929377411,3.801024107263082,0.0,0.0,2.8316538724230615,0.0,0.0,3.2012677312928246,0.9613929344798458},fitness=net.sf.jclec.fitness.SimpleValueFitness@445b84c0[value=202.40806299645314]]
Average fitness = 202.40806299645314
Fitness variance = 0.0
Generation 290 Report
Best individual: net.sf.jclec.realarray.RealArrayIndividual@61a52fbd[genotype={1.8985754494133702,0.0,0.0,1.1485965588830787,1.0460160598618982,2.160316867406283,0.0,0.0,5.061817027406734,2.048028879996367,0.0,0.0,1.1972263242145436,0.0,1.8525700367549582,2.934842748001361,0.0,4.067592957840823,0.0,0.4446920364556441,0.0,0.5142706929377411,3.801024107263082,0.0,0.0,2.8316538724230615,0.0,0.0,3.2012677312928246,0.9613929344798458},fitness=net.sf.jclec.fitness.SimpleValueFitness@63d4e2ba[value=187.94270254669485]]
Worst individual: net.sf.jclec.realarray.RealArrayIndividual@61a52fbd[genotype={1.8985754494133702,0.0,0.0,1.1485965588830787,1.0460160598618982,2.160316867406283,0.0,0.0,5.061817027406734,2.048028879996367,0.0,0.0,1.1972263242145436,0.0,1.8525700367549582,2.934842748001361,0.0,4.067592957840823,0.0,0.4446920364556441,0.0,0.5142706929377411,3.801024107263082,0.0,0.0,2.8316538724230615,0.0,0.0,3.2012677312928246,0.9613929344798458},fitness=net.sf.jclec.fitness.SimpleValueFitness@63d4e2ba[value=187.94270254669485]]
Median individual: net.sf.jclec.realarray.RealArrayIndividual@61a52fbd[genotype={1.8985754494133702,0.0,0.0,1.1485965588830787,1.0460160598618982,2.160316867406283,0.0,0.0,5.061817027406734,2.048028879996367,0.0,0.0,1.1972263242145436,0.0,1.8525700367549582,2.934842748001361,0.0,4.067592957840823,0.0,0.4446920364556441,0.0,0.5142706929377411,3.801024107263082,0.0,0.0,2.8316538724230615,0.0,0.0,3.2012677312928246,0.9613929344798458},fitness=net.sf.jclec.fitness.SimpleValueFitness@63d4e2ba[value=187.94270254669485]]
Average fitness = 187.94270254669485
Fitness variance = 0.0
Generation 300 Report
Best individual: net.sf.jclec.realarray.RealArrayIndividual@7bb11784[genotype={1.8985754494133702,0.0,0.0,1.1485965588830787,1.0460160598618982,2.160316867406283,0.0,0.0,5.061817027406734,2.048028879996367,0.0,0.0,1.1972263242145436,0.0,1.8525700367549582,2.934842748001361,0.0,4.067592957840823,0.0,0.4446920364556441,0.0,0.5142706929377411,3.801024107263082,0.0,0.0,2.8316538724230615,0.0,0.0,3.2012677312928246,0.9613929344798458},fitness=net.sf.jclec.fitness.SimpleValueFitness@7006c658[value=187.94270254669485]]
Worst individual: net.sf.jclec.realarray.RealArrayIndividual@7bb11784[genotype={1.8985754494133702,0.0,0.0,1.1485965588830787,1.0460160598618982,2.160316867406283,0.0,0.0,5.061817027406734,2.048028879996367,0.0,0.0,1.1972263242145436,0.0,1.8525700367549582,2.934842748001361,0.0,4.067592957840823,0.0,0.4446920364556441,0.0,0.5142706929377411,3.801024107263082,0.0,0.0,2.8316538724230615,0.0,0.0,3.2012677312928246,0.9613929344798458},fitness=net.sf.jclec.fitness.SimpleValueFitness@7006c658[value=187.94270254669485]]
Median individual: net.sf.jclec.realarray.RealArrayIndividual@7bb11784[genotype={1.8985754494133702,0.0,0.0,1.1485965588830787,1.0460160598618982,2.160316867406283,0.0,0.0,5.061817027406734,2.048028879996367,0.0,0.0,1.1972263242145436,0.0,1.8525700367549582,2.934842748001361,0.0,4.067592957840823,0.0,0.4446920364556441,0.0,0.5142706929377411,3.801024107263082,0.0,0.0,2.8316538724230615,0.0,0.0,3.2012677312928246,0.9613929344798458},fitness=net.sf.jclec.fitness.SimpleValueFitness@7006c658[value=187.94270254669485]]
Average fitness = 187.94270254669485
Fitness variance = 0.0
Generation 310 Report
Best individual: net.sf.jclec.realarray.RealArrayIndividual@34033bd0[genotype={1.8985754494133702,0.0,0.0,1.1485965588830787,1.0460160598618982,2.160316867406283,0.0,0.0,5.061817027406734,2.048028879996367,0.0,0.0,1.1972263242145436,0.0,1.8525700367549582,2.934842748001361,0.0,4.067592957840823,0.0,0.4446920364556441,0.0,0.5142706929377411,3.801024107263082,0.0,0.0,2.8316538724230615,0.0,0.0,3.2012677312928246,0.9613929344798458},fitness=net.sf.jclec.fitness.SimpleValueFitness@7cdbc5d3[value=187.94270254669485]]
Worst individual: net.sf.jclec.realarray.RealArrayIndividual@34033bd0[genotype={1.8985754494133702,0.0,0.0,1.1485965588830787,1.0460160598618982,2.160316867406283,0.0,0.0,5.061817027406734,2.048028879996367,0.0,0.0,1.1972263242145436,0.0,1.8525700367549582,2.934842748001361,0.0,4.067592957840823,0.0,0.4446920364556441,0.0,0.5142706929377411,3.801024107263082,0.0,0.0,2.8316538724230615,0.0,0.0,3.2012677312928246,0.9613929344798458},fitness=net.sf.jclec.fitness.SimpleValueFitness@7cdbc5d3[value=187.94270254669485]]
Median individual: net.sf.jclec.realarray.RealArrayIndividual@34033bd0[genotype={1.8985754494133702,0.0,0.0,1.1485965588830787,1.0460160598618982,2.160316867406283,0.0,0.0,5.061817027406734,2.048028879996367,0.0,0.0,1.1972263242145436,0.0,1.8525700367549582,2.934842748001361,0.0,4.067592957840823,0.0,0.4446920364556441,0.0,0.5142706929377411,3.801024107263082,0.0,0.0,2.8316538724230615,0.0,0.0,3.2012677312928246,0.9613929344798458},fitness=net.sf.jclec.fitness.SimpleValueFitness@7cdbc5d3[value=187.94270254669485]]
Average fitness = 187.94270254669485
Fitness variance = 0.0
Generation 320 Report
Best individual: net.sf.jclec.realarray.RealArrayIndividual@3aa9e816[genotype={1.8985754494133702,0.0,0.0,1.1485965588830787,1.0460160598618982,2.160316867406283,0.0,0.0,5.061817027406734,2.048028879996367,0.0,0.0,1.1972263242145436,0.0,1.8525700367549582,2.934842748001361,0.0,4.067592957840823,0.0,0.4446920364556441,0.0,0.5142706929377411,3.801024107263082,0.0,0.0,2.8316538724230615,0.0,0.0,3.2012677312928246,0.9613929344798458},fitness=net.sf.jclec.fitness.SimpleValueFitness@3834d63f[value=187.94270254669485]]
Worst individual: net.sf.jclec.realarray.RealArrayIndividual@3aa9e816[genotype={1.8985754494133702,0.0,0.0,1.1485965588830787,1.0460160598618982,2.160316867406283,0.0,0.0,5.061817027406734,2.048028879996367,0.0,0.0,1.1972263242145436,0.0,1.8525700367549582,2.934842748001361,0.0,4.067592957840823,0.0,0.4446920364556441,0.0,0.5142706929377411,3.801024107263082,0.0,0.0,2.8316538724230615,0.0,0.0,3.2012677312928246,0.9613929344798458},fitness=net.sf.jclec.fitness.SimpleValueFitness@3834d63f[value=187.94270254669485]]
Median individual: net.sf.jclec.realarray.RealArrayIndividual@3aa9e816[genotype={1.8985754494133702,0.0,0.0,1.1485965588830787,1.0460160598618982,2.160316867406283,0.0,0.0,5.061817027406734,2.048028879996367,0.0,0.0,1.1972263242145436,0.0,1.8525700367549582,2.934842748001361,0.0,4.067592957840823,0.0,0.4446920364556441,0.0,0.5142706929377411,3.801024107263082,0.0,0.0,2.8316538724230615,0.0,0.0,3.2012677312928246,0.9613929344798458},fitness=net.sf.jclec.fitness.SimpleValueFitness@3834d63f[value=187.94270254669485]]
Average fitness = 187.94270254669485
Fitness variance = 0.0
Generation 330 Report
Best individual: net.sf.jclec.realarray.RealArrayIndividual@1ae369b7[genotype={1.8985754494133702,0.0,0.0,1.1485965588830787,1.0460160598618982,2.160316867406283,0.0,0.0,5.061817027406734,2.048028879996367,0.0,0.0,1.1972263242145436,0.0,1.8525700367549582,2.934842748001361,0.0,4.067592957840823,0.0,0.4446920364556441,0.0,0.5142706929377411,3.801024107263082,0.0,0.0,0.0,0.0,0.0,3.2012677312928246,0.9613929344798458},fitness=net.sf.jclec.fitness.SimpleValueFitness@34340fab[value=174.83277605716086]]
Worst individual: net.sf.jclec.realarray.RealArrayIndividual@1ae369b7[genotype={1.8985754494133702,0.0,0.0,1.1485965588830787,1.0460160598618982,2.160316867406283,0.0,0.0,5.061817027406734,2.048028879996367,0.0,0.0,1.1972263242145436,0.0,1.8525700367549582,2.934842748001361,0.0,4.067592957840823,0.0,0.4446920364556441,0.0,0.5142706929377411,3.801024107263082,0.0,0.0,0.0,0.0,0.0,3.2012677312928246,0.9613929344798458},fitness=net.sf.jclec.fitness.SimpleValueFitness@34340fab[value=174.83277605716086]]
Median individual: net.sf.jclec.realarray.RealArrayIndividual@1ae369b7[genotype={1.8985754494133702,0.0,0.0,1.1485965588830787,1.0460160598618982,2.160316867406283,0.0,0.0,5.061817027406734,2.048028879996367,0.0,0.0,1.1972263242145436,0.0,1.8525700367549582,2.934842748001361,0.0,4.067592957840823,0.0,0.4446920364556441,0.0,0.5142706929377411,3.801024107263082,0.0,0.0,0.0,0.0,0.0,3.2012677312928246,0.9613929344798458},fitness=net.sf.jclec.fitness.SimpleValueFitness@34340fab[value=174.83277605716086]]
Average fitness = 174.83277605716086
Fitness variance = 0.0
Generation 340 Report
Best individual: net.sf.jclec.realarray.RealArrayIndividual@2aafb23c[genotype={1.8985754494133702,0.0,0.0,1.1485965588830787,1.0460160598618982,2.160316867406283,0.0,0.0,5.061817027406734,2.048028879996367,0.0,0.0,1.1972263242145436,0.0,1.8525700367549582,2.934842748001361,0.0,4.067592957840823,0.0,0.4446920364556441,0.0,0.5142706929377411,3.801024107263082,0.0,0.0,0.0,0.0,0.0,3.2012677312928246,0.9613929344798458},fitness=net.sf.jclec.fitness.SimpleValueFitness@3ab39c39[value=174.83277605716086]]
Worst individual: net.sf.jclec.realarray.RealArrayIndividual@2aafb23c[genotype={1.8985754494133702,0.0,0.0,1.1485965588830787,1.0460160598618982,2.160316867406283,0.0,0.0,5.061817027406734,2.048028879996367,0.0,0.0,1.1972263242145436,0.0,1.8525700367549582,2.934842748001361,0.0,4.067592957840823,0.0,0.4446920364556441,0.0,0.5142706929377411,3.801024107263082,0.0,0.0,0.0,0.0,0.0,3.2012677312928246,0.9613929344798458},fitness=net.sf.jclec.fitness.SimpleValueFitness@3ab39c39[value=174.83277605716086]]
Median individual: net.sf.jclec.realarray.RealArrayIndividual@2aafb23c[genotype={1.8985754494133702,0.0,0.0,1.1485965588830787,1.0460160598618982,2.160316867406283,0.0,0.0,5.061817027406734,2.048028879996367,0.0,0.0,1.1972263242145436,0.0,1.8525700367549582,2.934842748001361,0.0,4.067592957840823,0.0,0.4446920364556441,0.0,0.5142706929377411,3.801024107263082,0.0,0.0,0.0,0.0,0.0,3.2012677312928246,0.9613929344798458},fitness=net.sf.jclec.fitness.SimpleValueFitness@3ab39c39[value=174.83277605716086]]
Average fitness = 174.83277605716086
Fitness variance = 0.0
Generation 350 Report
Best individual: net.sf.jclec.realarray.RealArrayIndividual@2eee9593[genotype={1.8985754494133702,0.0,0.0,1.1485965588830787,1.0460160598618982,2.160316867406283,0.0,0.0,5.061817027406734,2.048028879996367,0.0,0.0,1.1972263242145436,0.0,1.8525700367549582,2.934842748001361,0.0,4.067592957840823,0.0,0.4446920364556441,0.0,0.5142706929377411,3.801024107263082,0.0,0.0,0.0,0.0,0.0,3.2012677312928246,0.9613929344798458},fitness=net.sf.jclec.fitness.SimpleValueFitness@546a03af[value=174.83277605716086]]
Worst individual: net.sf.jclec.realarray.RealArrayIndividual@2eee9593[genotype={1.8985754494133702,0.0,0.0,1.1485965588830787,1.0460160598618982,2.160316867406283,0.0,0.0,5.061817027406734,2.048028879996367,0.0,0.0,1.1972263242145436,0.0,1.8525700367549582,2.934842748001361,0.0,4.067592957840823,0.0,0.4446920364556441,0.0,0.5142706929377411,3.801024107263082,0.0,0.0,0.0,0.0,0.0,3.2012677312928246,0.9613929344798458},fitness=net.sf.jclec.fitness.SimpleValueFitness@546a03af[value=174.83277605716086]]
Median individual: net.sf.jclec.realarray.RealArrayIndividual@2eee9593[genotype={1.8985754494133702,0.0,0.0,1.1485965588830787,1.0460160598618982,2.160316867406283,0.0,0.0,5.061817027406734,2.048028879996367,0.0,0.0,1.1972263242145436,0.0,1.8525700367549582,2.934842748001361,0.0,4.067592957840823,0.0,0.4446920364556441,0.0,0.5142706929377411,3.801024107263082,0.0,0.0,0.0,0.0,0.0,3.2012677312928246,0.9613929344798458},fitness=net.sf.jclec.fitness.SimpleValueFitness@546a03af[value=174.83277605716086]]
Average fitness = 174.83277605716086
Fitness variance = 0.0
Generation 360 Report
Best individual: net.sf.jclec.realarray.RealArrayIndividual@721e0f4f[genotype={1.8985754494133702,0.0,0.0,1.1485965588830787,1.0460160598618982,2.160316867406283,0.0,0.0,5.061817027406734,2.048028879996367,0.0,0.0,1.1972263242145436,0.0,1.8525700367549582,2.934842748001361,0.0,4.067592957840823,0.0,0.4446920364556441,0.0,0.5142706929377411,3.801024107263082,0.0,0.0,0.0,0.0,0.0,3.2012677312928246,0.9613929344798458},fitness=net.sf.jclec.fitness.SimpleValueFitness@6ea6d14e[value=174.83277605716086]]
Worst individual: net.sf.jclec.realarray.RealArrayIndividual@721e0f4f[genotype={1.8985754494133702,0.0,0.0,1.1485965588830787,1.0460160598618982,2.160316867406283,0.0,0.0,5.061817027406734,2.048028879996367,0.0,0.0,1.1972263242145436,0.0,1.8525700367549582,2.934842748001361,0.0,4.067592957840823,0.0,0.4446920364556441,0.0,0.5142706929377411,3.801024107263082,0.0,0.0,0.0,0.0,0.0,3.2012677312928246,0.9613929344798458},fitness=net.sf.jclec.fitness.SimpleValueFitness@6ea6d14e[value=174.83277605716086]]
Median individual: net.sf.jclec.realarray.RealArrayIndividual@721e0f4f[genotype={1.8985754494133702,0.0,0.0,1.1485965588830787,1.0460160598618982,2.160316867406283,0.0,0.0,5.061817027406734,2.048028879996367,0.0,0.0,1.1972263242145436,0.0,1.8525700367549582,2.934842748001361,0.0,4.067592957840823,0.0,0.4446920364556441,0.0,0.5142706929377411,3.801024107263082,0.0,0.0,0.0,0.0,0.0,3.2012677312928246,0.9613929344798458},fitness=net.sf.jclec.fitness.SimpleValueFitness@6ea6d14e[value=174.83277605716086]]
Average fitness = 174.83277605716086
Fitness variance = 0.0
Generation 370 Report
Best individual: net.sf.jclec.realarray.RealArrayIndividual@6ad5c04e[genotype={1.8985754494133702,0.0,0.0,1.1485965588830787,1.0460160598618982,2.160316867406283,0.0,0.0,5.061817027406734,2.048028879996367,0.0,0.0,1.1972263242145436,0.0,1.8525700367549582,2.934842748001361,0.0,4.067592957840823,0.0,0.4446920364556441,0.0,0.5142706929377411,3.801024107263082,0.0,0.0,0.0,0.0,0.0,3.2012677312928246,0.9613929344798458},fitness=net.sf.jclec.fitness.SimpleValueFitness@725bef66[value=174.83277605716086]]
Worst individual: net.sf.jclec.realarray.RealArrayIndividual@6ad5c04e[genotype={1.8985754494133702,0.0,0.0,1.1485965588830787,1.0460160598618982,2.160316867406283,0.0,0.0,5.061817027406734,2.048028879996367,0.0,0.0,1.1972263242145436,0.0,1.8525700367549582,2.934842748001361,0.0,4.067592957840823,0.0,0.4446920364556441,0.0,0.5142706929377411,3.801024107263082,0.0,0.0,0.0,0.0,0.0,3.2012677312928246,0.9613929344798458},fitness=net.sf.jclec.fitness.SimpleValueFitness@725bef66[value=174.83277605716086]]
Median individual: net.sf.jclec.realarray.RealArrayIndividual@6ad5c04e[genotype={1.8985754494133702,0.0,0.0,1.1485965588830787,1.0460160598618982,2.160316867406283,0.0,0.0,5.061817027406734,2.048028879996367,0.0,0.0,1.1972263242145436,0.0,1.8525700367549582,2.934842748001361,0.0,4.067592957840823,0.0,0.4446920364556441,0.0,0.5142706929377411,3.801024107263082,0.0,0.0,0.0,0.0,0.0,3.2012677312928246,0.9613929344798458},fitness=net.sf.jclec.fitness.SimpleValueFitness@725bef66[value=174.83277605716086]]
Average fitness = 174.83277605716086
Fitness variance = 0.0
Generation 380 Report
Best individual: net.sf.jclec.realarray.RealArrayIndividual@2aaf7cc2[genotype={1.8985754494133702,0.0,0.0,1.1485965588830787,1.0460160598618982,2.160316867406283,0.0,0.0,5.061817027406734,2.048028879996367,0.0,0.0,1.1972263242145436,0.0,1.8525700367549582,2.934842748001361,0.0,4.067592957840823,0.0,0.4446920364556441,0.0,0.5142706929377411,3.801024107263082,0.0,0.0,0.0,0.0,0.0,3.2012677312928246,0.9613929344798458},fitness=net.sf.jclec.fitness.SimpleValueFitness@1888ff2c[value=174.83277605716086]]
Worst individual: net.sf.jclec.realarray.RealArrayIndividual@2aaf7cc2[genotype={1.8985754494133702,0.0,0.0,1.1485965588830787,1.0460160598618982,2.160316867406283,0.0,0.0,5.061817027406734,2.048028879996367,0.0,0.0,1.1972263242145436,0.0,1.8525700367549582,2.934842748001361,0.0,4.067592957840823,0.0,0.4446920364556441,0.0,0.5142706929377411,3.801024107263082,0.0,0.0,0.0,0.0,0.0,3.2012677312928246,0.9613929344798458},fitness=net.sf.jclec.fitness.SimpleValueFitness@1888ff2c[value=174.83277605716086]]
Median individual: net.sf.jclec.realarray.RealArrayIndividual@2aaf7cc2[genotype={1.8985754494133702,0.0,0.0,1.1485965588830787,1.0460160598618982,2.160316867406283,0.0,0.0,5.061817027406734,2.048028879996367,0.0,0.0,1.1972263242145436,0.0,1.8525700367549582,2.934842748001361,0.0,4.067592957840823,0.0,0.4446920364556441,0.0,0.5142706929377411,3.801024107263082,0.0,0.0,0.0,0.0,0.0,3.2012677312928246,0.9613929344798458},fitness=net.sf.jclec.fitness.SimpleValueFitness@1888ff2c[value=174.83277605716086]]
Average fitness = 174.83277605716086
Fitness variance = 0.0
Generation 390 Report
Best individual: net.sf.jclec.realarray.RealArrayIndividual@35851384[genotype={1.8985754494133702,0.0,0.0,1.1485965588830787,1.0460160598618982,2.160316867406283,0.0,0.0,5.061817027406734,2.048028879996367,0.0,0.0,1.1972263242145436,0.0,1.8525700367549582,2.934842748001361,0.0,4.067592957840823,0.0,0.4446920364556441,0.0,0.5142706929377411,3.801024107263082,0.0,0.0,0.0,0.0,0.0,3.2012677312928246,0.9613929344798458},fitness=net.sf.jclec.fitness.SimpleValueFitness@6adca536[value=174.83277605716086]]
Worst individual: net.sf.jclec.realarray.RealArrayIndividual@35851384[genotype={1.8985754494133702,0.0,0.0,1.1485965588830787,1.0460160598618982,2.160316867406283,0.0,0.0,5.061817027406734,2.048028879996367,0.0,0.0,1.1972263242145436,0.0,1.8525700367549582,2.934842748001361,0.0,4.067592957840823,0.0,0.4446920364556441,0.0,0.5142706929377411,3.801024107263082,0.0,0.0,0.0,0.0,0.0,3.2012677312928246,0.9613929344798458},fitness=net.sf.jclec.fitness.SimpleValueFitness@6adca536[value=174.83277605716086]]
Median individual: net.sf.jclec.realarray.RealArrayIndividual@35851384[genotype={1.8985754494133702,0.0,0.0,1.1485965588830787,1.0460160598618982,2.160316867406283,0.0,0.0,5.061817027406734,2.048028879996367,0.0,0.0,1.1972263242145436,0.0,1.8525700367549582,2.934842748001361,0.0,4.067592957840823,0.0,0.4446920364556441,0.0,0.5142706929377411,3.801024107263082,0.0,0.0,0.0,0.0,0.0,3.2012677312928246,0.9613929344798458},fitness=net.sf.jclec.fitness.SimpleValueFitness@6adca536[value=174.83277605716086]]
Average fitness = 174.83277605716086
Fitness variance = 0.0
Generation 400 Report
Best individual: net.sf.jclec.realarray.RealArrayIndividual@357246de[genotype={1.8985754494133702,0.0,0.0,1.1485965588830787,1.0460160598618982,2.160316867406283,0.0,0.0,5.061817027406734,2.048028879996367,0.0,0.0,1.1972263242145436,0.0,1.8525700367549582,2.934842748001361,0.0,4.067592957840823,0.0,0.4446920364556441,0.0,0.5142706929377411,3.801024107263082,0.0,0.0,0.0,0.0,0.0,3.2012677312928246,0.9613929344798458},fitness=net.sf.jclec.fitness.SimpleValueFitness@256216b3[value=174.83277605716086]]
Worst individual: net.sf.jclec.realarray.RealArrayIndividual@357246de[genotype={1.8985754494133702,0.0,0.0,1.1485965588830787,1.0460160598618982,2.160316867406283,0.0,0.0,5.061817027406734,2.048028879996367,0.0,0.0,1.1972263242145436,0.0,1.8525700367549582,2.934842748001361,0.0,4.067592957840823,0.0,0.4446920364556441,0.0,0.5142706929377411,3.801024107263082,0.0,0.0,0.0,0.0,0.0,3.2012677312928246,0.9613929344798458},fitness=net.sf.jclec.fitness.SimpleValueFitness@256216b3[value=174.83277605716086]]
Median individual: net.sf.jclec.realarray.RealArrayIndividual@357246de[genotype={1.8985754494133702,0.0,0.0,1.1485965588830787,1.0460160598618982,2.160316867406283,0.0,0.0,5.061817027406734,2.048028879996367,0.0,0.0,1.1972263242145436,0.0,1.8525700367549582,2.934842748001361,0.0,4.067592957840823,0.0,0.4446920364556441,0.0,0.5142706929377411,3.801024107263082,0.0,0.0,0.0,0.0,0.0,3.2012677312928246,0.9613929344798458},fitness=net.sf.jclec.fitness.SimpleValueFitness@256216b3[value=174.83277605716086]]
Average fitness = 174.83277605716086
Fitness variance = 0.0
Generation 410 Report
Best individual: net.sf.jclec.realarray.RealArrayIndividual@2a18f23c[genotype={1.8985754494133702,0.0,0.0,1.1485965588830787,1.0460160598618982,2.160316867406283,0.0,0.0,5.061817027406734,2.048028879996367,0.0,0.0,1.1972263242145436,0.0,1.8525700367549582,2.934842748001361,0.0,4.067592957840823,0.0,0.4446920364556441,0.0,0.5142706929377411,3.801024107263082,0.0,0.0,0.0,0.0,0.0,3.2012677312928246,0.9613929344798458},fitness=net.sf.jclec.fitness.SimpleValueFitness@16c0663d[value=174.83277605716086]]
Worst individual: net.sf.jclec.realarray.RealArrayIndividual@2a18f23c[genotype={1.8985754494133702,0.0,0.0,1.1485965588830787,1.0460160598618982,2.160316867406283,0.0,0.0,5.061817027406734,2.048028879996367,0.0,0.0,1.1972263242145436,0.0,1.8525700367549582,2.934842748001361,0.0,4.067592957840823,0.0,0.4446920364556441,0.0,0.5142706929377411,3.801024107263082,0.0,0.0,0.0,0.0,0.0,3.2012677312928246,0.9613929344798458},fitness=net.sf.jclec.fitness.SimpleValueFitness@16c0663d[value=174.83277605716086]]
Median individual: net.sf.jclec.realarray.RealArrayIndividual@2a18f23c[genotype={1.8985754494133702,0.0,0.0,1.1485965588830787,1.0460160598618982,2.160316867406283,0.0,0.0,5.061817027406734,2.048028879996367,0.0,0.0,1.1972263242145436,0.0,1.8525700367549582,2.934842748001361,0.0,4.067592957840823,0.0,0.4446920364556441,0.0,0.5142706929377411,3.801024107263082,0.0,0.0,0.0,0.0,0.0,3.2012677312928246,0.9613929344798458},fitness=net.sf.jclec.fitness.SimpleValueFitness@16c0663d[value=174.83277605716086]]
Average fitness = 174.83277605716086
Fitness variance = 0.0
Generation 420 Report
Best individual: net.sf.jclec.realarray.RealArrayIndividual@23223dd8[genotype={1.8985754494133702,0.0,0.0,1.1485965588830787,1.0460160598618982,2.160316867406283,0.0,0.0,5.061817027406734,2.048028879996367,0.0,0.0,1.1972263242145436,0.0,1.8525700367549582,2.934842748001361,0.0,4.067592957840823,0.0,0.4446920364556441,0.0,0.5142706929377411,3.801024107263082,0.0,0.0,0.0,0.0,0.0,3.2012677312928246,0.9613929344798458},fitness=net.sf.jclec.fitness.SimpleValueFitness@1b40d5f0[value=174.83277605716086]]
Worst individual: net.sf.jclec.realarray.RealArrayIndividual@23223dd8[genotype={1.8985754494133702,0.0,0.0,1.1485965588830787,1.0460160598618982,2.160316867406283,0.0,0.0,5.061817027406734,2.048028879996367,0.0,0.0,1.1972263242145436,0.0,1.8525700367549582,2.934842748001361,0.0,4.067592957840823,0.0,0.4446920364556441,0.0,0.5142706929377411,3.801024107263082,0.0,0.0,0.0,0.0,0.0,3.2012677312928246,0.9613929344798458},fitness=net.sf.jclec.fitness.SimpleValueFitness@1b40d5f0[value=174.83277605716086]]
Median individual: net.sf.jclec.realarray.RealArrayIndividual@23223dd8[genotype={1.8985754494133702,0.0,0.0,1.1485965588830787,1.0460160598618982,2.160316867406283,0.0,0.0,5.061817027406734,2.048028879996367,0.0,0.0,1.1972263242145436,0.0,1.8525700367549582,2.934842748001361,0.0,4.067592957840823,0.0,0.4446920364556441,0.0,0.5142706929377411,3.801024107263082,0.0,0.0,0.0,0.0,0.0,3.2012677312928246,0.9613929344798458},fitness=net.sf.jclec.fitness.SimpleValueFitness@1b40d5f0[value=174.83277605716086]]
Average fitness = 174.83277605716086
Fitness variance = 0.0
Generation 430 Report
Best individual: net.sf.jclec.realarray.RealArrayIndividual@ea4a92b[genotype={1.8985754494133702,0.0,0.0,1.1485965588830787,1.0460160598618982,2.160316867406283,0.0,0.0,5.061817027406734,2.048028879996367,0.0,0.0,1.1972263242145436,0.0,1.8525700367549582,2.934842748001361,0.0,4.067592957840823,0.0,0.4446920364556441,0.0,0.5142706929377411,3.801024107263082,0.0,0.0,0.0,0.0,0.0,3.2012677312928246,0.9613929344798458},fitness=net.sf.jclec.fitness.SimpleValueFitness@47f37ef1[value=174.83277605716086]]
Worst individual: net.sf.jclec.realarray.RealArrayIndividual@ea4a92b[genotype={1.8985754494133702,0.0,0.0,1.1485965588830787,1.0460160598618982,2.160316867406283,0.0,0.0,5.061817027406734,2.048028879996367,0.0,0.0,1.1972263242145436,0.0,1.8525700367549582,2.934842748001361,0.0,4.067592957840823,0.0,0.4446920364556441,0.0,0.5142706929377411,3.801024107263082,0.0,0.0,0.0,0.0,0.0,3.2012677312928246,0.9613929344798458},fitness=net.sf.jclec.fitness.SimpleValueFitness@47f37ef1[value=174.83277605716086]]
Median individual: net.sf.jclec.realarray.RealArrayIndividual@ea4a92b[genotype={1.8985754494133702,0.0,0.0,1.1485965588830787,1.0460160598618982,2.160316867406283,0.0,0.0,5.061817027406734,2.048028879996367,0.0,0.0,1.1972263242145436,0.0,1.8525700367549582,2.934842748001361,0.0,4.067592957840823,0.0,0.4446920364556441,0.0,0.5142706929377411,3.801024107263082,0.0,0.0,0.0,0.0,0.0,3.2012677312928246,0.9613929344798458},fitness=net.sf.jclec.fitness.SimpleValueFitness@47f37ef1[value=174.83277605716086]]
Average fitness = 174.83277605716086
Fitness variance = 0.0
Generation 440 Report
Best individual: net.sf.jclec.realarray.RealArrayIndividual@5a01ccaa[genotype={1.8985754494133702,0.0,0.0,1.1485965588830787,1.0460160598618982,2.160316867406283,0.0,0.0,5.061817027406734,2.048028879996367,0.0,0.0,1.1972263242145436,0.0,1.8525700367549582,2.934842748001361,0.0,4.067592957840823,0.0,0.4446920364556441,0.0,0.5142706929377411,3.801024107263082,0.0,0.0,0.0,0.0,0.0,3.2012677312928246,0.9613929344798458},fitness=net.sf.jclec.fitness.SimpleValueFitness@19bb089b[value=174.83277605716086]]
Worst individual: net.sf.jclec.realarray.RealArrayIndividual@5a01ccaa[genotype={1.8985754494133702,0.0,0.0,1.1485965588830787,1.0460160598618982,2.160316867406283,0.0,0.0,5.061817027406734,2.048028879996367,0.0,0.0,1.1972263242145436,0.0,1.8525700367549582,2.934842748001361,0.0,4.067592957840823,0.0,0.4446920364556441,0.0,0.5142706929377411,3.801024107263082,0.0,0.0,0.0,0.0,0.0,3.2012677312928246,0.9613929344798458},fitness=net.sf.jclec.fitness.SimpleValueFitness@19bb089b[value=174.83277605716086]]
Median individual: net.sf.jclec.realarray.RealArrayIndividual@5a01ccaa[genotype={1.8985754494133702,0.0,0.0,1.1485965588830787,1.0460160598618982,2.160316867406283,0.0,0.0,5.061817027406734,2.048028879996367,0.0,0.0,1.1972263242145436,0.0,1.8525700367549582,2.934842748001361,0.0,4.067592957840823,0.0,0.4446920364556441,0.0,0.5142706929377411,3.801024107263082,0.0,0.0,0.0,0.0,0.0,3.2012677312928246,0.9613929344798458},fitness=net.sf.jclec.fitness.SimpleValueFitness@19bb089b[value=174.83277605716086]]
Average fitness = 174.83277605716086
Fitness variance = 0.0
Generation 450 Report
Best individual: net.sf.jclec.realarray.RealArrayIndividual@4563e9ab[genotype={1.8985754494133702,0.0,0.0,1.1485965588830787,1.0460160598618982,2.160316867406283,0.0,0.0,5.061817027406734,2.048028879996367,0.0,0.0,1.1972263242145436,0.0,1.8525700367549582,2.934842748001361,0.0,4.067592957840823,0.0,0.4446920364556441,0.0,0.5142706929377411,3.801024107263082,0.0,0.0,0.0,0.0,0.0,3.2012677312928246,0.9613929344798458},fitness=net.sf.jclec.fitness.SimpleValueFitness@5e025e70[value=174.83277605716086]]
Worst individual: net.sf.jclec.realarray.RealArrayIndividual@4563e9ab[genotype={1.8985754494133702,0.0,0.0,1.1485965588830787,1.0460160598618982,2.160316867406283,0.0,0.0,5.061817027406734,2.048028879996367,0.0,0.0,1.1972263242145436,0.0,1.8525700367549582,2.934842748001361,0.0,4.067592957840823,0.0,0.4446920364556441,0.0,0.5142706929377411,3.801024107263082,0.0,0.0,0.0,0.0,0.0,3.2012677312928246,0.9613929344798458},fitness=net.sf.jclec.fitness.SimpleValueFitness@5e025e70[value=174.83277605716086]]
Median individual: net.sf.jclec.realarray.RealArrayIndividual@4563e9ab[genotype={1.8985754494133702,0.0,0.0,1.1485965588830787,1.0460160598618982,2.160316867406283,0.0,0.0,5.061817027406734,2.048028879996367,0.0,0.0,1.1972263242145436,0.0,1.8525700367549582,2.934842748001361,0.0,4.067592957840823,0.0,0.4446920364556441,0.0,0.5142706929377411,3.801024107263082,0.0,0.0,0.0,0.0,0.0,3.2012677312928246,0.9613929344798458},fitness=net.sf.jclec.fitness.SimpleValueFitness@5e025e70[value=174.83277605716086]]
Average fitness = 174.83277605716086
Fitness variance = 0.0
Generation 460 Report
Best individual: net.sf.jclec.realarray.RealArrayIndividual@1fbc7afb[genotype={1.8985754494133702,0.0,0.0,1.1485965588830787,1.0460160598618982,2.160316867406283,0.0,0.0,5.061817027406734,2.048028879996367,0.0,0.0,1.1972263242145436,0.0,1.8525700367549582,2.934842748001361,0.0,4.067592957840823,0.0,0.4446920364556441,0.0,0.5142706929377411,3.801024107263082,0.0,0.0,0.0,0.0,0.0,3.2012677312928246,0.9613929344798458},fitness=net.sf.jclec.fitness.SimpleValueFitness@4cdbe50f[value=174.83277605716086]]
Worst individual: net.sf.jclec.realarray.RealArrayIndividual@1fbc7afb[genotype={1.8985754494133702,0.0,0.0,1.1485965588830787,1.0460160598618982,2.160316867406283,0.0,0.0,5.061817027406734,2.048028879996367,0.0,0.0,1.1972263242145436,0.0,1.8525700367549582,2.934842748001361,0.0,4.067592957840823,0.0,0.4446920364556441,0.0,0.5142706929377411,3.801024107263082,0.0,0.0,0.0,0.0,0.0,3.2012677312928246,0.9613929344798458},fitness=net.sf.jclec.fitness.SimpleValueFitness@4cdbe50f[value=174.83277605716086]]
Median individual: net.sf.jclec.realarray.RealArrayIndividual@1fbc7afb[genotype={1.8985754494133702,0.0,0.0,1.1485965588830787,1.0460160598618982,2.160316867406283,0.0,0.0,5.061817027406734,2.048028879996367,0.0,0.0,1.1972263242145436,0.0,1.8525700367549582,2.934842748001361,0.0,4.067592957840823,0.0,0.4446920364556441,0.0,0.5142706929377411,3.801024107263082,0.0,0.0,0.0,0.0,0.0,3.2012677312928246,0.9613929344798458},fitness=net.sf.jclec.fitness.SimpleValueFitness@4cdbe50f[value=174.83277605716086]]
Average fitness = 174.83277605716086
Fitness variance = 0.0
Generation 470 Report
Best individual: net.sf.jclec.realarray.RealArrayIndividual@66d33a[genotype={1.8985754494133702,0.0,0.0,1.1485965588830787,1.0460160598618982,2.160316867406283,0.0,0.0,5.061817027406734,2.048028879996367,0.0,0.0,1.1972263242145436,0.0,1.8525700367549582,2.934842748001361,0.0,4.067592957840823,0.0,0.4446920364556441,0.0,0.5142706929377411,3.801024107263082,0.0,0.0,0.0,0.0,0.0,3.2012677312928246,0.9613929344798458},fitness=net.sf.jclec.fitness.SimpleValueFitness@7e0babb1[value=174.83277605716086]]
Worst individual: net.sf.jclec.realarray.RealArrayIndividual@66d33a[genotype={1.8985754494133702,0.0,0.0,1.1485965588830787,1.0460160598618982,2.160316867406283,0.0,0.0,5.061817027406734,2.048028879996367,0.0,0.0,1.1972263242145436,0.0,1.8525700367549582,2.934842748001361,0.0,4.067592957840823,0.0,0.4446920364556441,0.0,0.5142706929377411,3.801024107263082,0.0,0.0,0.0,0.0,0.0,3.2012677312928246,0.9613929344798458},fitness=net.sf.jclec.fitness.SimpleValueFitness@7e0babb1[value=174.83277605716086]]
Median individual: net.sf.jclec.realarray.RealArrayIndividual@66d33a[genotype={1.8985754494133702,0.0,0.0,1.1485965588830787,1.0460160598618982,2.160316867406283,0.0,0.0,5.061817027406734,2.048028879996367,0.0,0.0,1.1972263242145436,0.0,1.8525700367549582,2.934842748001361,0.0,4.067592957840823,0.0,0.4446920364556441,0.0,0.5142706929377411,3.801024107263082,0.0,0.0,0.0,0.0,0.0,3.2012677312928246,0.9613929344798458},fitness=net.sf.jclec.fitness.SimpleValueFitness@7e0babb1[value=174.83277605716086]]
Average fitness = 174.83277605716086
Fitness variance = 0.0
Generation 480 Report
Best individual: net.sf.jclec.realarray.RealArrayIndividual@6debcae2[genotype={1.8985754494133702,0.0,0.0,1.1485965588830787,1.0460160598618982,2.160316867406283,0.0,0.0,5.061817027406734,2.048028879996367,0.0,0.0,1.1972263242145436,0.0,1.8525700367549582,2.934842748001361,0.0,4.067592957840823,0.0,0.4446920364556441,0.0,0.5142706929377411,3.801024107263082,0.0,0.0,0.0,0.0,0.0,3.2012677312928246,0.9613929344798458},fitness=net.sf.jclec.fitness.SimpleValueFitness@2ff4f00f[value=174.83277605716086]]
Worst individual: net.sf.jclec.realarray.RealArrayIndividual@6debcae2[genotype={1.8985754494133702,0.0,0.0,1.1485965588830787,1.0460160598618982,2.160316867406283,0.0,0.0,5.061817027406734,2.048028879996367,0.0,0.0,1.1972263242145436,0.0,1.8525700367549582,2.934842748001361,0.0,4.067592957840823,0.0,0.4446920364556441,0.0,0.5142706929377411,3.801024107263082,0.0,0.0,0.0,0.0,0.0,3.2012677312928246,0.9613929344798458},fitness=net.sf.jclec.fitness.SimpleValueFitness@2ff4f00f[value=174.83277605716086]]
Median individual: net.sf.jclec.realarray.RealArrayIndividual@6debcae2[genotype={1.8985754494133702,0.0,0.0,1.1485965588830787,1.0460160598618982,2.160316867406283,0.0,0.0,5.061817027406734,2.048028879996367,0.0,0.0,1.1972263242145436,0.0,1.8525700367549582,2.934842748001361,0.0,4.067592957840823,0.0,0.4446920364556441,0.0,0.5142706929377411,3.801024107263082,0.0,0.0,0.0,0.0,0.0,3.2012677312928246,0.9613929344798458},fitness=net.sf.jclec.fitness.SimpleValueFitness@2ff4f00f[value=174.83277605716086]]
Average fitness = 174.83277605716086
Fitness variance = 0.0
Generation 490 Report
Best individual: net.sf.jclec.realarray.RealArrayIndividual@c818063[genotype={1.8985754494133702,0.0,0.0,1.1485965588830787,1.0460160598618982,2.160316867406283,0.0,0.0,5.061817027406734,2.048028879996367,0.0,0.0,1.1972263242145436,0.0,1.8525700367549582,2.934842748001361,0.0,4.067592957840823,0.0,0.4446920364556441,0.0,0.5142706929377411,3.801024107263082,0.0,0.0,0.0,0.0,0.0,3.2012677312928246,0.9613929344798458},fitness=net.sf.jclec.fitness.SimpleValueFitness@75bd9247[value=174.83277605716086]]
Worst individual: net.sf.jclec.realarray.RealArrayIndividual@c818063[genotype={1.8985754494133702,0.0,0.0,1.1485965588830787,1.0460160598618982,2.160316867406283,0.0,0.0,5.061817027406734,2.048028879996367,0.0,0.0,1.1972263242145436,0.0,1.8525700367549582,2.934842748001361,0.0,4.067592957840823,0.0,0.4446920364556441,0.0,0.5142706929377411,3.801024107263082,0.0,0.0,0.0,0.0,0.0,3.2012677312928246,0.9613929344798458},fitness=net.sf.jclec.fitness.SimpleValueFitness@75bd9247[value=174.83277605716086]]
Median individual: net.sf.jclec.realarray.RealArrayIndividual@c818063[genotype={1.8985754494133702,0.0,0.0,1.1485965588830787,1.0460160598618982,2.160316867406283,0.0,0.0,5.061817027406734,2.048028879996367,0.0,0.0,1.1972263242145436,0.0,1.8525700367549582,2.934842748001361,0.0,4.067592957840823,0.0,0.4446920364556441,0.0,0.5142706929377411,3.801024107263082,0.0,0.0,0.0,0.0,0.0,3.2012677312928246,0.9613929344798458},fitness=net.sf.jclec.fitness.SimpleValueFitness@75bd9247[value=174.83277605716086]]
Average fitness = 174.83277605716086
Fitness variance = 0.0
Generation 500 Report
Best individual: net.sf.jclec.realarray.RealArrayIndividual@7d417077[genotype={1.8985754494133702,0.0,0.0,1.1485965588830787,1.0460160598618982,2.160316867406283,0.0,0.0,5.061817027406734,2.048028879996367,0.0,0.0,1.1972263242145436,0.0,1.8525700367549582,2.934842748001361,0.0,4.067592957840823,0.0,0.4446920364556441,0.0,0.5142706929377411,3.801024107263082,0.0,0.0,0.0,0.0,0.0,3.2012677312928246,0.9613929344798458},fitness=net.sf.jclec.fitness.SimpleValueFitness@35bbe5e8[value=174.83277605716086]]
Worst individual: net.sf.jclec.realarray.RealArrayIndividual@7d417077[genotype={1.8985754494133702,0.0,0.0,1.1485965588830787,1.0460160598618982,2.160316867406283,0.0,0.0,5.061817027406734,2.048028879996367,0.0,0.0,1.1972263242145436,0.0,1.8525700367549582,2.934842748001361,0.0,4.067592957840823,0.0,0.4446920364556441,0.0,0.5142706929377411,3.801024107263082,0.0,0.0,0.0,0.0,0.0,3.2012677312928246,0.9613929344798458},fitness=net.sf.jclec.fitness.SimpleValueFitness@35bbe5e8[value=174.83277605716086]]
Median individual: net.sf.jclec.realarray.RealArrayIndividual@7d417077[genotype={1.8985754494133702,0.0,0.0,1.1485965588830787,1.0460160598618982,2.160316867406283,0.0,0.0,5.061817027406734,2.048028879996367,0.0,0.0,1.1972263242145436,0.0,1.8525700367549582,2.934842748001361,0.0,4.067592957840823,0.0,0.4446920364556441,0.0,0.5142706929377411,3.801024107263082,0.0,0.0,0.0,0.0,0.0,3.2012677312928246,0.9613929344798458},fitness=net.sf.jclec.fitness.SimpleValueFitness@35bbe5e8[value=174.83277605716086]]
Average fitness = 174.83277605716086
Fitness variance = 0.0
