Sun Nov 04 15.10.15 CET 2018
Generation 0 Report
Best individual: net.sf.jclec.realarray.RealArrayIndividual@46ee7fe8[genotype={5.063078529553375,4.398219190314287,3.140329212905844,0.7948126103554591,2.9304272186783495,5.071879298645486,4.089008747926356,2.371420533920496,3.2008916749790757,3.1460061501638483,3.0707740261688623,0.6469364271065912,2.3582892107018654,1.0776748617176157,0.28544412437259264,2.5542247467049033,1.966148823445681,1.1099935667267733,4.094650225188124,1.0040349828679573,4.739334660007688,1.6047676929139616,2.809899015720483,0.6417992146901105,0.2802532343957499,1.2061783952456444,2.0530865918904273,2.6317929556062443,1.5231003556545855,1.8488874677104934},fitness=net.sf.jclec.fitness.SimpleValueFitness@4ee285c6[value=473.08688064180296]]
Worst individual: net.sf.jclec.realarray.RealArrayIndividual@6bf2d08e[genotype={4.594141310503514,4.655313559103834,3.659707591148391,3.3115827414002013,1.0271468418658238,2.376491642399933,4.1878977152747305,4.0570885858090735,2.8241921169439546,2.462936292068269,4.316384507049679,4.653169746865836,4.393039784960713,3.997908593904443,5.075071027324401,2.445966887385163,1.935454564396022,1.4035093022469511,0.07248393494760705,4.371700766034208,2.224931214894762,1.20788895322989,3.6106127864769597,4.981819023973968,4.432919639773129,4.816886861485192,0.2982387576330107,1.2307424284697985,0.4270192620319309,4.7239482236027435},fitness=net.sf.jclec.fitness.SimpleValueFitness@53e25b76[value=693.7074610073826]]
Median individual: net.sf.jclec.realarray.RealArrayIndividual@26f0a63f[genotype={1.4001702952551542,5.052318667790831,4.369186920998802,3.606779654582321,1.2790204158353358,4.780930015221628,1.9630260573426515,1.059341874386259,2.183181373974096,3.184299047955165,2.116513832083583,2.783561245971085,0.9898641546161107,1.6634524488851412,4.312868054641363,4.322665902179383,3.6878733376512574,0.5292828012725161,4.3601894613419425,4.416413031790716,2.7746157734868153,3.3080385489894515,4.55563842554293,0.19682596266305027,2.88204642045033,2.4365836163888996,5.064921822316782,3.333935549531279,1.6339162771206182,4.094630219484607},fitness=net.sf.jclec.fitness.SimpleValueFitness@53bd815b[value=632.3284482270295]]
Average fitness = 565.0818563269488
Fitness variance = 2548.0889844764024
Generation 10 Report
Best individual: net.sf.jclec.realarray.RealArrayIndividual@4ca8195f[genotype={1.9133741081406528,3.145029761026822,1.1045592897173402,1.9380603816416317,0.1607080427489858,1.586072187791859,2.124836635090807,2.40617644327396,1.8221537352698431,1.759716794069544,1.0227092220646128,3.948885857200526,3.5957404105160853,1.6231477711043623,1.3567704926527506,0.1963946016359768,1.0615316694951913,0.0,4.095245576323072,2.1840351366401136,3.1234461847764443,1.496280132167309,1.5914416003320877,2.98748203021753,0.0,1.6570370219381574,2.9233249906757472,2.8766265870411867,0.8163359395889012,3.369745122247598},fitness=net.sf.jclec.fitness.SimpleValueFitness@61baa894[value=368.1747198614797]]
Worst individual: net.sf.jclec.realarray.RealArrayIndividual@4ca8195f[genotype={1.9133741081406528,3.145029761026822,1.1045592897173402,1.9380603816416317,0.1607080427489858,1.586072187791859,2.124836635090807,2.40617644327396,1.8221537352698431,1.759716794069544,1.0227092220646128,3.948885857200526,3.5957404105160853,1.6231477711043623,1.3567704926527506,0.1963946016359768,1.0615316694951913,0.0,4.095245576323072,2.1840351366401136,3.1234461847764443,1.496280132167309,1.5914416003320877,2.98748203021753,0.0,1.6570370219381574,2.9233249906757472,2.8766265870411867,0.8163359395889012,3.369745122247598},fitness=net.sf.jclec.fitness.SimpleValueFitness@61baa894[value=368.1747198614797]]
Median individual: net.sf.jclec.realarray.RealArrayIndividual@4ca8195f[genotype={1.9133741081406528,3.145029761026822,1.1045592897173402,1.9380603816416317,0.1607080427489858,1.586072187791859,2.124836635090807,2.40617644327396,1.8221537352698431,1.759716794069544,1.0227092220646128,3.948885857200526,3.5957404105160853,1.6231477711043623,1.3567704926527506,0.1963946016359768,1.0615316694951913,0.0,4.095245576323072,2.1840351366401136,3.1234461847764443,1.496280132167309,1.5914416003320877,2.98748203021753,0.0,1.6570370219381574,2.9233249906757472,2.8766265870411867,0.8163359395889012,3.369745122247598},fitness=net.sf.jclec.fitness.SimpleValueFitness@61baa894[value=368.1747198614797]]
Average fitness = 368.1747198614797
Fitness variance = 0.0
Generation 20 Report
Best individual: net.sf.jclec.realarray.RealArrayIndividual@b065c63[genotype={1.9133741081406528,3.145029761026822,1.1045592897173402,1.9380603816416317,0.1607080427489858,1.586072187791859,2.124836635090807,2.40617644327396,1.8221537352698431,1.759716794069544,1.0227092220646128,3.948885857200526,3.5957404105160853,1.6231477711043623,1.3567704926527506,0.1963946016359768,1.0615316694951913,0.0,4.095245576323072,2.1840351366401136,3.1234461847764443,1.9286741510396737,1.5914416003320877,2.98748203021753,0.04822744367758219,1.6570370219381574,2.9233249906757472,2.8766265870411867,0.8163359395889012,3.369745122247598},fitness=net.sf.jclec.fitness.SimpleValueFitness@490d6c15[value=351.103828809514]]
Worst individual: net.sf.jclec.realarray.RealArrayIndividual@b065c63[genotype={1.9133741081406528,3.145029761026822,1.1045592897173402,1.9380603816416317,0.1607080427489858,1.586072187791859,2.124836635090807,2.40617644327396,1.8221537352698431,1.759716794069544,1.0227092220646128,3.948885857200526,3.5957404105160853,1.6231477711043623,1.3567704926527506,0.1963946016359768,1.0615316694951913,0.0,4.095245576323072,2.1840351366401136,3.1234461847764443,1.9286741510396737,1.5914416003320877,2.98748203021753,0.04822744367758219,1.6570370219381574,2.9233249906757472,2.8766265870411867,0.8163359395889012,3.369745122247598},fitness=net.sf.jclec.fitness.SimpleValueFitness@490d6c15[value=351.103828809514]]
Median individual: net.sf.jclec.realarray.RealArrayIndividual@b065c63[genotype={1.9133741081406528,3.145029761026822,1.1045592897173402,1.9380603816416317,0.1607080427489858,1.586072187791859,2.124836635090807,2.40617644327396,1.8221537352698431,1.759716794069544,1.0227092220646128,3.948885857200526,3.5957404105160853,1.6231477711043623,1.3567704926527506,0.1963946016359768,1.0615316694951913,0.0,4.095245576323072,2.1840351366401136,3.1234461847764443,1.9286741510396737,1.5914416003320877,2.98748203021753,0.04822744367758219,1.6570370219381574,2.9233249906757472,2.8766265870411867,0.8163359395889012,3.369745122247598},fitness=net.sf.jclec.fitness.SimpleValueFitness@490d6c15[value=351.103828809514]]
Average fitness = 351.103828809514
Fitness variance = 0.0
Generation 30 Report
Best individual: net.sf.jclec.realarray.RealArrayIndividual@7d4793a8[genotype={1.9133741081406528,3.145029761026822,1.1045592897173402,1.9380603816416317,0.1607080427489858,1.586072187791859,2.124836635090807,2.40617644327396,1.8221537352698431,1.759716794069544,1.0227092220646128,3.948885857200526,3.5957404105160853,1.6231477711043623,1.3567704926527506,0.1963946016359768,1.0615316694951913,0.0,4.095245576323072,2.1840351366401136,3.1234461847764443,1.9286741510396737,1.5914416003320877,2.98748203021753,0.04822744367758219,1.6570370219381574,2.9233249906757472,2.8766265870411867,0.8163359395889012,3.369745122247598},fitness=net.sf.jclec.fitness.SimpleValueFitness@5479e3f[value=351.103828809514]]
Worst individual: net.sf.jclec.realarray.RealArrayIndividual@7d4793a8[genotype={1.9133741081406528,3.145029761026822,1.1045592897173402,1.9380603816416317,0.1607080427489858,1.586072187791859,2.124836635090807,2.40617644327396,1.8221537352698431,1.759716794069544,1.0227092220646128,3.948885857200526,3.5957404105160853,1.6231477711043623,1.3567704926527506,0.1963946016359768,1.0615316694951913,0.0,4.095245576323072,2.1840351366401136,3.1234461847764443,1.9286741510396737,1.5914416003320877,2.98748203021753,0.04822744367758219,1.6570370219381574,2.9233249906757472,2.8766265870411867,0.8163359395889012,3.369745122247598},fitness=net.sf.jclec.fitness.SimpleValueFitness@5479e3f[value=351.103828809514]]
Median individual: net.sf.jclec.realarray.RealArrayIndividual@7d4793a8[genotype={1.9133741081406528,3.145029761026822,1.1045592897173402,1.9380603816416317,0.1607080427489858,1.586072187791859,2.124836635090807,2.40617644327396,1.8221537352698431,1.759716794069544,1.0227092220646128,3.948885857200526,3.5957404105160853,1.6231477711043623,1.3567704926527506,0.1963946016359768,1.0615316694951913,0.0,4.095245576323072,2.1840351366401136,3.1234461847764443,1.9286741510396737,1.5914416003320877,2.98748203021753,0.04822744367758219,1.6570370219381574,2.9233249906757472,2.8766265870411867,0.8163359395889012,3.369745122247598},fitness=net.sf.jclec.fitness.SimpleValueFitness@5479e3f[value=351.103828809514]]
Average fitness = 351.103828809514
Fitness variance = 0.0
Generation 40 Report
Best individual: net.sf.jclec.realarray.RealArrayIndividual@27082746[genotype={1.9133741081406528,3.145029761026822,1.1045592897173402,1.9380603816416317,0.1607080427489858,1.586072187791859,2.124836635090807,2.40617644327396,1.8221537352698431,1.759716794069544,1.0227092220646128,3.948885857200526,3.5957404105160853,1.6231477711043623,1.3567704926527506,0.1963946016359768,1.0615316694951913,0.0,4.095245576323072,2.1840351366401136,3.1234461847764443,1.9286741510396737,1.5914416003320877,2.98748203021753,0.04822744367758219,1.6570370219381574,2.9233249906757472,2.8766265870411867,0.8163359395889012,3.369745122247598},fitness=net.sf.jclec.fitness.SimpleValueFitness@7bfcd12c[value=351.103828809514]]
Worst individual: net.sf.jclec.realarray.RealArrayIndividual@27082746[genotype={1.9133741081406528,3.145029761026822,1.1045592897173402,1.9380603816416317,0.1607080427489858,1.586072187791859,2.124836635090807,2.40617644327396,1.8221537352698431,1.759716794069544,1.0227092220646128,3.948885857200526,3.5957404105160853,1.6231477711043623,1.3567704926527506,0.1963946016359768,1.0615316694951913,0.0,4.095245576323072,2.1840351366401136,3.1234461847764443,1.9286741510396737,1.5914416003320877,2.98748203021753,0.04822744367758219,1.6570370219381574,2.9233249906757472,2.8766265870411867,0.8163359395889012,3.369745122247598},fitness=net.sf.jclec.fitness.SimpleValueFitness@7bfcd12c[value=351.103828809514]]
Median individual: net.sf.jclec.realarray.RealArrayIndividual@27082746[genotype={1.9133741081406528,3.145029761026822,1.1045592897173402,1.9380603816416317,0.1607080427489858,1.586072187791859,2.124836635090807,2.40617644327396,1.8221537352698431,1.759716794069544,1.0227092220646128,3.948885857200526,3.5957404105160853,1.6231477711043623,1.3567704926527506,0.1963946016359768,1.0615316694951913,0.0,4.095245576323072,2.1840351366401136,3.1234461847764443,1.9286741510396737,1.5914416003320877,2.98748203021753,0.04822744367758219,1.6570370219381574,2.9233249906757472,2.8766265870411867,0.8163359395889012,3.369745122247598},fitness=net.sf.jclec.fitness.SimpleValueFitness@7bfcd12c[value=351.103828809514]]
Average fitness = 351.103828809514
Fitness variance = 0.0
Generation 50 Report
Best individual: net.sf.jclec.realarray.RealArrayIndividual@42f30e0a[genotype={1.9133741081406528,3.145029761026822,1.1045592897173402,1.9380603816416317,0.1607080427489858,1.5268533901665338,2.13471851794551,2.40617644327396,1.8221537352698431,1.759716794069544,1.0227092220646128,3.948885857200526,3.6387843114228056,1.6231477711043623,1.3567704926527506,0.1963946016359768,1.0615316694951913,0.0,4.095245576323072,2.1840351366401136,3.1234461847764443,1.9286741510396737,1.5914416003320877,2.98748203021753,0.04822744367758219,1.6570370219381574,2.9660663292386267,2.8766265870411867,0.8163359395889012,3.369745122247598},fitness=net.sf.jclec.fitness.SimpleValueFitness@5b1d2887[value=350.5382820029742]]
Worst individual: net.sf.jclec.realarray.RealArrayIndividual@42f30e0a[genotype={1.9133741081406528,3.145029761026822,1.1045592897173402,1.9380603816416317,0.1607080427489858,1.5268533901665338,2.13471851794551,2.40617644327396,1.8221537352698431,1.759716794069544,1.0227092220646128,3.948885857200526,3.6387843114228056,1.6231477711043623,1.3567704926527506,0.1963946016359768,1.0615316694951913,0.0,4.095245576323072,2.1840351366401136,3.1234461847764443,1.9286741510396737,1.5914416003320877,2.98748203021753,0.04822744367758219,1.6570370219381574,2.9660663292386267,2.8766265870411867,0.8163359395889012,3.369745122247598},fitness=net.sf.jclec.fitness.SimpleValueFitness@5b1d2887[value=350.5382820029742]]
Median individual: net.sf.jclec.realarray.RealArrayIndividual@42f30e0a[genotype={1.9133741081406528,3.145029761026822,1.1045592897173402,1.9380603816416317,0.1607080427489858,1.5268533901665338,2.13471851794551,2.40617644327396,1.8221537352698431,1.759716794069544,1.0227092220646128,3.948885857200526,3.6387843114228056,1.6231477711043623,1.3567704926527506,0.1963946016359768,1.0615316694951913,0.0,4.095245576323072,2.1840351366401136,3.1234461847764443,1.9286741510396737,1.5914416003320877,2.98748203021753,0.04822744367758219,1.6570370219381574,2.9660663292386267,2.8766265870411867,0.8163359395889012,3.369745122247598},fitness=net.sf.jclec.fitness.SimpleValueFitness@5b1d2887[value=350.5382820029742]]
Average fitness = 350.5382820029742
Fitness variance = 0.0
Generation 60 Report
Best individual: net.sf.jclec.realarray.RealArrayIndividual@46f5f779[genotype={1.9210711452941995,3.145029761026822,1.1045592897173402,1.9380603816416317,0.1607080427489858,1.5268533901665338,2.13471851794551,2.40617644327396,1.8221537352698431,1.759716794069544,1.0227092220646128,3.9823648653357346,3.6387843114228056,1.6231477711043623,1.3567704926527506,0.1963946016359768,1.0615316694951913,0.0,4.095245576323072,2.1840351366401136,3.1234461847764443,1.9286741510396737,1.5914416003320877,2.98748203021753,0.04822744367758219,1.6570370219381574,2.9660663292386267,2.8766265870411867,0.8163359395889012,3.1907178255755086},fitness=net.sf.jclec.fitness.SimpleValueFitness@18e8568[value=338.4954670409119]]
Worst individual: net.sf.jclec.realarray.RealArrayIndividual@46f5f779[genotype={1.9210711452941995,3.145029761026822,1.1045592897173402,1.9380603816416317,0.1607080427489858,1.5268533901665338,2.13471851794551,2.40617644327396,1.8221537352698431,1.759716794069544,1.0227092220646128,3.9823648653357346,3.6387843114228056,1.6231477711043623,1.3567704926527506,0.1963946016359768,1.0615316694951913,0.0,4.095245576323072,2.1840351366401136,3.1234461847764443,1.9286741510396737,1.5914416003320877,2.98748203021753,0.04822744367758219,1.6570370219381574,2.9660663292386267,2.8766265870411867,0.8163359395889012,3.1907178255755086},fitness=net.sf.jclec.fitness.SimpleValueFitness@18e8568[value=338.4954670409119]]
Median individual: net.sf.jclec.realarray.RealArrayIndividual@46f5f779[genotype={1.9210711452941995,3.145029761026822,1.1045592897173402,1.9380603816416317,0.1607080427489858,1.5268533901665338,2.13471851794551,2.40617644327396,1.8221537352698431,1.759716794069544,1.0227092220646128,3.9823648653357346,3.6387843114228056,1.6231477711043623,1.3567704926527506,0.1963946016359768,1.0615316694951913,0.0,4.095245576323072,2.1840351366401136,3.1234461847764443,1.9286741510396737,1.5914416003320877,2.98748203021753,0.04822744367758219,1.6570370219381574,2.9660663292386267,2.8766265870411867,0.8163359395889012,3.1907178255755086},fitness=net.sf.jclec.fitness.SimpleValueFitness@18e8568[value=338.4954670409119]]
Average fitness = 338.4954670409119
Fitness variance = 0.0
Generation 70 Report
Best individual: net.sf.jclec.realarray.RealArrayIndividual@33e5ccce[genotype={1.9210711452941995,3.145029761026822,1.1045592897173402,1.9380603816416317,0.1607080427489858,1.5268533901665338,2.13471851794551,2.40617644327396,1.8221537352698431,1.759716794069544,1.0227092220646128,3.9823648653357346,3.6387843114228056,1.6231477711043623,1.3567704926527506,0.1963946016359768,1.0615316694951913,0.0,4.095245576323072,2.1840351366401136,3.1234461847764443,1.9286741510396737,1.5914416003320877,2.98748203021753,0.04822744367758219,1.6570370219381574,2.9660663292386267,2.8766265870411867,0.8163359395889012,3.1907178255755086},fitness=net.sf.jclec.fitness.SimpleValueFitness@270421f5[value=338.4954670409119]]
Worst individual: net.sf.jclec.realarray.RealArrayIndividual@33e5ccce[genotype={1.9210711452941995,3.145029761026822,1.1045592897173402,1.9380603816416317,0.1607080427489858,1.5268533901665338,2.13471851794551,2.40617644327396,1.8221537352698431,1.759716794069544,1.0227092220646128,3.9823648653357346,3.6387843114228056,1.6231477711043623,1.3567704926527506,0.1963946016359768,1.0615316694951913,0.0,4.095245576323072,2.1840351366401136,3.1234461847764443,1.9286741510396737,1.5914416003320877,2.98748203021753,0.04822744367758219,1.6570370219381574,2.9660663292386267,2.8766265870411867,0.8163359395889012,3.1907178255755086},fitness=net.sf.jclec.fitness.SimpleValueFitness@270421f5[value=338.4954670409119]]
Median individual: net.sf.jclec.realarray.RealArrayIndividual@33e5ccce[genotype={1.9210711452941995,3.145029761026822,1.1045592897173402,1.9380603816416317,0.1607080427489858,1.5268533901665338,2.13471851794551,2.40617644327396,1.8221537352698431,1.759716794069544,1.0227092220646128,3.9823648653357346,3.6387843114228056,1.6231477711043623,1.3567704926527506,0.1963946016359768,1.0615316694951913,0.0,4.095245576323072,2.1840351366401136,3.1234461847764443,1.9286741510396737,1.5914416003320877,2.98748203021753,0.04822744367758219,1.6570370219381574,2.9660663292386267,2.8766265870411867,0.8163359395889012,3.1907178255755086},fitness=net.sf.jclec.fitness.SimpleValueFitness@270421f5[value=338.4954670409119]]
Average fitness = 338.4954670409119
Fitness variance = 0.0
Generation 80 Report
Best individual: net.sf.jclec.realarray.RealArrayIndividual@52d455b8[genotype={1.9210711452941995,3.145029761026822,1.1045592897173402,1.9380603816416317,0.1607080427489858,1.5268533901665338,2.1322709728932607,2.40617644327396,1.8240016465428817,1.759716794069544,1.0227092220646128,3.9823648653357346,3.6387843114228056,1.6231477711043623,1.3567704926527506,0.1963946016359768,1.0615316694951913,0.0,4.095245576323072,2.1840351366401136,3.1234461847764443,1.9281340917459635,1.5914416003320877,2.98748203021753,0.04822744367758219,1.6570370219381574,2.9660663292386267,2.8766265870411867,0.8163359395889012,3.1907178255755086},fitness=net.sf.jclec.fitness.SimpleValueFitness@18ef96[value=338.28596529543347]]
Worst individual: net.sf.jclec.realarray.RealArrayIndividual@52d455b8[genotype={1.9210711452941995,3.145029761026822,1.1045592897173402,1.9380603816416317,0.1607080427489858,1.5268533901665338,2.1322709728932607,2.40617644327396,1.8240016465428817,1.759716794069544,1.0227092220646128,3.9823648653357346,3.6387843114228056,1.6231477711043623,1.3567704926527506,0.1963946016359768,1.0615316694951913,0.0,4.095245576323072,2.1840351366401136,3.1234461847764443,1.9281340917459635,1.5914416003320877,2.98748203021753,0.04822744367758219,1.6570370219381574,2.9660663292386267,2.8766265870411867,0.8163359395889012,3.1907178255755086},fitness=net.sf.jclec.fitness.SimpleValueFitness@18ef96[value=338.28596529543347]]
Median individual: net.sf.jclec.realarray.RealArrayIndividual@52d455b8[genotype={1.9210711452941995,3.145029761026822,1.1045592897173402,1.9380603816416317,0.1607080427489858,1.5268533901665338,2.1322709728932607,2.40617644327396,1.8240016465428817,1.759716794069544,1.0227092220646128,3.9823648653357346,3.6387843114228056,1.6231477711043623,1.3567704926527506,0.1963946016359768,1.0615316694951913,0.0,4.095245576323072,2.1840351366401136,3.1234461847764443,1.9281340917459635,1.5914416003320877,2.98748203021753,0.04822744367758219,1.6570370219381574,2.9660663292386267,2.8766265870411867,0.8163359395889012,3.1907178255755086},fitness=net.sf.jclec.fitness.SimpleValueFitness@18ef96[value=338.28596529543347]]
Average fitness = 338.28596529543347
Fitness variance = 0.0
Generation 90 Report
Best individual: net.sf.jclec.realarray.RealArrayIndividual@6956de9[genotype={1.9210711452941995,3.145029761026822,1.1045592897173402,1.9380603816416317,0.1607080427489858,1.5268533901665338,2.1322709728932607,2.40617644327396,1.8240016465428817,1.759716794069544,1.0227092220646128,3.9823648653357346,3.6387843114228056,1.6231477711043623,1.3567704926527506,0.1963946016359768,1.0615316694951913,0.0,4.095245576323072,2.1840351366401136,3.1234461847764443,1.9281340917459635,1.5914416003320877,2.98748203021753,0.04822744367758219,1.6570370219381574,2.9660663292386267,2.8766265870411867,0.8163359395889012,3.1907178255755086},fitness=net.sf.jclec.fitness.SimpleValueFitness@6aceb1a5[value=338.28596529543347]]
Worst individual: net.sf.jclec.realarray.RealArrayIndividual@6956de9[genotype={1.9210711452941995,3.145029761026822,1.1045592897173402,1.9380603816416317,0.1607080427489858,1.5268533901665338,2.1322709728932607,2.40617644327396,1.8240016465428817,1.759716794069544,1.0227092220646128,3.9823648653357346,3.6387843114228056,1.6231477711043623,1.3567704926527506,0.1963946016359768,1.0615316694951913,0.0,4.095245576323072,2.1840351366401136,3.1234461847764443,1.9281340917459635,1.5914416003320877,2.98748203021753,0.04822744367758219,1.6570370219381574,2.9660663292386267,2.8766265870411867,0.8163359395889012,3.1907178255755086},fitness=net.sf.jclec.fitness.SimpleValueFitness@6aceb1a5[value=338.28596529543347]]
Median individual: net.sf.jclec.realarray.RealArrayIndividual@6956de9[genotype={1.9210711452941995,3.145029761026822,1.1045592897173402,1.9380603816416317,0.1607080427489858,1.5268533901665338,2.1322709728932607,2.40617644327396,1.8240016465428817,1.759716794069544,1.0227092220646128,3.9823648653357346,3.6387843114228056,1.6231477711043623,1.3567704926527506,0.1963946016359768,1.0615316694951913,0.0,4.095245576323072,2.1840351366401136,3.1234461847764443,1.9281340917459635,1.5914416003320877,2.98748203021753,0.04822744367758219,1.6570370219381574,2.9660663292386267,2.8766265870411867,0.8163359395889012,3.1907178255755086},fitness=net.sf.jclec.fitness.SimpleValueFitness@6aceb1a5[value=338.28596529543347]]
Average fitness = 338.28596529543347
Fitness variance = 0.0
Generation 100 Report
Best individual: net.sf.jclec.realarray.RealArrayIndividual@2d6d8735[genotype={1.9210711452941995,3.145029761026822,1.1045592897173402,1.9380603816416317,0.1607080427489858,1.5268533901665338,2.1322709728932607,2.40617644327396,1.8240016465428817,1.759716794069544,1.0227092220646128,3.9823648653357346,3.6387843114228056,1.6231477711043623,1.3567704926527506,0.1963946016359768,1.0615316694951913,0.0,4.095245576323072,2.1840351366401136,3.1234461847764443,1.9281340917459635,1.5914416003320877,2.98748203021753,0.04822744367758219,1.6570370219381574,2.9660663292386267,2.8766265870411867,0.8163359395889012,3.1907178255755086},fitness=net.sf.jclec.fitness.SimpleValueFitness@12bc6874[value=338.28596529543347]]
Worst individual: net.sf.jclec.realarray.RealArrayIndividual@2d6d8735[genotype={1.9210711452941995,3.145029761026822,1.1045592897173402,1.9380603816416317,0.1607080427489858,1.5268533901665338,2.1322709728932607,2.40617644327396,1.8240016465428817,1.759716794069544,1.0227092220646128,3.9823648653357346,3.6387843114228056,1.6231477711043623,1.3567704926527506,0.1963946016359768,1.0615316694951913,0.0,4.095245576323072,2.1840351366401136,3.1234461847764443,1.9281340917459635,1.5914416003320877,2.98748203021753,0.04822744367758219,1.6570370219381574,2.9660663292386267,2.8766265870411867,0.8163359395889012,3.1907178255755086},fitness=net.sf.jclec.fitness.SimpleValueFitness@12bc6874[value=338.28596529543347]]
Median individual: net.sf.jclec.realarray.RealArrayIndividual@2d6d8735[genotype={1.9210711452941995,3.145029761026822,1.1045592897173402,1.9380603816416317,0.1607080427489858,1.5268533901665338,2.1322709728932607,2.40617644327396,1.8240016465428817,1.759716794069544,1.0227092220646128,3.9823648653357346,3.6387843114228056,1.6231477711043623,1.3567704926527506,0.1963946016359768,1.0615316694951913,0.0,4.095245576323072,2.1840351366401136,3.1234461847764443,1.9281340917459635,1.5914416003320877,2.98748203021753,0.04822744367758219,1.6570370219381574,2.9660663292386267,2.8766265870411867,0.8163359395889012,3.1907178255755086},fitness=net.sf.jclec.fitness.SimpleValueFitness@12bc6874[value=338.28596529543347]]
Average fitness = 338.28596529543347
Fitness variance = 0.0
Generation 110 Report
Best individual: net.sf.jclec.realarray.RealArrayIndividual@de0a01f[genotype={1.9210711452941995,3.145029761026822,1.1045592897173402,1.9380603816416317,0.1607080427489858,1.5268533901665338,2.1322709728932607,2.40617644327396,1.8240016465428817,1.759716794069544,1.0227092220646128,3.982423031872786,3.6387843114228056,1.6231477711043623,1.3567704926527506,0.1963946016359768,1.0615316694951913,0.0,4.095245576323072,2.1840351366401136,3.1234461847764443,1.9281427811977718,1.5914416003320877,2.98748203021753,0.04822744367758219,1.6570370219381574,2.9660663292386267,2.8766265870411867,0.8163359395889012,3.1907178255755086},fitness=net.sf.jclec.fitness.SimpleValueFitness@1ef7fe8e[value=338.2858203940016]]
Worst individual: net.sf.jclec.realarray.RealArrayIndividual@de0a01f[genotype={1.9210711452941995,3.145029761026822,1.1045592897173402,1.9380603816416317,0.1607080427489858,1.5268533901665338,2.1322709728932607,2.40617644327396,1.8240016465428817,1.759716794069544,1.0227092220646128,3.982423031872786,3.6387843114228056,1.6231477711043623,1.3567704926527506,0.1963946016359768,1.0615316694951913,0.0,4.095245576323072,2.1840351366401136,3.1234461847764443,1.9281427811977718,1.5914416003320877,2.98748203021753,0.04822744367758219,1.6570370219381574,2.9660663292386267,2.8766265870411867,0.8163359395889012,3.1907178255755086},fitness=net.sf.jclec.fitness.SimpleValueFitness@1ef7fe8e[value=338.2858203940016]]
Median individual: net.sf.jclec.realarray.RealArrayIndividual@de0a01f[genotype={1.9210711452941995,3.145029761026822,1.1045592897173402,1.9380603816416317,0.1607080427489858,1.5268533901665338,2.1322709728932607,2.40617644327396,1.8240016465428817,1.759716794069544,1.0227092220646128,3.982423031872786,3.6387843114228056,1.6231477711043623,1.3567704926527506,0.1963946016359768,1.0615316694951913,0.0,4.095245576323072,2.1840351366401136,3.1234461847764443,1.9281427811977718,1.5914416003320877,2.98748203021753,0.04822744367758219,1.6570370219381574,2.9660663292386267,2.8766265870411867,0.8163359395889012,3.1907178255755086},fitness=net.sf.jclec.fitness.SimpleValueFitness@1ef7fe8e[value=338.2858203940016]]
Average fitness = 338.2858203940016
Fitness variance = 0.0
Generation 120 Report
Best individual: net.sf.jclec.realarray.RealArrayIndividual@6f79caec[genotype={1.9210711452941995,3.145029761026822,1.1045592897173402,1.9380603816416317,0.1607080427489858,1.5268533901665338,2.1322709728932607,2.40617644327396,1.8240016465428817,1.759716794069544,1.0227092220646128,3.982423031872786,3.6387843114228056,1.6231477711043623,1.3567704926527506,0.1963946016359768,1.0615316694951913,0.0,4.095245576323072,2.1840351366401136,3.1234461847764443,1.9281427811977718,1.5914416003320877,2.98748203021753,0.04822744367758219,1.6570370219381574,2.9660747632296216,2.8766265870411867,0.8163359395889012,3.1907178255755086},fitness=net.sf.jclec.fitness.SimpleValueFitness@5d3411d[value=338.2857583076851]]
Worst individual: net.sf.jclec.realarray.RealArrayIndividual@6f79caec[genotype={1.9210711452941995,3.145029761026822,1.1045592897173402,1.9380603816416317,0.1607080427489858,1.5268533901665338,2.1322709728932607,2.40617644327396,1.8240016465428817,1.759716794069544,1.0227092220646128,3.982423031872786,3.6387843114228056,1.6231477711043623,1.3567704926527506,0.1963946016359768,1.0615316694951913,0.0,4.095245576323072,2.1840351366401136,3.1234461847764443,1.9281427811977718,1.5914416003320877,2.98748203021753,0.04822744367758219,1.6570370219381574,2.9660747632296216,2.8766265870411867,0.8163359395889012,3.1907178255755086},fitness=net.sf.jclec.fitness.SimpleValueFitness@5d3411d[value=338.2857583076851]]
Median individual: net.sf.jclec.realarray.RealArrayIndividual@6f79caec[genotype={1.9210711452941995,3.145029761026822,1.1045592897173402,1.9380603816416317,0.1607080427489858,1.5268533901665338,2.1322709728932607,2.40617644327396,1.8240016465428817,1.759716794069544,1.0227092220646128,3.982423031872786,3.6387843114228056,1.6231477711043623,1.3567704926527506,0.1963946016359768,1.0615316694951913,0.0,4.095245576323072,2.1840351366401136,3.1234461847764443,1.9281427811977718,1.5914416003320877,2.98748203021753,0.04822744367758219,1.6570370219381574,2.9660747632296216,2.8766265870411867,0.8163359395889012,3.1907178255755086},fitness=net.sf.jclec.fitness.SimpleValueFitness@5d3411d[value=338.2857583076851]]
Average fitness = 338.2857583076851
Fitness variance = 0.0
Generation 130 Report
Best individual: net.sf.jclec.realarray.RealArrayIndividual@2471cca7[genotype={1.9210711452941995,3.145029761026822,1.1045592897173402,1.9380603816416317,0.1607080427489858,1.5268533901665338,2.1322709728932607,2.40617644327396,1.8240016465428817,1.759716794069544,1.0227092220646128,3.982423031872786,3.6387843114228056,1.6231477711043623,1.3567704926527506,0.1963946016359768,1.0615316694951913,0.0,4.095245576323072,2.1840351366401136,3.1234461847764443,1.9281427811977718,1.5914416003320877,2.98748203021753,0.04822744367758219,1.6570370219381574,2.9660747632296216,2.8766265870411867,0.8163359395889012,3.1907178255755086},fitness=net.sf.jclec.fitness.SimpleValueFitness@6979e8cb[value=338.2857583076851]]
Worst individual: net.sf.jclec.realarray.RealArrayIndividual@2471cca7[genotype={1.9210711452941995,3.145029761026822,1.1045592897173402,1.9380603816416317,0.1607080427489858,1.5268533901665338,2.1322709728932607,2.40617644327396,1.8240016465428817,1.759716794069544,1.0227092220646128,3.982423031872786,3.6387843114228056,1.6231477711043623,1.3567704926527506,0.1963946016359768,1.0615316694951913,0.0,4.095245576323072,2.1840351366401136,3.1234461847764443,1.9281427811977718,1.5914416003320877,2.98748203021753,0.04822744367758219,1.6570370219381574,2.9660747632296216,2.8766265870411867,0.8163359395889012,3.1907178255755086},fitness=net.sf.jclec.fitness.SimpleValueFitness@6979e8cb[value=338.2857583076851]]
Median individual: net.sf.jclec.realarray.RealArrayIndividual@2471cca7[genotype={1.9210711452941995,3.145029761026822,1.1045592897173402,1.9380603816416317,0.1607080427489858,1.5268533901665338,2.1322709728932607,2.40617644327396,1.8240016465428817,1.759716794069544,1.0227092220646128,3.982423031872786,3.6387843114228056,1.6231477711043623,1.3567704926527506,0.1963946016359768,1.0615316694951913,0.0,4.095245576323072,2.1840351366401136,3.1234461847764443,1.9281427811977718,1.5914416003320877,2.98748203021753,0.04822744367758219,1.6570370219381574,2.9660747632296216,2.8766265870411867,0.8163359395889012,3.1907178255755086},fitness=net.sf.jclec.fitness.SimpleValueFitness@6979e8cb[value=338.2857583076851]]
Average fitness = 338.2857583076851
Fitness variance = 0.0
Generation 140 Report
Best individual: net.sf.jclec.realarray.RealArrayIndividual@763d9750[genotype={1.9210711452941995,3.145029761026822,1.1045592897173402,1.9380603816416317,0.1607080427489858,1.5268533901665338,2.1322709728932607,2.40617644327396,1.8240016465428817,1.759716794069544,1.0227092220646128,3.982423031872786,3.643694500870313,1.6231477711043623,1.3567704926527506,0.1963946016359768,1.0615316694951913,0.0,4.095245576323072,2.1840351366401136,3.1234461847764443,1.9281427811977718,1.5914416003320877,2.98748203021753,0.04822744367758219,1.6570370219381574,2.97512576486057,2.8766265870411867,0.8163359395889012,3.1907178255755086},fitness=net.sf.jclec.fitness.SimpleValueFitness@2be94b0f[value=338.031619438949]]
Worst individual: net.sf.jclec.realarray.RealArrayIndividual@763d9750[genotype={1.9210711452941995,3.145029761026822,1.1045592897173402,1.9380603816416317,0.1607080427489858,1.5268533901665338,2.1322709728932607,2.40617644327396,1.8240016465428817,1.759716794069544,1.0227092220646128,3.982423031872786,3.643694500870313,1.6231477711043623,1.3567704926527506,0.1963946016359768,1.0615316694951913,0.0,4.095245576323072,2.1840351366401136,3.1234461847764443,1.9281427811977718,1.5914416003320877,2.98748203021753,0.04822744367758219,1.6570370219381574,2.97512576486057,2.8766265870411867,0.8163359395889012,3.1907178255755086},fitness=net.sf.jclec.fitness.SimpleValueFitness@2be94b0f[value=338.031619438949]]
Median individual: net.sf.jclec.realarray.RealArrayIndividual@763d9750[genotype={1.9210711452941995,3.145029761026822,1.1045592897173402,1.9380603816416317,0.1607080427489858,1.5268533901665338,2.1322709728932607,2.40617644327396,1.8240016465428817,1.759716794069544,1.0227092220646128,3.982423031872786,3.643694500870313,1.6231477711043623,1.3567704926527506,0.1963946016359768,1.0615316694951913,0.0,4.095245576323072,2.1840351366401136,3.1234461847764443,1.9281427811977718,1.5914416003320877,2.98748203021753,0.04822744367758219,1.6570370219381574,2.97512576486057,2.8766265870411867,0.8163359395889012,3.1907178255755086},fitness=net.sf.jclec.fitness.SimpleValueFitness@2be94b0f[value=338.031619438949]]
Average fitness = 338.031619438949
Fitness variance = 0.0
Generation 150 Report
Best individual: net.sf.jclec.realarray.RealArrayIndividual@d70c109[genotype={1.9210711452941995,3.145029761026822,1.1045592897173402,1.9380603816416317,0.1607080427489858,1.5268533901665338,2.1452458981337434,2.40617644327396,1.8240016465428817,1.759716794069544,1.0227092220646128,3.982423031872786,3.643694500870313,1.6231477711043623,1.3567704926527506,0.1963946016359768,1.0615316694951913,0.0,4.095245576323072,2.1840351366401136,3.1234461847764443,1.9281427811977718,1.6008119456633139,2.969848092995644,0.04822744367758219,1.6570370219381574,2.97512576486057,2.8766265870411867,0.8163359395889012,3.179197230823463},fitness=net.sf.jclec.fitness.SimpleValueFitness@50675690[value=337.71208230842666]]
Worst individual: net.sf.jclec.realarray.RealArrayIndividual@d70c109[genotype={1.9210711452941995,3.145029761026822,1.1045592897173402,1.9380603816416317,0.1607080427489858,1.5268533901665338,2.1452458981337434,2.40617644327396,1.8240016465428817,1.759716794069544,1.0227092220646128,3.982423031872786,3.643694500870313,1.6231477711043623,1.3567704926527506,0.1963946016359768,1.0615316694951913,0.0,4.095245576323072,2.1840351366401136,3.1234461847764443,1.9281427811977718,1.6008119456633139,2.969848092995644,0.04822744367758219,1.6570370219381574,2.97512576486057,2.8766265870411867,0.8163359395889012,3.179197230823463},fitness=net.sf.jclec.fitness.SimpleValueFitness@50675690[value=337.71208230842666]]
Median individual: net.sf.jclec.realarray.RealArrayIndividual@d70c109[genotype={1.9210711452941995,3.145029761026822,1.1045592897173402,1.9380603816416317,0.1607080427489858,1.5268533901665338,2.1452458981337434,2.40617644327396,1.8240016465428817,1.759716794069544,1.0227092220646128,3.982423031872786,3.643694500870313,1.6231477711043623,1.3567704926527506,0.1963946016359768,1.0615316694951913,0.0,4.095245576323072,2.1840351366401136,3.1234461847764443,1.9281427811977718,1.6008119456633139,2.969848092995644,0.04822744367758219,1.6570370219381574,2.97512576486057,2.8766265870411867,0.8163359395889012,3.179197230823463},fitness=net.sf.jclec.fitness.SimpleValueFitness@50675690[value=337.71208230842666]]
Average fitness = 337.71208230842666
Fitness variance = 0.0
Generation 160 Report
Best individual: net.sf.jclec.realarray.RealArrayIndividual@31b7dea0[genotype={1.9210711452941995,3.145029761026822,1.1045592897173402,1.9380603816416317,0.1607080427489858,1.5268533901665338,2.1452458981337434,2.40617644327396,1.8240016465428817,1.759716794069544,1.0227092220646128,3.982423031872786,3.643694500870313,1.6231477711043623,1.3567704926527506,0.1963946016359768,1.0615316694951913,0.0,4.095245576323072,2.1840351366401136,3.1234461847764443,1.9281427811977718,1.6008119456633139,2.969848092995644,0.04822744367758219,1.6570370219381574,2.97512576486057,2.8766265870411867,0.8860485216309223,3.179197230823463},fitness=net.sf.jclec.fitness.SimpleValueFitness@47d384ee[value=334.33461874217863]]
Worst individual: net.sf.jclec.realarray.RealArrayIndividual@31b7dea0[genotype={1.9210711452941995,3.145029761026822,1.1045592897173402,1.9380603816416317,0.1607080427489858,1.5268533901665338,2.1452458981337434,2.40617644327396,1.8240016465428817,1.759716794069544,1.0227092220646128,3.982423031872786,3.643694500870313,1.6231477711043623,1.3567704926527506,0.1963946016359768,1.0615316694951913,0.0,4.095245576323072,2.1840351366401136,3.1234461847764443,1.9281427811977718,1.6008119456633139,2.969848092995644,0.04822744367758219,1.6570370219381574,2.97512576486057,2.8766265870411867,0.8860485216309223,3.179197230823463},fitness=net.sf.jclec.fitness.SimpleValueFitness@47d384ee[value=334.33461874217863]]
Median individual: net.sf.jclec.realarray.RealArrayIndividual@31b7dea0[genotype={1.9210711452941995,3.145029761026822,1.1045592897173402,1.9380603816416317,0.1607080427489858,1.5268533901665338,2.1452458981337434,2.40617644327396,1.8240016465428817,1.759716794069544,1.0227092220646128,3.982423031872786,3.643694500870313,1.6231477711043623,1.3567704926527506,0.1963946016359768,1.0615316694951913,0.0,4.095245576323072,2.1840351366401136,3.1234461847764443,1.9281427811977718,1.6008119456633139,2.969848092995644,0.04822744367758219,1.6570370219381574,2.97512576486057,2.8766265870411867,0.8860485216309223,3.179197230823463},fitness=net.sf.jclec.fitness.SimpleValueFitness@47d384ee[value=334.33461874217863]]
Average fitness = 334.33461874217863
Fitness variance = 0.0
Generation 170 Report
Best individual: net.sf.jclec.realarray.RealArrayIndividual@2d6a9952[genotype={1.9210711452941995,3.145029761026822,1.1045592897173402,1.9380603816416317,0.1607080427489858,1.5268533901665338,2.1452458981337434,2.40617644327396,1.8240016465428817,1.759716794069544,1.0227092220646128,3.982423031872786,3.643694500870313,1.6231477711043623,1.3567704926527506,0.1963946016359768,1.0615316694951913,0.0,4.095245576323072,2.1840351366401136,3.1234461847764443,1.9281427811977718,1.6008119456633139,2.969848092995644,0.04822744367758219,1.6570370219381574,2.97512576486057,2.8766265870411867,0.8860485216309223,3.179197230823463},fitness=net.sf.jclec.fitness.SimpleValueFitness@3930015a[value=334.33461874217863]]
Worst individual: net.sf.jclec.realarray.RealArrayIndividual@2d6a9952[genotype={1.9210711452941995,3.145029761026822,1.1045592897173402,1.9380603816416317,0.1607080427489858,1.5268533901665338,2.1452458981337434,2.40617644327396,1.8240016465428817,1.759716794069544,1.0227092220646128,3.982423031872786,3.643694500870313,1.6231477711043623,1.3567704926527506,0.1963946016359768,1.0615316694951913,0.0,4.095245576323072,2.1840351366401136,3.1234461847764443,1.9281427811977718,1.6008119456633139,2.969848092995644,0.04822744367758219,1.6570370219381574,2.97512576486057,2.8766265870411867,0.8860485216309223,3.179197230823463},fitness=net.sf.jclec.fitness.SimpleValueFitness@3930015a[value=334.33461874217863]]
Median individual: net.sf.jclec.realarray.RealArrayIndividual@2d6a9952[genotype={1.9210711452941995,3.145029761026822,1.1045592897173402,1.9380603816416317,0.1607080427489858,1.5268533901665338,2.1452458981337434,2.40617644327396,1.8240016465428817,1.759716794069544,1.0227092220646128,3.982423031872786,3.643694500870313,1.6231477711043623,1.3567704926527506,0.1963946016359768,1.0615316694951913,0.0,4.095245576323072,2.1840351366401136,3.1234461847764443,1.9281427811977718,1.6008119456633139,2.969848092995644,0.04822744367758219,1.6570370219381574,2.97512576486057,2.8766265870411867,0.8860485216309223,3.179197230823463},fitness=net.sf.jclec.fitness.SimpleValueFitness@3930015a[value=334.33461874217863]]
Average fitness = 334.33461874217863
Fitness variance = 0.0
Generation 180 Report
Best individual: net.sf.jclec.realarray.RealArrayIndividual@629f0666[genotype={1.9210711452941995,3.145029761026822,1.1045592897173402,1.9380603816416317,0.1607080427489858,1.5268533901665338,2.1452458981337434,2.40617644327396,1.8240016465428817,1.759716794069544,1.0227092220646128,3.982423031872786,3.643694500870313,1.6231477711043623,1.3567704926527506,0.1963946016359768,1.0615316694951913,0.0,4.095245576323072,2.1840351366401136,3.1234461847764443,1.9281427811977718,1.6008119456633139,2.969848092995644,0.04822744367758219,1.6570370219381574,2.97512576486057,2.8766265870411867,0.8860485216309223,3.179197230823463},fitness=net.sf.jclec.fitness.SimpleValueFitness@1ff8b8f[value=334.33461874217863]]
Worst individual: net.sf.jclec.realarray.RealArrayIndividual@629f0666[genotype={1.9210711452941995,3.145029761026822,1.1045592897173402,1.9380603816416317,0.1607080427489858,1.5268533901665338,2.1452458981337434,2.40617644327396,1.8240016465428817,1.759716794069544,1.0227092220646128,3.982423031872786,3.643694500870313,1.6231477711043623,1.3567704926527506,0.1963946016359768,1.0615316694951913,0.0,4.095245576323072,2.1840351366401136,3.1234461847764443,1.9281427811977718,1.6008119456633139,2.969848092995644,0.04822744367758219,1.6570370219381574,2.97512576486057,2.8766265870411867,0.8860485216309223,3.179197230823463},fitness=net.sf.jclec.fitness.SimpleValueFitness@1ff8b8f[value=334.33461874217863]]
Median individual: net.sf.jclec.realarray.RealArrayIndividual@629f0666[genotype={1.9210711452941995,3.145029761026822,1.1045592897173402,1.9380603816416317,0.1607080427489858,1.5268533901665338,2.1452458981337434,2.40617644327396,1.8240016465428817,1.759716794069544,1.0227092220646128,3.982423031872786,3.643694500870313,1.6231477711043623,1.3567704926527506,0.1963946016359768,1.0615316694951913,0.0,4.095245576323072,2.1840351366401136,3.1234461847764443,1.9281427811977718,1.6008119456633139,2.969848092995644,0.04822744367758219,1.6570370219381574,2.97512576486057,2.8766265870411867,0.8860485216309223,3.179197230823463},fitness=net.sf.jclec.fitness.SimpleValueFitness@1ff8b8f[value=334.33461874217863]]
Average fitness = 334.33461874217863
Fitness variance = 0.0
Generation 190 Report
Best individual: net.sf.jclec.realarray.RealArrayIndividual@387c703b[genotype={1.9210711452941995,3.145029761026822,1.1045592897173402,1.9380603816416317,0.1607080427489858,1.5268533901665338,2.1452458981337434,2.40617644327396,1.8240016465428817,1.759716794069544,1.0227092220646128,3.982423031872786,3.643694500870313,1.6231477711043623,1.3567704926527506,0.1963946016359768,1.0615316694951913,0.0,4.095245576323072,2.1840351366401136,3.1234461847764443,1.9281427811977718,1.6008119456633139,2.969848092995644,0.04822744367758219,1.6570370219381574,2.97512576486057,2.8766265870411867,0.8860485216309223,3.179197230823463},fitness=net.sf.jclec.fitness.SimpleValueFitness@c39f790[value=334.33461874217863]]
Worst individual: net.sf.jclec.realarray.RealArrayIndividual@387c703b[genotype={1.9210711452941995,3.145029761026822,1.1045592897173402,1.9380603816416317,0.1607080427489858,1.5268533901665338,2.1452458981337434,2.40617644327396,1.8240016465428817,1.759716794069544,1.0227092220646128,3.982423031872786,3.643694500870313,1.6231477711043623,1.3567704926527506,0.1963946016359768,1.0615316694951913,0.0,4.095245576323072,2.1840351366401136,3.1234461847764443,1.9281427811977718,1.6008119456633139,2.969848092995644,0.04822744367758219,1.6570370219381574,2.97512576486057,2.8766265870411867,0.8860485216309223,3.179197230823463},fitness=net.sf.jclec.fitness.SimpleValueFitness@c39f790[value=334.33461874217863]]
Median individual: net.sf.jclec.realarray.RealArrayIndividual@387c703b[genotype={1.9210711452941995,3.145029761026822,1.1045592897173402,1.9380603816416317,0.1607080427489858,1.5268533901665338,2.1452458981337434,2.40617644327396,1.8240016465428817,1.759716794069544,1.0227092220646128,3.982423031872786,3.643694500870313,1.6231477711043623,1.3567704926527506,0.1963946016359768,1.0615316694951913,0.0,4.095245576323072,2.1840351366401136,3.1234461847764443,1.9281427811977718,1.6008119456633139,2.969848092995644,0.04822744367758219,1.6570370219381574,2.97512576486057,2.8766265870411867,0.8860485216309223,3.179197230823463},fitness=net.sf.jclec.fitness.SimpleValueFitness@c39f790[value=334.33461874217863]]
Average fitness = 334.33461874217863
Fitness variance = 0.0
Generation 200 Report
Best individual: net.sf.jclec.realarray.RealArrayIndividual@71e7a66b[genotype={1.9210711452941995,3.145029761026822,1.1045592897173402,1.9380603816416317,0.1607080427489858,1.5268533901665338,2.1452458981337434,2.40617644327396,1.8240016465428817,1.759716794069544,0.0,3.982423031872786,3.643694500870313,1.6231477711043623,1.3567704926527506,0.1963946016359768,1.0615316694951913,0.0,4.095245576323072,2.1840351366401136,3.1234461847764443,1.9281427811977718,1.6008119456633139,2.969848092995644,0.04822744367758219,1.6570370219381574,2.97512576486057,2.8766265870411867,0.0,3.179197230823463},fitness=net.sf.jclec.fitness.SimpleValueFitness@5f150435[value=329.94649356147414]]
Worst individual: net.sf.jclec.realarray.RealArrayIndividual@71e7a66b[genotype={1.9210711452941995,3.145029761026822,1.1045592897173402,1.9380603816416317,0.1607080427489858,1.5268533901665338,2.1452458981337434,2.40617644327396,1.8240016465428817,1.759716794069544,0.0,3.982423031872786,3.643694500870313,1.6231477711043623,1.3567704926527506,0.1963946016359768,1.0615316694951913,0.0,4.095245576323072,2.1840351366401136,3.1234461847764443,1.9281427811977718,1.6008119456633139,2.969848092995644,0.04822744367758219,1.6570370219381574,2.97512576486057,2.8766265870411867,0.0,3.179197230823463},fitness=net.sf.jclec.fitness.SimpleValueFitness@5f150435[value=329.94649356147414]]
Median individual: net.sf.jclec.realarray.RealArrayIndividual@71e7a66b[genotype={1.9210711452941995,3.145029761026822,1.1045592897173402,1.9380603816416317,0.1607080427489858,1.5268533901665338,2.1452458981337434,2.40617644327396,1.8240016465428817,1.759716794069544,0.0,3.982423031872786,3.643694500870313,1.6231477711043623,1.3567704926527506,0.1963946016359768,1.0615316694951913,0.0,4.095245576323072,2.1840351366401136,3.1234461847764443,1.9281427811977718,1.6008119456633139,2.969848092995644,0.04822744367758219,1.6570370219381574,2.97512576486057,2.8766265870411867,0.0,3.179197230823463},fitness=net.sf.jclec.fitness.SimpleValueFitness@5f150435[value=329.94649356147414]]
Average fitness = 329.94649356147414
Fitness variance = 0.0
Generation 210 Report
Best individual: net.sf.jclec.realarray.RealArrayIndividual@1c53fd30[genotype={1.9210711452941995,3.145029761026822,1.1045592897173402,1.9380603816416317,0.1607080427489858,1.5268533901665338,2.1452458981337434,2.40617644327396,1.8240016465428817,0.0,0.0,3.982423031872786,3.643694500870313,1.6231477711043623,0.0,0.1963946016359768,1.0615316694951913,0.0,4.095245576323072,2.1840351366401136,3.1234461847764443,1.9281427811977718,1.6008119456633139,2.969848092995644,0.04822744367758219,1.6570370219381574,2.97512576486057,2.8766265870411867,0.0,0.0},fitness=net.sf.jclec.fitness.SimpleValueFitness@75412c2f[value=283.5987027287882]]
Worst individual: net.sf.jclec.realarray.RealArrayIndividual@1c53fd30[genotype={1.9210711452941995,3.145029761026822,1.1045592897173402,1.9380603816416317,0.1607080427489858,1.5268533901665338,2.1452458981337434,2.40617644327396,1.8240016465428817,0.0,0.0,3.982423031872786,3.643694500870313,1.6231477711043623,0.0,0.1963946016359768,1.0615316694951913,0.0,4.095245576323072,2.1840351366401136,3.1234461847764443,1.9281427811977718,1.6008119456633139,2.969848092995644,0.04822744367758219,1.6570370219381574,2.97512576486057,2.8766265870411867,0.0,0.0},fitness=net.sf.jclec.fitness.SimpleValueFitness@75412c2f[value=283.5987027287882]]
Median individual: net.sf.jclec.realarray.RealArrayIndividual@1c53fd30[genotype={1.9210711452941995,3.145029761026822,1.1045592897173402,1.9380603816416317,0.1607080427489858,1.5268533901665338,2.1452458981337434,2.40617644327396,1.8240016465428817,0.0,0.0,3.982423031872786,3.643694500870313,1.6231477711043623,0.0,0.1963946016359768,1.0615316694951913,0.0,4.095245576323072,2.1840351366401136,3.1234461847764443,1.9281427811977718,1.6008119456633139,2.969848092995644,0.04822744367758219,1.6570370219381574,2.97512576486057,2.8766265870411867,0.0,0.0},fitness=net.sf.jclec.fitness.SimpleValueFitness@75412c2f[value=283.5987027287882]]
Average fitness = 283.5987027287882
Fitness variance = 0.0
Generation 220 Report
Best individual: net.sf.jclec.realarray.RealArrayIndividual@282ba1e[genotype={1.9210711452941995,3.145029761026822,1.1045592897173402,1.9380603816416317,0.1607080427489858,1.5268533901665338,2.1452458981337434,2.40617644327396,1.8240016465428817,0.0,0.0,3.982423031872786,3.643694500870313,1.6231477711043623,0.0,0.1963946016359768,1.0615316694951913,0.0,0.0,2.1840351366401136,3.1234461847764443,1.9281427811977718,1.6008119456633139,2.969848092995644,0.04822744367758219,1.6570370219381574,2.97512576486057,2.8766265870411867,0.0,0.0},fitness=net.sf.jclec.fitness.SimpleValueFitness@f5f2bb7[value=265.0897893435901]]
Worst individual: net.sf.jclec.realarray.RealArrayIndividual@282ba1e[genotype={1.9210711452941995,3.145029761026822,1.1045592897173402,1.9380603816416317,0.1607080427489858,1.5268533901665338,2.1452458981337434,2.40617644327396,1.8240016465428817,0.0,0.0,3.982423031872786,3.643694500870313,1.6231477711043623,0.0,0.1963946016359768,1.0615316694951913,0.0,0.0,2.1840351366401136,3.1234461847764443,1.9281427811977718,1.6008119456633139,2.969848092995644,0.04822744367758219,1.6570370219381574,2.97512576486057,2.8766265870411867,0.0,0.0},fitness=net.sf.jclec.fitness.SimpleValueFitness@f5f2bb7[value=265.0897893435901]]
Median individual: net.sf.jclec.realarray.RealArrayIndividual@282ba1e[genotype={1.9210711452941995,3.145029761026822,1.1045592897173402,1.9380603816416317,0.1607080427489858,1.5268533901665338,2.1452458981337434,2.40617644327396,1.8240016465428817,0.0,0.0,3.982423031872786,3.643694500870313,1.6231477711043623,0.0,0.1963946016359768,1.0615316694951913,0.0,0.0,2.1840351366401136,3.1234461847764443,1.9281427811977718,1.6008119456633139,2.969848092995644,0.04822744367758219,1.6570370219381574,2.97512576486057,2.8766265870411867,0.0,0.0},fitness=net.sf.jclec.fitness.SimpleValueFitness@f5f2bb7[value=265.0897893435901]]
Average fitness = 265.0897893435901
Fitness variance = 0.0
Generation 230 Report
Best individual: net.sf.jclec.realarray.RealArrayIndividual@73035e27[genotype={1.9210711452941995,3.145029761026822,1.1045592897173402,1.9380603816416317,0.1607080427489858,1.5268533901665338,2.1452458981337434,2.40617644327396,1.8240016465428817,0.0,0.0,3.982423031872786,3.643694500870313,1.6231477711043623,0.0,0.1963946016359768,1.0615316694951913,0.0,0.0,2.1840351366401136,2.084897393329138,1.9281427811977718,1.6008119456633139,2.969848092995644,0.0,1.6570370219381574,2.97512576486057,2.8766265870411867,0.0,0.0},fitness=net.sf.jclec.fitness.SimpleValueFitness@3ecf72fd[value=257.75179896063327]]
Worst individual: net.sf.jclec.realarray.RealArrayIndividual@73035e27[genotype={1.9210711452941995,3.145029761026822,1.1045592897173402,1.9380603816416317,0.1607080427489858,1.5268533901665338,2.1452458981337434,2.40617644327396,1.8240016465428817,0.0,0.0,3.982423031872786,3.643694500870313,1.6231477711043623,0.0,0.1963946016359768,1.0615316694951913,0.0,0.0,2.1840351366401136,2.084897393329138,1.9281427811977718,1.6008119456633139,2.969848092995644,0.0,1.6570370219381574,2.97512576486057,2.8766265870411867,0.0,0.0},fitness=net.sf.jclec.fitness.SimpleValueFitness@3ecf72fd[value=257.75179896063327]]
Median individual: net.sf.jclec.realarray.RealArrayIndividual@73035e27[genotype={1.9210711452941995,3.145029761026822,1.1045592897173402,1.9380603816416317,0.1607080427489858,1.5268533901665338,2.1452458981337434,2.40617644327396,1.8240016465428817,0.0,0.0,3.982423031872786,3.643694500870313,1.6231477711043623,0.0,0.1963946016359768,1.0615316694951913,0.0,0.0,2.1840351366401136,2.084897393329138,1.9281427811977718,1.6008119456633139,2.969848092995644,0.0,1.6570370219381574,2.97512576486057,2.8766265870411867,0.0,0.0},fitness=net.sf.jclec.fitness.SimpleValueFitness@3ecf72fd[value=257.75179896063327]]
Average fitness = 257.75179896063327
Fitness variance = 0.0
Generation 240 Report
Best individual: net.sf.jclec.realarray.RealArrayIndividual@483bf400[genotype={1.9210711452941995,3.145029761026822,1.1045592897173402,1.9380603816416317,0.1607080427489858,1.5268533901665338,2.1452458981337434,2.40617644327396,1.8240016465428817,0.0,0.0,3.982423031872786,3.643694500870313,1.6231477711043623,0.0,0.1963946016359768,1.0615316694951913,0.0,0.0,2.1840351366401136,2.084897393329138,1.9281427811977718,1.6008119456633139,2.969848092995644,0.0,1.6570370219381574,2.97512576486057,2.8766265870411867,0.0,0.0},fitness=net.sf.jclec.fitness.SimpleValueFitness@77f03bb1[value=257.75179896063327]]
Worst individual: net.sf.jclec.realarray.RealArrayIndividual@483bf400[genotype={1.9210711452941995,3.145029761026822,1.1045592897173402,1.9380603816416317,0.1607080427489858,1.5268533901665338,2.1452458981337434,2.40617644327396,1.8240016465428817,0.0,0.0,3.982423031872786,3.643694500870313,1.6231477711043623,0.0,0.1963946016359768,1.0615316694951913,0.0,0.0,2.1840351366401136,2.084897393329138,1.9281427811977718,1.6008119456633139,2.969848092995644,0.0,1.6570370219381574,2.97512576486057,2.8766265870411867,0.0,0.0},fitness=net.sf.jclec.fitness.SimpleValueFitness@77f03bb1[value=257.75179896063327]]
Median individual: net.sf.jclec.realarray.RealArrayIndividual@483bf400[genotype={1.9210711452941995,3.145029761026822,1.1045592897173402,1.9380603816416317,0.1607080427489858,1.5268533901665338,2.1452458981337434,2.40617644327396,1.8240016465428817,0.0,0.0,3.982423031872786,3.643694500870313,1.6231477711043623,0.0,0.1963946016359768,1.0615316694951913,0.0,0.0,2.1840351366401136,2.084897393329138,1.9281427811977718,1.6008119456633139,2.969848092995644,0.0,1.6570370219381574,2.97512576486057,2.8766265870411867,0.0,0.0},fitness=net.sf.jclec.fitness.SimpleValueFitness@77f03bb1[value=257.75179896063327]]
Average fitness = 257.75179896063327
Fitness variance = 0.0
Generation 250 Report
Best individual: net.sf.jclec.realarray.RealArrayIndividual@326de728[genotype={1.9210711452941995,3.145029761026822,1.1045592897173402,1.9380603816416317,0.1607080427489858,1.5268533901665338,2.1452458981337434,2.40617644327396,1.8240016465428817,0.0,0.0,3.982423031872786,3.643694500870313,1.6231477711043623,0.0,0.1963946016359768,1.0615316694951913,0.0,0.0,2.1840351366401136,2.084897393329138,1.9281427811977718,1.6008119456633139,2.969848092995644,0.0,1.6570370219381574,2.97512576486057,2.8766265870411867,0.0,0.0},fitness=net.sf.jclec.fitness.SimpleValueFitness@7a92922[value=257.75179896063327]]
Worst individual: net.sf.jclec.realarray.RealArrayIndividual@326de728[genotype={1.9210711452941995,3.145029761026822,1.1045592897173402,1.9380603816416317,0.1607080427489858,1.5268533901665338,2.1452458981337434,2.40617644327396,1.8240016465428817,0.0,0.0,3.982423031872786,3.643694500870313,1.6231477711043623,0.0,0.1963946016359768,1.0615316694951913,0.0,0.0,2.1840351366401136,2.084897393329138,1.9281427811977718,1.6008119456633139,2.969848092995644,0.0,1.6570370219381574,2.97512576486057,2.8766265870411867,0.0,0.0},fitness=net.sf.jclec.fitness.SimpleValueFitness@7a92922[value=257.75179896063327]]
Median individual: net.sf.jclec.realarray.RealArrayIndividual@326de728[genotype={1.9210711452941995,3.145029761026822,1.1045592897173402,1.9380603816416317,0.1607080427489858,1.5268533901665338,2.1452458981337434,2.40617644327396,1.8240016465428817,0.0,0.0,3.982423031872786,3.643694500870313,1.6231477711043623,0.0,0.1963946016359768,1.0615316694951913,0.0,0.0,2.1840351366401136,2.084897393329138,1.9281427811977718,1.6008119456633139,2.969848092995644,0.0,1.6570370219381574,2.97512576486057,2.8766265870411867,0.0,0.0},fitness=net.sf.jclec.fitness.SimpleValueFitness@7a92922[value=257.75179896063327]]
Average fitness = 257.75179896063327
Fitness variance = 0.0
Generation 260 Report
Best individual: net.sf.jclec.realarray.RealArrayIndividual@71f2a7d5[genotype={1.9210711452941995,3.145029761026822,1.1045592897173402,1.9380603816416317,0.1607080427489858,1.5268533901665338,2.1452458981337434,2.40617644327396,1.8240016465428817,0.0,0.0,3.982423031872786,3.643694500870313,1.6231477711043623,0.0,0.1963946016359768,1.0615316694951913,0.0,0.0,2.1840351366401136,2.084897393329138,1.9281427811977718,1.6008119456633139,2.969848092995644,0.0,1.6570370219381574,2.97512576486057,2.8766265870411867,0.0,0.0},fitness=net.sf.jclec.fitness.SimpleValueFitness@5474c6c[value=257.75179896063327]]
Worst individual: net.sf.jclec.realarray.RealArrayIndividual@71f2a7d5[genotype={1.9210711452941995,3.145029761026822,1.1045592897173402,1.9380603816416317,0.1607080427489858,1.5268533901665338,2.1452458981337434,2.40617644327396,1.8240016465428817,0.0,0.0,3.982423031872786,3.643694500870313,1.6231477711043623,0.0,0.1963946016359768,1.0615316694951913,0.0,0.0,2.1840351366401136,2.084897393329138,1.9281427811977718,1.6008119456633139,2.969848092995644,0.0,1.6570370219381574,2.97512576486057,2.8766265870411867,0.0,0.0},fitness=net.sf.jclec.fitness.SimpleValueFitness@5474c6c[value=257.75179896063327]]
Median individual: net.sf.jclec.realarray.RealArrayIndividual@71f2a7d5[genotype={1.9210711452941995,3.145029761026822,1.1045592897173402,1.9380603816416317,0.1607080427489858,1.5268533901665338,2.1452458981337434,2.40617644327396,1.8240016465428817,0.0,0.0,3.982423031872786,3.643694500870313,1.6231477711043623,0.0,0.1963946016359768,1.0615316694951913,0.0,0.0,2.1840351366401136,2.084897393329138,1.9281427811977718,1.6008119456633139,2.969848092995644,0.0,1.6570370219381574,2.97512576486057,2.8766265870411867,0.0,0.0},fitness=net.sf.jclec.fitness.SimpleValueFitness@5474c6c[value=257.75179896063327]]
Average fitness = 257.75179896063327
Fitness variance = 0.0
Generation 270 Report
Best individual: net.sf.jclec.realarray.RealArrayIndividual@4b6995df[genotype={1.9210711452941995,3.145029761026822,1.1045592897173402,1.9380603816416317,0.1607080427489858,1.5268533901665338,2.1452458981337434,2.40617644327396,1.8240016465428817,0.0,0.0,3.982423031872786,3.643694500870313,1.6231477711043623,0.0,0.1963946016359768,1.0615316694951913,0.0,0.0,2.1840351366401136,2.084897393329138,1.9281427811977718,1.6008119456633139,2.969848092995644,0.0,1.6570370219381574,2.97512576486057,2.8766265870411867,0.0,0.0},fitness=net.sf.jclec.fitness.SimpleValueFitness@591f989e[value=257.75179896063327]]
Worst individual: net.sf.jclec.realarray.RealArrayIndividual@4b6995df[genotype={1.9210711452941995,3.145029761026822,1.1045592897173402,1.9380603816416317,0.1607080427489858,1.5268533901665338,2.1452458981337434,2.40617644327396,1.8240016465428817,0.0,0.0,3.982423031872786,3.643694500870313,1.6231477711043623,0.0,0.1963946016359768,1.0615316694951913,0.0,0.0,2.1840351366401136,2.084897393329138,1.9281427811977718,1.6008119456633139,2.969848092995644,0.0,1.6570370219381574,2.97512576486057,2.8766265870411867,0.0,0.0},fitness=net.sf.jclec.fitness.SimpleValueFitness@591f989e[value=257.75179896063327]]
Median individual: net.sf.jclec.realarray.RealArrayIndividual@4b6995df[genotype={1.9210711452941995,3.145029761026822,1.1045592897173402,1.9380603816416317,0.1607080427489858,1.5268533901665338,2.1452458981337434,2.40617644327396,1.8240016465428817,0.0,0.0,3.982423031872786,3.643694500870313,1.6231477711043623,0.0,0.1963946016359768,1.0615316694951913,0.0,0.0,2.1840351366401136,2.084897393329138,1.9281427811977718,1.6008119456633139,2.969848092995644,0.0,1.6570370219381574,2.97512576486057,2.8766265870411867,0.0,0.0},fitness=net.sf.jclec.fitness.SimpleValueFitness@591f989e[value=257.75179896063327]]
Average fitness = 257.75179896063327
Fitness variance = 0.0
Generation 280 Report
Best individual: net.sf.jclec.realarray.RealArrayIndividual@66048bfd[genotype={0.0,3.145029761026822,1.1045592897173402,1.9380603816416317,0.1607080427489858,1.5268533901665338,2.1452458981337434,2.40617644327396,1.8240016465428817,0.0,0.0,3.982423031872786,5.12,1.6231477711043623,0.0,0.1963946016359768,1.0615316694951913,0.0,0.0,2.1840351366401136,2.084897393329138,1.9281427811977718,1.6008119456633139,2.969848092995644,0.0,1.6570370219381574,2.97512576486057,2.8766265870411867,0.0,0.0},fitness=net.sf.jclec.fitness.SimpleValueFitness@445b84c0[value=252.31110221868235]]
Worst individual: net.sf.jclec.realarray.RealArrayIndividual@66048bfd[genotype={0.0,3.145029761026822,1.1045592897173402,1.9380603816416317,0.1607080427489858,1.5268533901665338,2.1452458981337434,2.40617644327396,1.8240016465428817,0.0,0.0,3.982423031872786,5.12,1.6231477711043623,0.0,0.1963946016359768,1.0615316694951913,0.0,0.0,2.1840351366401136,2.084897393329138,1.9281427811977718,1.6008119456633139,2.969848092995644,0.0,1.6570370219381574,2.97512576486057,2.8766265870411867,0.0,0.0},fitness=net.sf.jclec.fitness.SimpleValueFitness@445b84c0[value=252.31110221868235]]
Median individual: net.sf.jclec.realarray.RealArrayIndividual@66048bfd[genotype={0.0,3.145029761026822,1.1045592897173402,1.9380603816416317,0.1607080427489858,1.5268533901665338,2.1452458981337434,2.40617644327396,1.8240016465428817,0.0,0.0,3.982423031872786,5.12,1.6231477711043623,0.0,0.1963946016359768,1.0615316694951913,0.0,0.0,2.1840351366401136,2.084897393329138,1.9281427811977718,1.6008119456633139,2.969848092995644,0.0,1.6570370219381574,2.97512576486057,2.8766265870411867,0.0,0.0},fitness=net.sf.jclec.fitness.SimpleValueFitness@445b84c0[value=252.31110221868235]]
Average fitness = 252.31110221868235
Fitness variance = 0.0
Generation 290 Report
Best individual: net.sf.jclec.realarray.RealArrayIndividual@61a52fbd[genotype={0.0,3.145029761026822,1.1045592897173402,1.9380603816416317,0.1607080427489858,1.5268533901665338,2.1452458981337434,2.40617644327396,1.8240016465428817,0.0,0.0,3.982423031872786,5.12,1.6231477711043623,0.0,0.1963946016359768,1.0615316694951913,0.0,0.0,2.1840351366401136,2.084897393329138,1.9281427811977718,1.6008119456633139,2.969848092995644,0.0,1.6570370219381574,2.97512576486057,2.8766265870411867,0.0,0.0},fitness=net.sf.jclec.fitness.SimpleValueFitness@63d4e2ba[value=252.31110221868235]]
Worst individual: net.sf.jclec.realarray.RealArrayIndividual@61a52fbd[genotype={0.0,3.145029761026822,1.1045592897173402,1.9380603816416317,0.1607080427489858,1.5268533901665338,2.1452458981337434,2.40617644327396,1.8240016465428817,0.0,0.0,3.982423031872786,5.12,1.6231477711043623,0.0,0.1963946016359768,1.0615316694951913,0.0,0.0,2.1840351366401136,2.084897393329138,1.9281427811977718,1.6008119456633139,2.969848092995644,0.0,1.6570370219381574,2.97512576486057,2.8766265870411867,0.0,0.0},fitness=net.sf.jclec.fitness.SimpleValueFitness@63d4e2ba[value=252.31110221868235]]
Median individual: net.sf.jclec.realarray.RealArrayIndividual@61a52fbd[genotype={0.0,3.145029761026822,1.1045592897173402,1.9380603816416317,0.1607080427489858,1.5268533901665338,2.1452458981337434,2.40617644327396,1.8240016465428817,0.0,0.0,3.982423031872786,5.12,1.6231477711043623,0.0,0.1963946016359768,1.0615316694951913,0.0,0.0,2.1840351366401136,2.084897393329138,1.9281427811977718,1.6008119456633139,2.969848092995644,0.0,1.6570370219381574,2.97512576486057,2.8766265870411867,0.0,0.0},fitness=net.sf.jclec.fitness.SimpleValueFitness@63d4e2ba[value=252.31110221868235]]
Average fitness = 252.31110221868235
Fitness variance = 0.0
Generation 300 Report
Best individual: net.sf.jclec.realarray.RealArrayIndividual@7bb11784[genotype={0.0,3.145029761026822,0.0,0.0,0.1607080427489858,1.5268533901665338,2.1452458981337434,2.40617644327396,1.8240016465428817,0.0,0.0,3.982423031872786,5.12,1.6231477711043623,0.0,0.1963946016359768,1.0615316694951913,0.0,0.0,2.1840351366401136,2.084897393329138,1.9281427811977718,1.6008119456633139,2.969848092995644,0.0,1.6570370219381574,2.97512576486057,2.8766265870411867,0.0,0.0},fitness=net.sf.jclec.fitness.SimpleValueFitness@7006c658[value=244.50567679364153]]
Worst individual: net.sf.jclec.realarray.RealArrayIndividual@7bb11784[genotype={0.0,3.145029761026822,0.0,0.0,0.1607080427489858,1.5268533901665338,2.1452458981337434,2.40617644327396,1.8240016465428817,0.0,0.0,3.982423031872786,5.12,1.6231477711043623,0.0,0.1963946016359768,1.0615316694951913,0.0,0.0,2.1840351366401136,2.084897393329138,1.9281427811977718,1.6008119456633139,2.969848092995644,0.0,1.6570370219381574,2.97512576486057,2.8766265870411867,0.0,0.0},fitness=net.sf.jclec.fitness.SimpleValueFitness@7006c658[value=244.50567679364153]]
Median individual: net.sf.jclec.realarray.RealArrayIndividual@7bb11784[genotype={0.0,3.145029761026822,0.0,0.0,0.1607080427489858,1.5268533901665338,2.1452458981337434,2.40617644327396,1.8240016465428817,0.0,0.0,3.982423031872786,5.12,1.6231477711043623,0.0,0.1963946016359768,1.0615316694951913,0.0,0.0,2.1840351366401136,2.084897393329138,1.9281427811977718,1.6008119456633139,2.969848092995644,0.0,1.6570370219381574,2.97512576486057,2.8766265870411867,0.0,0.0},fitness=net.sf.jclec.fitness.SimpleValueFitness@7006c658[value=244.50567679364153]]
Average fitness = 244.50567679364153
Fitness variance = 0.0
Generation 310 Report
Best individual: net.sf.jclec.realarray.RealArrayIndividual@34033bd0[genotype={0.0,3.145029761026822,0.0,0.0,0.1607080427489858,1.5268533901665338,2.1452458981337434,2.40617644327396,1.8240016465428817,0.0,0.0,3.982423031872786,5.12,1.6231477711043623,0.0,0.1963946016359768,1.0615316694951913,0.0,0.0,5.12,2.084897393329138,1.9281427811977718,1.6008119456633139,2.969848092995644,0.0,0.0,2.97512576486057,2.8766265870411867,0.0,0.0},fitness=net.sf.jclec.fitness.SimpleValueFitness@7cdbc5d3[value=244.4271346704283]]
Worst individual: net.sf.jclec.realarray.RealArrayIndividual@34033bd0[genotype={0.0,3.145029761026822,0.0,0.0,0.1607080427489858,1.5268533901665338,2.1452458981337434,2.40617644327396,1.8240016465428817,0.0,0.0,3.982423031872786,5.12,1.6231477711043623,0.0,0.1963946016359768,1.0615316694951913,0.0,0.0,5.12,2.084897393329138,1.9281427811977718,1.6008119456633139,2.969848092995644,0.0,0.0,2.97512576486057,2.8766265870411867,0.0,0.0},fitness=net.sf.jclec.fitness.SimpleValueFitness@7cdbc5d3[value=244.4271346704283]]
Median individual: net.sf.jclec.realarray.RealArrayIndividual@34033bd0[genotype={0.0,3.145029761026822,0.0,0.0,0.1607080427489858,1.5268533901665338,2.1452458981337434,2.40617644327396,1.8240016465428817,0.0,0.0,3.982423031872786,5.12,1.6231477711043623,0.0,0.1963946016359768,1.0615316694951913,0.0,0.0,5.12,2.084897393329138,1.9281427811977718,1.6008119456633139,2.969848092995644,0.0,0.0,2.97512576486057,2.8766265870411867,0.0,0.0},fitness=net.sf.jclec.fitness.SimpleValueFitness@7cdbc5d3[value=244.4271346704283]]
Average fitness = 244.4271346704283
Fitness variance = 0.0
Generation 320 Report
Best individual: net.sf.jclec.realarray.RealArrayIndividual@3aa9e816[genotype={0.0,3.145029761026822,0.0,0.0,0.1607080427489858,1.5268533901665338,2.1452458981337434,2.40617644327396,1.8240016465428817,0.0,0.0,3.982423031872786,5.12,1.6231477711043623,0.0,0.1963946016359768,1.0615316694951913,0.0,0.0,5.12,2.084897393329138,1.9281427811977718,1.6008119456633139,2.969848092995644,0.0,0.0,2.97512576486057,2.8766265870411867,0.0,0.0},fitness=net.sf.jclec.fitness.SimpleValueFitness@3834d63f[value=244.4271346704283]]
Worst individual: net.sf.jclec.realarray.RealArrayIndividual@3aa9e816[genotype={0.0,3.145029761026822,0.0,0.0,0.1607080427489858,1.5268533901665338,2.1452458981337434,2.40617644327396,1.8240016465428817,0.0,0.0,3.982423031872786,5.12,1.6231477711043623,0.0,0.1963946016359768,1.0615316694951913,0.0,0.0,5.12,2.084897393329138,1.9281427811977718,1.6008119456633139,2.969848092995644,0.0,0.0,2.97512576486057,2.8766265870411867,0.0,0.0},fitness=net.sf.jclec.fitness.SimpleValueFitness@3834d63f[value=244.4271346704283]]
Median individual: net.sf.jclec.realarray.RealArrayIndividual@3aa9e816[genotype={0.0,3.145029761026822,0.0,0.0,0.1607080427489858,1.5268533901665338,2.1452458981337434,2.40617644327396,1.8240016465428817,0.0,0.0,3.982423031872786,5.12,1.6231477711043623,0.0,0.1963946016359768,1.0615316694951913,0.0,0.0,5.12,2.084897393329138,1.9281427811977718,1.6008119456633139,2.969848092995644,0.0,0.0,2.97512576486057,2.8766265870411867,0.0,0.0},fitness=net.sf.jclec.fitness.SimpleValueFitness@3834d63f[value=244.4271346704283]]
Average fitness = 244.4271346704283
Fitness variance = 0.0
Generation 330 Report
Best individual: net.sf.jclec.realarray.RealArrayIndividual@1ae369b7[genotype={0.0,3.145029761026822,0.0,0.0,0.1607080427489858,1.5268533901665338,2.1452458981337434,2.40617644327396,1.8240016465428817,0.0,0.0,3.982423031872786,5.12,0.0,0.0,0.1963946016359768,1.0615316694951913,0.0,0.0,5.12,2.084897393329138,1.9281427811977718,1.6008119456633139,2.969848092995644,0.0,0.0,2.97512576486057,2.8766265870411867,0.0,0.0},fitness=net.sf.jclec.fitness.SimpleValueFitness@34340fab[value=224.63964651737618]]
Worst individual: net.sf.jclec.realarray.RealArrayIndividual@1ae369b7[genotype={0.0,3.145029761026822,0.0,0.0,0.1607080427489858,1.5268533901665338,2.1452458981337434,2.40617644327396,1.8240016465428817,0.0,0.0,3.982423031872786,5.12,0.0,0.0,0.1963946016359768,1.0615316694951913,0.0,0.0,5.12,2.084897393329138,1.9281427811977718,1.6008119456633139,2.969848092995644,0.0,0.0,2.97512576486057,2.8766265870411867,0.0,0.0},fitness=net.sf.jclec.fitness.SimpleValueFitness@34340fab[value=224.63964651737618]]
Median individual: net.sf.jclec.realarray.RealArrayIndividual@1ae369b7[genotype={0.0,3.145029761026822,0.0,0.0,0.1607080427489858,1.5268533901665338,2.1452458981337434,2.40617644327396,1.8240016465428817,0.0,0.0,3.982423031872786,5.12,0.0,0.0,0.1963946016359768,1.0615316694951913,0.0,0.0,5.12,2.084897393329138,1.9281427811977718,1.6008119456633139,2.969848092995644,0.0,0.0,2.97512576486057,2.8766265870411867,0.0,0.0},fitness=net.sf.jclec.fitness.SimpleValueFitness@34340fab[value=224.63964651737618]]
Average fitness = 224.63964651737618
Fitness variance = 0.0
Generation 340 Report
Best individual: net.sf.jclec.realarray.RealArrayIndividual@2aafb23c[genotype={0.0,3.145029761026822,0.0,0.0,0.1607080427489858,1.5268533901665338,2.1452458981337434,2.40617644327396,1.8240016465428817,0.0,0.0,3.982423031872786,5.12,0.0,0.0,0.1963946016359768,1.0615316694951913,0.0,0.0,5.12,2.084897393329138,1.9281427811977718,1.6008119456633139,2.969848092995644,0.0,0.0,2.97512576486057,2.8766265870411867,0.0,0.0},fitness=net.sf.jclec.fitness.SimpleValueFitness@3ab39c39[value=224.63964651737618]]
Worst individual: net.sf.jclec.realarray.RealArrayIndividual@2aafb23c[genotype={0.0,3.145029761026822,0.0,0.0,0.1607080427489858,1.5268533901665338,2.1452458981337434,2.40617644327396,1.8240016465428817,0.0,0.0,3.982423031872786,5.12,0.0,0.0,0.1963946016359768,1.0615316694951913,0.0,0.0,5.12,2.084897393329138,1.9281427811977718,1.6008119456633139,2.969848092995644,0.0,0.0,2.97512576486057,2.8766265870411867,0.0,0.0},fitness=net.sf.jclec.fitness.SimpleValueFitness@3ab39c39[value=224.63964651737618]]
Median individual: net.sf.jclec.realarray.RealArrayIndividual@2aafb23c[genotype={0.0,3.145029761026822,0.0,0.0,0.1607080427489858,1.5268533901665338,2.1452458981337434,2.40617644327396,1.8240016465428817,0.0,0.0,3.982423031872786,5.12,0.0,0.0,0.1963946016359768,1.0615316694951913,0.0,0.0,5.12,2.084897393329138,1.9281427811977718,1.6008119456633139,2.969848092995644,0.0,0.0,2.97512576486057,2.8766265870411867,0.0,0.0},fitness=net.sf.jclec.fitness.SimpleValueFitness@3ab39c39[value=224.63964651737618]]
Average fitness = 224.63964651737618
Fitness variance = 0.0
Generation 350 Report
Best individual: net.sf.jclec.realarray.RealArrayIndividual@2eee9593[genotype={0.0,3.145029761026822,0.0,0.0,0.1607080427489858,1.5268533901665338,2.1452458981337434,2.40617644327396,1.8240016465428817,0.0,0.0,3.982423031872786,5.12,0.0,0.0,0.1963946016359768,1.0615316694951913,0.0,0.0,5.12,2.084897393329138,1.9281427811977718,1.6008119456633139,2.969848092995644,0.0,0.0,2.97512576486057,2.8766265870411867,0.0,0.0},fitness=net.sf.jclec.fitness.SimpleValueFitness@546a03af[value=224.63964651737618]]
Worst individual: net.sf.jclec.realarray.RealArrayIndividual@2eee9593[genotype={0.0,3.145029761026822,0.0,0.0,0.1607080427489858,1.5268533901665338,2.1452458981337434,2.40617644327396,1.8240016465428817,0.0,0.0,3.982423031872786,5.12,0.0,0.0,0.1963946016359768,1.0615316694951913,0.0,0.0,5.12,2.084897393329138,1.9281427811977718,1.6008119456633139,2.969848092995644,0.0,0.0,2.97512576486057,2.8766265870411867,0.0,0.0},fitness=net.sf.jclec.fitness.SimpleValueFitness@546a03af[value=224.63964651737618]]
Median individual: net.sf.jclec.realarray.RealArrayIndividual@2eee9593[genotype={0.0,3.145029761026822,0.0,0.0,0.1607080427489858,1.5268533901665338,2.1452458981337434,2.40617644327396,1.8240016465428817,0.0,0.0,3.982423031872786,5.12,0.0,0.0,0.1963946016359768,1.0615316694951913,0.0,0.0,5.12,2.084897393329138,1.9281427811977718,1.6008119456633139,2.969848092995644,0.0,0.0,2.97512576486057,2.8766265870411867,0.0,0.0},fitness=net.sf.jclec.fitness.SimpleValueFitness@546a03af[value=224.63964651737618]]
Average fitness = 224.63964651737618
Fitness variance = 0.0
Generation 360 Report
Best individual: net.sf.jclec.realarray.RealArrayIndividual@721e0f4f[genotype={0.0,3.145029761026822,0.0,0.0,0.1607080427489858,1.5268533901665338,2.1452458981337434,2.40617644327396,1.8240016465428817,0.0,0.0,3.982423031872786,5.12,0.0,0.0,0.1963946016359768,1.0615316694951913,0.0,0.0,5.12,2.084897393329138,1.9281427811977718,1.6008119456633139,2.969848092995644,0.0,0.0,2.97512576486057,2.8766265870411867,0.0,0.0},fitness=net.sf.jclec.fitness.SimpleValueFitness@6ea6d14e[value=224.63964651737618]]
Worst individual: net.sf.jclec.realarray.RealArrayIndividual@721e0f4f[genotype={0.0,3.145029761026822,0.0,0.0,0.1607080427489858,1.5268533901665338,2.1452458981337434,2.40617644327396,1.8240016465428817,0.0,0.0,3.982423031872786,5.12,0.0,0.0,0.1963946016359768,1.0615316694951913,0.0,0.0,5.12,2.084897393329138,1.9281427811977718,1.6008119456633139,2.969848092995644,0.0,0.0,2.97512576486057,2.8766265870411867,0.0,0.0},fitness=net.sf.jclec.fitness.SimpleValueFitness@6ea6d14e[value=224.63964651737618]]
Median individual: net.sf.jclec.realarray.RealArrayIndividual@721e0f4f[genotype={0.0,3.145029761026822,0.0,0.0,0.1607080427489858,1.5268533901665338,2.1452458981337434,2.40617644327396,1.8240016465428817,0.0,0.0,3.982423031872786,5.12,0.0,0.0,0.1963946016359768,1.0615316694951913,0.0,0.0,5.12,2.084897393329138,1.9281427811977718,1.6008119456633139,2.969848092995644,0.0,0.0,2.97512576486057,2.8766265870411867,0.0,0.0},fitness=net.sf.jclec.fitness.SimpleValueFitness@6ea6d14e[value=224.63964651737618]]
Average fitness = 224.63964651737618
Fitness variance = 0.0
Generation 370 Report
Best individual: net.sf.jclec.realarray.RealArrayIndividual@6ad5c04e[genotype={0.0,3.145029761026822,0.0,0.0,0.1607080427489858,1.5268533901665338,2.1452458981337434,2.40617644327396,1.8240016465428817,0.0,0.0,3.982423031872786,5.12,0.0,0.0,0.1963946016359768,1.0615316694951913,0.0,0.0,5.12,2.084897393329138,1.9281427811977718,1.6008119456633139,2.969848092995644,0.0,0.0,2.97512576486057,2.8766265870411867,0.0,0.0},fitness=net.sf.jclec.fitness.SimpleValueFitness@725bef66[value=224.63964651737618]]
Worst individual: net.sf.jclec.realarray.RealArrayIndividual@6ad5c04e[genotype={0.0,3.145029761026822,0.0,0.0,0.1607080427489858,1.5268533901665338,2.1452458981337434,2.40617644327396,1.8240016465428817,0.0,0.0,3.982423031872786,5.12,0.0,0.0,0.1963946016359768,1.0615316694951913,0.0,0.0,5.12,2.084897393329138,1.9281427811977718,1.6008119456633139,2.969848092995644,0.0,0.0,2.97512576486057,2.8766265870411867,0.0,0.0},fitness=net.sf.jclec.fitness.SimpleValueFitness@725bef66[value=224.63964651737618]]
Median individual: net.sf.jclec.realarray.RealArrayIndividual@6ad5c04e[genotype={0.0,3.145029761026822,0.0,0.0,0.1607080427489858,1.5268533901665338,2.1452458981337434,2.40617644327396,1.8240016465428817,0.0,0.0,3.982423031872786,5.12,0.0,0.0,0.1963946016359768,1.0615316694951913,0.0,0.0,5.12,2.084897393329138,1.9281427811977718,1.6008119456633139,2.969848092995644,0.0,0.0,2.97512576486057,2.8766265870411867,0.0,0.0},fitness=net.sf.jclec.fitness.SimpleValueFitness@725bef66[value=224.63964651737618]]
Average fitness = 224.63964651737618
Fitness variance = 0.0
Generation 380 Report
Best individual: net.sf.jclec.realarray.RealArrayIndividual@2aaf7cc2[genotype={0.0,3.145029761026822,0.0,0.0,0.1607080427489858,1.5268533901665338,2.1452458981337434,2.40617644327396,1.8240016465428817,0.0,0.0,3.982423031872786,5.12,0.0,0.0,0.1963946016359768,1.0615316694951913,0.0,0.0,5.12,2.084897393329138,1.9281427811977718,1.6008119456633139,2.969848092995644,0.0,0.0,2.97512576486057,2.8766265870411867,0.0,0.0},fitness=net.sf.jclec.fitness.SimpleValueFitness@1888ff2c[value=224.63964651737618]]
Worst individual: net.sf.jclec.realarray.RealArrayIndividual@2aaf7cc2[genotype={0.0,3.145029761026822,0.0,0.0,0.1607080427489858,1.5268533901665338,2.1452458981337434,2.40617644327396,1.8240016465428817,0.0,0.0,3.982423031872786,5.12,0.0,0.0,0.1963946016359768,1.0615316694951913,0.0,0.0,5.12,2.084897393329138,1.9281427811977718,1.6008119456633139,2.969848092995644,0.0,0.0,2.97512576486057,2.8766265870411867,0.0,0.0},fitness=net.sf.jclec.fitness.SimpleValueFitness@1888ff2c[value=224.63964651737618]]
Median individual: net.sf.jclec.realarray.RealArrayIndividual@2aaf7cc2[genotype={0.0,3.145029761026822,0.0,0.0,0.1607080427489858,1.5268533901665338,2.1452458981337434,2.40617644327396,1.8240016465428817,0.0,0.0,3.982423031872786,5.12,0.0,0.0,0.1963946016359768,1.0615316694951913,0.0,0.0,5.12,2.084897393329138,1.9281427811977718,1.6008119456633139,2.969848092995644,0.0,0.0,2.97512576486057,2.8766265870411867,0.0,0.0},fitness=net.sf.jclec.fitness.SimpleValueFitness@1888ff2c[value=224.63964651737618]]
Average fitness = 224.63964651737618
Fitness variance = 0.0
Generation 390 Report
Best individual: net.sf.jclec.realarray.RealArrayIndividual@35851384[genotype={0.0,3.145029761026822,0.0,0.0,0.1607080427489858,1.5268533901665338,2.1452458981337434,2.40617644327396,1.8240016465428817,0.0,0.0,3.982423031872786,5.12,0.0,0.0,0.1963946016359768,1.0615316694951913,0.0,0.0,5.12,2.084897393329138,1.9281427811977718,1.6008119456633139,2.969848092995644,0.0,0.0,2.97512576486057,2.8766265870411867,0.0,0.0},fitness=net.sf.jclec.fitness.SimpleValueFitness@6adca536[value=224.63964651737618]]
Worst individual: net.sf.jclec.realarray.RealArrayIndividual@35851384[genotype={0.0,3.145029761026822,0.0,0.0,0.1607080427489858,1.5268533901665338,2.1452458981337434,2.40617644327396,1.8240016465428817,0.0,0.0,3.982423031872786,5.12,0.0,0.0,0.1963946016359768,1.0615316694951913,0.0,0.0,5.12,2.084897393329138,1.9281427811977718,1.6008119456633139,2.969848092995644,0.0,0.0,2.97512576486057,2.8766265870411867,0.0,0.0},fitness=net.sf.jclec.fitness.SimpleValueFitness@6adca536[value=224.63964651737618]]
Median individual: net.sf.jclec.realarray.RealArrayIndividual@35851384[genotype={0.0,3.145029761026822,0.0,0.0,0.1607080427489858,1.5268533901665338,2.1452458981337434,2.40617644327396,1.8240016465428817,0.0,0.0,3.982423031872786,5.12,0.0,0.0,0.1963946016359768,1.0615316694951913,0.0,0.0,5.12,2.084897393329138,1.9281427811977718,1.6008119456633139,2.969848092995644,0.0,0.0,2.97512576486057,2.8766265870411867,0.0,0.0},fitness=net.sf.jclec.fitness.SimpleValueFitness@6adca536[value=224.63964651737618]]
Average fitness = 224.63964651737618
Fitness variance = 0.0
Generation 400 Report
Best individual: net.sf.jclec.realarray.RealArrayIndividual@357246de[genotype={0.0,3.145029761026822,0.0,0.0,0.1607080427489858,1.5268533901665338,0.0,2.40617644327396,1.8240016465428817,0.0,0.0,3.982423031872786,5.12,0.0,0.0,0.1963946016359768,1.0615316694951913,0.0,0.0,5.12,2.084897393329138,1.9281427811977718,1.6008119456633139,2.969848092995644,0.0,0.0,2.97512576486057,2.8766265870411867,0.0,0.0},fitness=net.sf.jclec.fitness.SimpleValueFitness@256216b3[value=216.1544216990079]]
Worst individual: net.sf.jclec.realarray.RealArrayIndividual@357246de[genotype={0.0,3.145029761026822,0.0,0.0,0.1607080427489858,1.5268533901665338,0.0,2.40617644327396,1.8240016465428817,0.0,0.0,3.982423031872786,5.12,0.0,0.0,0.1963946016359768,1.0615316694951913,0.0,0.0,5.12,2.084897393329138,1.9281427811977718,1.6008119456633139,2.969848092995644,0.0,0.0,2.97512576486057,2.8766265870411867,0.0,0.0},fitness=net.sf.jclec.fitness.SimpleValueFitness@256216b3[value=216.1544216990079]]
Median individual: net.sf.jclec.realarray.RealArrayIndividual@357246de[genotype={0.0,3.145029761026822,0.0,0.0,0.1607080427489858,1.5268533901665338,0.0,2.40617644327396,1.8240016465428817,0.0,0.0,3.982423031872786,5.12,0.0,0.0,0.1963946016359768,1.0615316694951913,0.0,0.0,5.12,2.084897393329138,1.9281427811977718,1.6008119456633139,2.969848092995644,0.0,0.0,2.97512576486057,2.8766265870411867,0.0,0.0},fitness=net.sf.jclec.fitness.SimpleValueFitness@256216b3[value=216.1544216990079]]
Average fitness = 216.1544216990079
Fitness variance = 0.0
Generation 410 Report
Best individual: net.sf.jclec.realarray.RealArrayIndividual@2a18f23c[genotype={0.0,3.145029761026822,0.0,0.0,0.1607080427489858,1.5268533901665338,0.0,2.40617644327396,1.8240016465428817,0.0,0.0,3.982423031872786,5.12,0.0,0.0,0.1963946016359768,1.0615316694951913,0.0,0.0,5.12,2.084897393329138,1.9281427811977718,1.6008119456633139,2.969848092995644,0.0,0.0,2.97512576486057,2.8766265870411867,0.0,0.0},fitness=net.sf.jclec.fitness.SimpleValueFitness@16c0663d[value=216.1544216990079]]
Worst individual: net.sf.jclec.realarray.RealArrayIndividual@2a18f23c[genotype={0.0,3.145029761026822,0.0,0.0,0.1607080427489858,1.5268533901665338,0.0,2.40617644327396,1.8240016465428817,0.0,0.0,3.982423031872786,5.12,0.0,0.0,0.1963946016359768,1.0615316694951913,0.0,0.0,5.12,2.084897393329138,1.9281427811977718,1.6008119456633139,2.969848092995644,0.0,0.0,2.97512576486057,2.8766265870411867,0.0,0.0},fitness=net.sf.jclec.fitness.SimpleValueFitness@16c0663d[value=216.1544216990079]]
Median individual: net.sf.jclec.realarray.RealArrayIndividual@2a18f23c[genotype={0.0,3.145029761026822,0.0,0.0,0.1607080427489858,1.5268533901665338,0.0,2.40617644327396,1.8240016465428817,0.0,0.0,3.982423031872786,5.12,0.0,0.0,0.1963946016359768,1.0615316694951913,0.0,0.0,5.12,2.084897393329138,1.9281427811977718,1.6008119456633139,2.969848092995644,0.0,0.0,2.97512576486057,2.8766265870411867,0.0,0.0},fitness=net.sf.jclec.fitness.SimpleValueFitness@16c0663d[value=216.1544216990079]]
Average fitness = 216.1544216990079
Fitness variance = 0.0
Generation 420 Report
Best individual: net.sf.jclec.realarray.RealArrayIndividual@23223dd8[genotype={0.0,3.145029761026822,0.0,0.0,0.1607080427489858,1.5268533901665338,0.0,2.40617644327396,1.8240016465428817,0.0,0.0,3.982423031872786,5.12,0.0,0.0,0.1963946016359768,1.0615316694951913,0.0,0.0,5.12,2.084897393329138,1.9281427811977718,1.6008119456633139,2.969848092995644,0.0,0.0,2.97512576486057,2.8766265870411867,0.0,0.0},fitness=net.sf.jclec.fitness.SimpleValueFitness@1b40d5f0[value=216.1544216990079]]
Worst individual: net.sf.jclec.realarray.RealArrayIndividual@23223dd8[genotype={0.0,3.145029761026822,0.0,0.0,0.1607080427489858,1.5268533901665338,0.0,2.40617644327396,1.8240016465428817,0.0,0.0,3.982423031872786,5.12,0.0,0.0,0.1963946016359768,1.0615316694951913,0.0,0.0,5.12,2.084897393329138,1.9281427811977718,1.6008119456633139,2.969848092995644,0.0,0.0,2.97512576486057,2.8766265870411867,0.0,0.0},fitness=net.sf.jclec.fitness.SimpleValueFitness@1b40d5f0[value=216.1544216990079]]
Median individual: net.sf.jclec.realarray.RealArrayIndividual@23223dd8[genotype={0.0,3.145029761026822,0.0,0.0,0.1607080427489858,1.5268533901665338,0.0,2.40617644327396,1.8240016465428817,0.0,0.0,3.982423031872786,5.12,0.0,0.0,0.1963946016359768,1.0615316694951913,0.0,0.0,5.12,2.084897393329138,1.9281427811977718,1.6008119456633139,2.969848092995644,0.0,0.0,2.97512576486057,2.8766265870411867,0.0,0.0},fitness=net.sf.jclec.fitness.SimpleValueFitness@1b40d5f0[value=216.1544216990079]]
Average fitness = 216.1544216990079
Fitness variance = 0.0
Generation 430 Report
Best individual: net.sf.jclec.realarray.RealArrayIndividual@ea4a92b[genotype={0.0,3.145029761026822,0.0,0.0,0.1607080427489858,1.5268533901665338,0.0,2.40617644327396,1.8240016465428817,0.0,0.0,3.982423031872786,5.12,0.0,0.0,0.1963946016359768,1.0615316694951913,0.0,0.0,5.12,2.084897393329138,1.9281427811977718,1.6008119456633139,2.969848092995644,0.0,0.0,2.97512576486057,2.8766265870411867,0.0,0.0},fitness=net.sf.jclec.fitness.SimpleValueFitness@47f37ef1[value=216.1544216990079]]
Worst individual: net.sf.jclec.realarray.RealArrayIndividual@ea4a92b[genotype={0.0,3.145029761026822,0.0,0.0,0.1607080427489858,1.5268533901665338,0.0,2.40617644327396,1.8240016465428817,0.0,0.0,3.982423031872786,5.12,0.0,0.0,0.1963946016359768,1.0615316694951913,0.0,0.0,5.12,2.084897393329138,1.9281427811977718,1.6008119456633139,2.969848092995644,0.0,0.0,2.97512576486057,2.8766265870411867,0.0,0.0},fitness=net.sf.jclec.fitness.SimpleValueFitness@47f37ef1[value=216.1544216990079]]
Median individual: net.sf.jclec.realarray.RealArrayIndividual@ea4a92b[genotype={0.0,3.145029761026822,0.0,0.0,0.1607080427489858,1.5268533901665338,0.0,2.40617644327396,1.8240016465428817,0.0,0.0,3.982423031872786,5.12,0.0,0.0,0.1963946016359768,1.0615316694951913,0.0,0.0,5.12,2.084897393329138,1.9281427811977718,1.6008119456633139,2.969848092995644,0.0,0.0,2.97512576486057,2.8766265870411867,0.0,0.0},fitness=net.sf.jclec.fitness.SimpleValueFitness@47f37ef1[value=216.1544216990079]]
Average fitness = 216.1544216990079
Fitness variance = 0.0
Generation 440 Report
Best individual: net.sf.jclec.realarray.RealArrayIndividual@5a01ccaa[genotype={0.0,3.145029761026822,0.0,0.0,0.1607080427489858,1.5268533901665338,0.0,2.40617644327396,1.8240016465428817,0.0,0.0,3.982423031872786,5.12,0.0,0.0,0.1963946016359768,1.0615316694951913,0.0,0.0,5.12,2.084897393329138,1.9281427811977718,1.6008119456633139,2.969848092995644,0.0,0.0,2.97512576486057,2.8766265870411867,0.0,0.0},fitness=net.sf.jclec.fitness.SimpleValueFitness@19bb089b[value=216.1544216990079]]
Worst individual: net.sf.jclec.realarray.RealArrayIndividual@5a01ccaa[genotype={0.0,3.145029761026822,0.0,0.0,0.1607080427489858,1.5268533901665338,0.0,2.40617644327396,1.8240016465428817,0.0,0.0,3.982423031872786,5.12,0.0,0.0,0.1963946016359768,1.0615316694951913,0.0,0.0,5.12,2.084897393329138,1.9281427811977718,1.6008119456633139,2.969848092995644,0.0,0.0,2.97512576486057,2.8766265870411867,0.0,0.0},fitness=net.sf.jclec.fitness.SimpleValueFitness@19bb089b[value=216.1544216990079]]
Median individual: net.sf.jclec.realarray.RealArrayIndividual@5a01ccaa[genotype={0.0,3.145029761026822,0.0,0.0,0.1607080427489858,1.5268533901665338,0.0,2.40617644327396,1.8240016465428817,0.0,0.0,3.982423031872786,5.12,0.0,0.0,0.1963946016359768,1.0615316694951913,0.0,0.0,5.12,2.084897393329138,1.9281427811977718,1.6008119456633139,2.969848092995644,0.0,0.0,2.97512576486057,2.8766265870411867,0.0,0.0},fitness=net.sf.jclec.fitness.SimpleValueFitness@19bb089b[value=216.1544216990079]]
Average fitness = 216.1544216990079
Fitness variance = 0.0
Generation 450 Report
Best individual: net.sf.jclec.realarray.RealArrayIndividual@4563e9ab[genotype={0.0,3.145029761026822,0.0,0.0,0.1607080427489858,1.5268533901665338,0.0,2.40617644327396,1.8240016465428817,0.0,0.0,3.982423031872786,5.12,0.0,0.0,0.1963946016359768,1.0615316694951913,0.0,0.0,5.12,2.084897393329138,1.9281427811977718,1.6008119456633139,2.969848092995644,0.0,0.0,2.97512576486057,2.8766265870411867,0.0,0.0},fitness=net.sf.jclec.fitness.SimpleValueFitness@5e025e70[value=216.1544216990079]]
Worst individual: net.sf.jclec.realarray.RealArrayIndividual@4563e9ab[genotype={0.0,3.145029761026822,0.0,0.0,0.1607080427489858,1.5268533901665338,0.0,2.40617644327396,1.8240016465428817,0.0,0.0,3.982423031872786,5.12,0.0,0.0,0.1963946016359768,1.0615316694951913,0.0,0.0,5.12,2.084897393329138,1.9281427811977718,1.6008119456633139,2.969848092995644,0.0,0.0,2.97512576486057,2.8766265870411867,0.0,0.0},fitness=net.sf.jclec.fitness.SimpleValueFitness@5e025e70[value=216.1544216990079]]
Median individual: net.sf.jclec.realarray.RealArrayIndividual@4563e9ab[genotype={0.0,3.145029761026822,0.0,0.0,0.1607080427489858,1.5268533901665338,0.0,2.40617644327396,1.8240016465428817,0.0,0.0,3.982423031872786,5.12,0.0,0.0,0.1963946016359768,1.0615316694951913,0.0,0.0,5.12,2.084897393329138,1.9281427811977718,1.6008119456633139,2.969848092995644,0.0,0.0,2.97512576486057,2.8766265870411867,0.0,0.0},fitness=net.sf.jclec.fitness.SimpleValueFitness@5e025e70[value=216.1544216990079]]
Average fitness = 216.1544216990079
Fitness variance = 0.0
Generation 460 Report
Best individual: net.sf.jclec.realarray.RealArrayIndividual@1fbc7afb[genotype={0.0,3.145029761026822,0.0,0.0,0.1607080427489858,1.5268533901665338,0.0,2.40617644327396,1.8240016465428817,0.0,0.0,3.982423031872786,5.12,0.0,0.0,0.1963946016359768,1.0615316694951913,0.0,0.0,5.12,2.084897393329138,1.9281427811977718,1.6008119456633139,2.969848092995644,0.0,0.0,2.97512576486057,2.8766265870411867,0.0,0.0},fitness=net.sf.jclec.fitness.SimpleValueFitness@4cdbe50f[value=216.1544216990079]]
Worst individual: net.sf.jclec.realarray.RealArrayIndividual@1fbc7afb[genotype={0.0,3.145029761026822,0.0,0.0,0.1607080427489858,1.5268533901665338,0.0,2.40617644327396,1.8240016465428817,0.0,0.0,3.982423031872786,5.12,0.0,0.0,0.1963946016359768,1.0615316694951913,0.0,0.0,5.12,2.084897393329138,1.9281427811977718,1.6008119456633139,2.969848092995644,0.0,0.0,2.97512576486057,2.8766265870411867,0.0,0.0},fitness=net.sf.jclec.fitness.SimpleValueFitness@4cdbe50f[value=216.1544216990079]]
Median individual: net.sf.jclec.realarray.RealArrayIndividual@1fbc7afb[genotype={0.0,3.145029761026822,0.0,0.0,0.1607080427489858,1.5268533901665338,0.0,2.40617644327396,1.8240016465428817,0.0,0.0,3.982423031872786,5.12,0.0,0.0,0.1963946016359768,1.0615316694951913,0.0,0.0,5.12,2.084897393329138,1.9281427811977718,1.6008119456633139,2.969848092995644,0.0,0.0,2.97512576486057,2.8766265870411867,0.0,0.0},fitness=net.sf.jclec.fitness.SimpleValueFitness@4cdbe50f[value=216.1544216990079]]
Average fitness = 216.1544216990079
Fitness variance = 0.0
Generation 470 Report
Best individual: net.sf.jclec.realarray.RealArrayIndividual@66d33a[genotype={0.0,3.145029761026822,0.0,0.0,0.1607080427489858,1.5268533901665338,0.0,2.40617644327396,1.8240016465428817,0.0,0.0,3.982423031872786,5.12,0.0,0.0,0.1963946016359768,1.0615316694951913,0.0,0.0,5.12,2.084897393329138,1.9281427811977718,1.6008119456633139,2.969848092995644,0.0,0.0,2.97512576486057,2.8766265870411867,0.0,0.0},fitness=net.sf.jclec.fitness.SimpleValueFitness@7e0babb1[value=216.1544216990079]]
Worst individual: net.sf.jclec.realarray.RealArrayIndividual@66d33a[genotype={0.0,3.145029761026822,0.0,0.0,0.1607080427489858,1.5268533901665338,0.0,2.40617644327396,1.8240016465428817,0.0,0.0,3.982423031872786,5.12,0.0,0.0,0.1963946016359768,1.0615316694951913,0.0,0.0,5.12,2.084897393329138,1.9281427811977718,1.6008119456633139,2.969848092995644,0.0,0.0,2.97512576486057,2.8766265870411867,0.0,0.0},fitness=net.sf.jclec.fitness.SimpleValueFitness@7e0babb1[value=216.1544216990079]]
Median individual: net.sf.jclec.realarray.RealArrayIndividual@66d33a[genotype={0.0,3.145029761026822,0.0,0.0,0.1607080427489858,1.5268533901665338,0.0,2.40617644327396,1.8240016465428817,0.0,0.0,3.982423031872786,5.12,0.0,0.0,0.1963946016359768,1.0615316694951913,0.0,0.0,5.12,2.084897393329138,1.9281427811977718,1.6008119456633139,2.969848092995644,0.0,0.0,2.97512576486057,2.8766265870411867,0.0,0.0},fitness=net.sf.jclec.fitness.SimpleValueFitness@7e0babb1[value=216.1544216990079]]
Average fitness = 216.1544216990079
Fitness variance = 0.0
Generation 480 Report
Best individual: net.sf.jclec.realarray.RealArrayIndividual@6debcae2[genotype={0.0,3.145029761026822,0.0,0.0,0.1607080427489858,1.5268533901665338,0.0,2.40617644327396,1.8240016465428817,0.0,0.0,3.982423031872786,5.12,0.0,0.0,0.1963946016359768,1.0615316694951913,0.0,0.0,5.12,2.084897393329138,1.9281427811977718,1.6008119456633139,2.969848092995644,0.0,0.0,2.97512576486057,2.8766265870411867,0.0,0.0},fitness=net.sf.jclec.fitness.SimpleValueFitness@2ff4f00f[value=216.1544216990079]]
Worst individual: net.sf.jclec.realarray.RealArrayIndividual@6debcae2[genotype={0.0,3.145029761026822,0.0,0.0,0.1607080427489858,1.5268533901665338,0.0,2.40617644327396,1.8240016465428817,0.0,0.0,3.982423031872786,5.12,0.0,0.0,0.1963946016359768,1.0615316694951913,0.0,0.0,5.12,2.084897393329138,1.9281427811977718,1.6008119456633139,2.969848092995644,0.0,0.0,2.97512576486057,2.8766265870411867,0.0,0.0},fitness=net.sf.jclec.fitness.SimpleValueFitness@2ff4f00f[value=216.1544216990079]]
Median individual: net.sf.jclec.realarray.RealArrayIndividual@6debcae2[genotype={0.0,3.145029761026822,0.0,0.0,0.1607080427489858,1.5268533901665338,0.0,2.40617644327396,1.8240016465428817,0.0,0.0,3.982423031872786,5.12,0.0,0.0,0.1963946016359768,1.0615316694951913,0.0,0.0,5.12,2.084897393329138,1.9281427811977718,1.6008119456633139,2.969848092995644,0.0,0.0,2.97512576486057,2.8766265870411867,0.0,0.0},fitness=net.sf.jclec.fitness.SimpleValueFitness@2ff4f00f[value=216.1544216990079]]
Average fitness = 216.1544216990079
Fitness variance = 0.0
Generation 490 Report
Best individual: net.sf.jclec.realarray.RealArrayIndividual@c818063[genotype={0.0,3.145029761026822,0.0,0.0,0.1607080427489858,1.5268533901665338,0.0,2.40617644327396,1.8240016465428817,0.0,0.0,3.982423031872786,5.12,0.0,0.0,0.1963946016359768,1.0615316694951913,0.0,0.0,5.12,2.084897393329138,1.9281427811977718,1.6008119456633139,2.969848092995644,0.0,0.0,2.97512576486057,2.8766265870411867,0.0,0.0},fitness=net.sf.jclec.fitness.SimpleValueFitness@75bd9247[value=216.1544216990079]]
Worst individual: net.sf.jclec.realarray.RealArrayIndividual@c818063[genotype={0.0,3.145029761026822,0.0,0.0,0.1607080427489858,1.5268533901665338,0.0,2.40617644327396,1.8240016465428817,0.0,0.0,3.982423031872786,5.12,0.0,0.0,0.1963946016359768,1.0615316694951913,0.0,0.0,5.12,2.084897393329138,1.9281427811977718,1.6008119456633139,2.969848092995644,0.0,0.0,2.97512576486057,2.8766265870411867,0.0,0.0},fitness=net.sf.jclec.fitness.SimpleValueFitness@75bd9247[value=216.1544216990079]]
Median individual: net.sf.jclec.realarray.RealArrayIndividual@c818063[genotype={0.0,3.145029761026822,0.0,0.0,0.1607080427489858,1.5268533901665338,0.0,2.40617644327396,1.8240016465428817,0.0,0.0,3.982423031872786,5.12,0.0,0.0,0.1963946016359768,1.0615316694951913,0.0,0.0,5.12,2.084897393329138,1.9281427811977718,1.6008119456633139,2.969848092995644,0.0,0.0,2.97512576486057,2.8766265870411867,0.0,0.0},fitness=net.sf.jclec.fitness.SimpleValueFitness@75bd9247[value=216.1544216990079]]
Average fitness = 216.1544216990079
Fitness variance = 0.0
Generation 500 Report
Best individual: net.sf.jclec.realarray.RealArrayIndividual@7d417077[genotype={0.0,3.145029761026822,0.0,0.0,0.1607080427489858,1.5268533901665338,0.0,2.40617644327396,1.8240016465428817,0.0,0.0,3.982423031872786,5.12,0.0,0.0,0.1963946016359768,1.0615316694951913,0.0,0.0,5.12,2.084897393329138,1.9281427811977718,1.6008119456633139,2.969848092995644,0.0,0.0,2.97512576486057,2.8766265870411867,0.0,0.0},fitness=net.sf.jclec.fitness.SimpleValueFitness@35bbe5e8[value=216.1544216990079]]
Worst individual: net.sf.jclec.realarray.RealArrayIndividual@7d417077[genotype={0.0,3.145029761026822,0.0,0.0,0.1607080427489858,1.5268533901665338,0.0,2.40617644327396,1.8240016465428817,0.0,0.0,3.982423031872786,5.12,0.0,0.0,0.1963946016359768,1.0615316694951913,0.0,0.0,5.12,2.084897393329138,1.9281427811977718,1.6008119456633139,2.969848092995644,0.0,0.0,2.97512576486057,2.8766265870411867,0.0,0.0},fitness=net.sf.jclec.fitness.SimpleValueFitness@35bbe5e8[value=216.1544216990079]]
Median individual: net.sf.jclec.realarray.RealArrayIndividual@7d417077[genotype={0.0,3.145029761026822,0.0,0.0,0.1607080427489858,1.5268533901665338,0.0,2.40617644327396,1.8240016465428817,0.0,0.0,3.982423031872786,5.12,0.0,0.0,0.1963946016359768,1.0615316694951913,0.0,0.0,5.12,2.084897393329138,1.9281427811977718,1.6008119456633139,2.969848092995644,0.0,0.0,2.97512576486057,2.8766265870411867,0.0,0.0},fitness=net.sf.jclec.fitness.SimpleValueFitness@35bbe5e8[value=216.1544216990079]]
Average fitness = 216.1544216990079
Fitness variance = 0.0
