Sun Nov 04 15.10.44 CET 2018
Generation 0 Report
Best individual: net.sf.jclec.realarray.RealArrayIndividual@311d617d[genotype={5.0509347361163,3.902920469329018,0.011275632688772607,2.3957931360939,2.008554799466476,2.4696468072734516,2.745825561024546,1.193022116753659,3.0154588448363393,2.7475711808459904,2.836905447082497,1.7458475874872914,3.8976050628616594,0.9822264128422288,3.226901111341687,0.36122834474950916,0.4334501408464348,4.986314730654733,4.575829838065322,0.831838902258218,0.880700574084092,1.9480215389016082,3.179354039065651,2.270376217258766,1.9425143914393386,0.16692323185991068,0.9340608970602625,1.9466891390201684,4.108546321319598,4.931367948952308},fitness=net.sf.jclec.fitness.SimpleValueFitness@ed17bee[value=418.91872846851174]]
Worst individual: net.sf.jclec.realarray.RealArrayIndividual@5e91993f[genotype={3.43470070187113,4.498633240292427,3.5099623587763142,3.5225436002500623,4.241956883656455,2.736099832724484,0.42963769176409705,3.205941707255546,0.1591682429781883,1.6600001406130955,4.516081444331692,0.41171966721260544,4.283594107558212,4.083599962435762,4.495648940551355,4.718663136826915,3.4743694537152976,3.5142207531337157,2.062113133846359,4.8786251253444695,4.487681639919156,3.9299291370573646,4.917697158384225,2.1408887445330813,2.357190127248294,0.4851436008125425,0.25178759784335875,3.678752801552139,2.577707148715952,4.027021482080464},fitness=net.sf.jclec.fitness.SimpleValueFitness@379619aa[value=731.0144259817572]]
Median individual: net.sf.jclec.realarray.RealArrayIndividual@26f0a63f[genotype={3.1619919971190353,2.1618898575665866,4.781340119030719,0.3736746031568343,4.2958969190393255,1.29759464224416,3.0245898570481087,0.7195664268164803,4.453341312197121,2.688314542134461,2.42634849724396,1.0473607754078111,2.634601040170698,1.493896405883981,1.0874728952221322,4.608615986553407,1.532983838380181,0.22786276723138407,1.7315164275050006,5.040936383316162,3.4698120562255093,2.4880475555510215,3.8467318128979184,3.434273484375965,4.75246738035923,1.411694872710081,2.728735990990111,2.7469517622080435,1.8036250439151562,4.7693192160694045},fitness=net.sf.jclec.fitness.SimpleValueFitness@53bd815b[value=623.7518344757895]]
Average fitness = 561.4744062145462
Fitness variance = 3725.556122942595
Generation 10 Report
Best individual: net.sf.jclec.realarray.RealArrayIndividual@4ca8195f[genotype={4.085060773699229,4.908947602021747,4.455948647075108,4.0291519261883675,4.179969919712674,0.973778081349811,3.2055308481330185,4.184272057617467,3.459712990258476,0.1989707388467429,1.317950796645547,0.08154532416400948,1.1655373352683251,2.1006411229893684,1.1777574774565132,3.0304983918534303,1.2280677844035195,3.0142864625019268,2.899446623475399,2.95958760486177,1.3089066552249093,4.2147935394865135,2.1019385722896238,2.0136295414451575,3.255467501729623,1.8621526105128496,2.0150725791008526,0.8510061401905313,1.7407762066039134,2.122707679908655},fitness=net.sf.jclec.fitness.SimpleValueFitness@61baa894[value=397.5226015543615]]
Worst individual: net.sf.jclec.realarray.RealArrayIndividual@4ca8195f[genotype={4.085060773699229,4.908947602021747,4.455948647075108,4.0291519261883675,4.179969919712674,0.973778081349811,3.2055308481330185,4.184272057617467,3.459712990258476,0.1989707388467429,1.317950796645547,0.08154532416400948,1.1655373352683251,2.1006411229893684,1.1777574774565132,3.0304983918534303,1.2280677844035195,3.0142864625019268,2.899446623475399,2.95958760486177,1.3089066552249093,4.2147935394865135,2.1019385722896238,2.0136295414451575,3.255467501729623,1.8621526105128496,2.0150725791008526,0.8510061401905313,1.7407762066039134,2.122707679908655},fitness=net.sf.jclec.fitness.SimpleValueFitness@61baa894[value=397.5226015543615]]
Median individual: net.sf.jclec.realarray.RealArrayIndividual@4ca8195f[genotype={4.085060773699229,4.908947602021747,4.455948647075108,4.0291519261883675,4.179969919712674,0.973778081349811,3.2055308481330185,4.184272057617467,3.459712990258476,0.1989707388467429,1.317950796645547,0.08154532416400948,1.1655373352683251,2.1006411229893684,1.1777574774565132,3.0304983918534303,1.2280677844035195,3.0142864625019268,2.899446623475399,2.95958760486177,1.3089066552249093,4.2147935394865135,2.1019385722896238,2.0136295414451575,3.255467501729623,1.8621526105128496,2.0150725791008526,0.8510061401905313,1.7407762066039134,2.122707679908655},fitness=net.sf.jclec.fitness.SimpleValueFitness@61baa894[value=397.5226015543615]]
Average fitness = 397.5226015543615
Fitness variance = 0.0
Generation 20 Report
Best individual: net.sf.jclec.realarray.RealArrayIndividual@b065c63[genotype={4.085060773699229,4.908947602021747,4.455948647075108,4.0291519261883675,4.179969919712674,0.973778081349811,3.2055308481330185,4.184272057617467,3.459712990258476,0.1989707388467429,1.317950796645547,0.08154532416400948,1.1655373352683251,2.1006411229893684,1.1777574774565132,3.0304983918534303,1.2280677844035195,3.0142864625019268,2.899446623475399,2.95958760486177,0.8696506922161451,4.2147935394865135,2.0447160584569226,2.0136295414451575,3.255467501729623,1.8621526105128496,2.0150725791008526,0.8510061401905313,1.7407762066039134,2.122707679908655},fitness=net.sf.jclec.fitness.SimpleValueFitness@490d6c15[value=384.29171139318953]]
Worst individual: net.sf.jclec.realarray.RealArrayIndividual@b065c63[genotype={4.085060773699229,4.908947602021747,4.455948647075108,4.0291519261883675,4.179969919712674,0.973778081349811,3.2055308481330185,4.184272057617467,3.459712990258476,0.1989707388467429,1.317950796645547,0.08154532416400948,1.1655373352683251,2.1006411229893684,1.1777574774565132,3.0304983918534303,1.2280677844035195,3.0142864625019268,2.899446623475399,2.95958760486177,0.8696506922161451,4.2147935394865135,2.0447160584569226,2.0136295414451575,3.255467501729623,1.8621526105128496,2.0150725791008526,0.8510061401905313,1.7407762066039134,2.122707679908655},fitness=net.sf.jclec.fitness.SimpleValueFitness@490d6c15[value=384.29171139318953]]
Median individual: net.sf.jclec.realarray.RealArrayIndividual@b065c63[genotype={4.085060773699229,4.908947602021747,4.455948647075108,4.0291519261883675,4.179969919712674,0.973778081349811,3.2055308481330185,4.184272057617467,3.459712990258476,0.1989707388467429,1.317950796645547,0.08154532416400948,1.1655373352683251,2.1006411229893684,1.1777574774565132,3.0304983918534303,1.2280677844035195,3.0142864625019268,2.899446623475399,2.95958760486177,0.8696506922161451,4.2147935394865135,2.0447160584569226,2.0136295414451575,3.255467501729623,1.8621526105128496,2.0150725791008526,0.8510061401905313,1.7407762066039134,2.122707679908655},fitness=net.sf.jclec.fitness.SimpleValueFitness@490d6c15[value=384.29171139318953]]
Average fitness = 384.29171139318953
Fitness variance = 0.0
Generation 30 Report
Best individual: net.sf.jclec.realarray.RealArrayIndividual@7d4793a8[genotype={4.085060773699229,4.908947602021747,4.455948647075108,4.0291519261883675,4.179969919712674,0.973778081349811,3.2055308481330185,4.184272057617467,3.459712990258476,0.1989707388467429,1.317950796645547,0.08154532416400948,1.1655373352683251,2.1006411229893684,1.1777574774565132,3.0304983918534303,1.2280677844035195,3.0142864625019268,2.899446623475399,2.95958760486177,0.8696506922161451,4.2147935394865135,2.0447160584569226,2.0136295414451575,3.255467501729623,1.8621526105128496,2.0150725791008526,0.8510061401905313,1.7407762066039134,2.122707679908655},fitness=net.sf.jclec.fitness.SimpleValueFitness@5479e3f[value=384.29171139318953]]
Worst individual: net.sf.jclec.realarray.RealArrayIndividual@7d4793a8[genotype={4.085060773699229,4.908947602021747,4.455948647075108,4.0291519261883675,4.179969919712674,0.973778081349811,3.2055308481330185,4.184272057617467,3.459712990258476,0.1989707388467429,1.317950796645547,0.08154532416400948,1.1655373352683251,2.1006411229893684,1.1777574774565132,3.0304983918534303,1.2280677844035195,3.0142864625019268,2.899446623475399,2.95958760486177,0.8696506922161451,4.2147935394865135,2.0447160584569226,2.0136295414451575,3.255467501729623,1.8621526105128496,2.0150725791008526,0.8510061401905313,1.7407762066039134,2.122707679908655},fitness=net.sf.jclec.fitness.SimpleValueFitness@5479e3f[value=384.29171139318953]]
Median individual: net.sf.jclec.realarray.RealArrayIndividual@7d4793a8[genotype={4.085060773699229,4.908947602021747,4.455948647075108,4.0291519261883675,4.179969919712674,0.973778081349811,3.2055308481330185,4.184272057617467,3.459712990258476,0.1989707388467429,1.317950796645547,0.08154532416400948,1.1655373352683251,2.1006411229893684,1.1777574774565132,3.0304983918534303,1.2280677844035195,3.0142864625019268,2.899446623475399,2.95958760486177,0.8696506922161451,4.2147935394865135,2.0447160584569226,2.0136295414451575,3.255467501729623,1.8621526105128496,2.0150725791008526,0.8510061401905313,1.7407762066039134,2.122707679908655},fitness=net.sf.jclec.fitness.SimpleValueFitness@5479e3f[value=384.29171139318953]]
Average fitness = 384.29171139318953
Fitness variance = 0.0
Generation 40 Report
Best individual: net.sf.jclec.realarray.RealArrayIndividual@27082746[genotype={4.085060773699229,4.908947602021747,4.455948647075108,4.0291519261883675,4.179969919712674,0.973778081349811,3.2055308481330185,4.184272057617467,3.459712990258476,0.1989707388467429,1.317950796645547,0.08154532416400948,1.1655373352683251,2.1006411229893684,1.1777574774565132,3.0304983918534303,1.2280677844035195,3.0142864625019268,2.899446623475399,2.95958760486177,0.8696506922161451,4.2147935394865135,2.0447160584569226,2.0136295414451575,3.255467501729623,1.8621526105128496,2.0150725791008526,0.8510061401905313,1.7407762066039134,2.122707679908655},fitness=net.sf.jclec.fitness.SimpleValueFitness@7bfcd12c[value=384.29171139318953]]
Worst individual: net.sf.jclec.realarray.RealArrayIndividual@27082746[genotype={4.085060773699229,4.908947602021747,4.455948647075108,4.0291519261883675,4.179969919712674,0.973778081349811,3.2055308481330185,4.184272057617467,3.459712990258476,0.1989707388467429,1.317950796645547,0.08154532416400948,1.1655373352683251,2.1006411229893684,1.1777574774565132,3.0304983918534303,1.2280677844035195,3.0142864625019268,2.899446623475399,2.95958760486177,0.8696506922161451,4.2147935394865135,2.0447160584569226,2.0136295414451575,3.255467501729623,1.8621526105128496,2.0150725791008526,0.8510061401905313,1.7407762066039134,2.122707679908655},fitness=net.sf.jclec.fitness.SimpleValueFitness@7bfcd12c[value=384.29171139318953]]
Median individual: net.sf.jclec.realarray.RealArrayIndividual@27082746[genotype={4.085060773699229,4.908947602021747,4.455948647075108,4.0291519261883675,4.179969919712674,0.973778081349811,3.2055308481330185,4.184272057617467,3.459712990258476,0.1989707388467429,1.317950796645547,0.08154532416400948,1.1655373352683251,2.1006411229893684,1.1777574774565132,3.0304983918534303,1.2280677844035195,3.0142864625019268,2.899446623475399,2.95958760486177,0.8696506922161451,4.2147935394865135,2.0447160584569226,2.0136295414451575,3.255467501729623,1.8621526105128496,2.0150725791008526,0.8510061401905313,1.7407762066039134,2.122707679908655},fitness=net.sf.jclec.fitness.SimpleValueFitness@7bfcd12c[value=384.29171139318953]]
Average fitness = 384.29171139318953
Fitness variance = 0.0
Generation 50 Report
Best individual: net.sf.jclec.realarray.RealArrayIndividual@42f30e0a[genotype={4.085060773699229,4.908947602021747,4.455948647075108,4.0291519261883675,4.225268521403684,0.973778081349811,3.0914046241131565,4.184272057617467,3.459712990258476,0.1989707388467429,1.317950796645547,0.08154532416400948,1.1655373352683251,2.1006411229893684,1.1777574774565132,3.0304983918534303,1.2280677844035195,3.0142864625019268,2.899446623475399,2.95958760486177,0.8696506922161451,4.2147935394865135,2.0447160584569226,2.0136295414451575,3.255467501729623,1.8621526105128496,2.0150725791008526,0.8510061401905313,1.7407762066039134,2.178635404258075},fitness=net.sf.jclec.fitness.SimpleValueFitness@5b1d2887[value=384.1053650854075]]
Worst individual: net.sf.jclec.realarray.RealArrayIndividual@42f30e0a[genotype={4.085060773699229,4.908947602021747,4.455948647075108,4.0291519261883675,4.225268521403684,0.973778081349811,3.0914046241131565,4.184272057617467,3.459712990258476,0.1989707388467429,1.317950796645547,0.08154532416400948,1.1655373352683251,2.1006411229893684,1.1777574774565132,3.0304983918534303,1.2280677844035195,3.0142864625019268,2.899446623475399,2.95958760486177,0.8696506922161451,4.2147935394865135,2.0447160584569226,2.0136295414451575,3.255467501729623,1.8621526105128496,2.0150725791008526,0.8510061401905313,1.7407762066039134,2.178635404258075},fitness=net.sf.jclec.fitness.SimpleValueFitness@5b1d2887[value=384.1053650854075]]
Median individual: net.sf.jclec.realarray.RealArrayIndividual@42f30e0a[genotype={4.085060773699229,4.908947602021747,4.455948647075108,4.0291519261883675,4.225268521403684,0.973778081349811,3.0914046241131565,4.184272057617467,3.459712990258476,0.1989707388467429,1.317950796645547,0.08154532416400948,1.1655373352683251,2.1006411229893684,1.1777574774565132,3.0304983918534303,1.2280677844035195,3.0142864625019268,2.899446623475399,2.95958760486177,0.8696506922161451,4.2147935394865135,2.0447160584569226,2.0136295414451575,3.255467501729623,1.8621526105128496,2.0150725791008526,0.8510061401905313,1.7407762066039134,2.178635404258075},fitness=net.sf.jclec.fitness.SimpleValueFitness@5b1d2887[value=384.1053650854075]]
Average fitness = 384.1053650854075
Fitness variance = 0.0
Generation 60 Report
Best individual: net.sf.jclec.realarray.RealArrayIndividual@46f5f779[genotype={4.085060773699229,4.908947602021747,4.455948647075108,4.0291519261883675,4.225268521403684,0.973778081349811,3.0914046241131565,4.184272057617467,3.459712990258476,0.1989707388467429,1.317950796645547,0.08154532416400948,1.1655373352683251,2.1006411229893684,1.1777574774565132,3.0304983918534303,1.2280677844035195,3.0142864625019268,2.899446623475399,2.95958760486177,0.8696506922161451,4.2147935394865135,2.0447160584569226,2.0136295414451575,3.255467501729623,1.8621526105128496,2.0150725791008526,0.8510061401905313,1.7407762066039134,2.178635404258075},fitness=net.sf.jclec.fitness.SimpleValueFitness@18e8568[value=384.1053650854075]]
Worst individual: net.sf.jclec.realarray.RealArrayIndividual@46f5f779[genotype={4.085060773699229,4.908947602021747,4.455948647075108,4.0291519261883675,4.225268521403684,0.973778081349811,3.0914046241131565,4.184272057617467,3.459712990258476,0.1989707388467429,1.317950796645547,0.08154532416400948,1.1655373352683251,2.1006411229893684,1.1777574774565132,3.0304983918534303,1.2280677844035195,3.0142864625019268,2.899446623475399,2.95958760486177,0.8696506922161451,4.2147935394865135,2.0447160584569226,2.0136295414451575,3.255467501729623,1.8621526105128496,2.0150725791008526,0.8510061401905313,1.7407762066039134,2.178635404258075},fitness=net.sf.jclec.fitness.SimpleValueFitness@18e8568[value=384.1053650854075]]
Median individual: net.sf.jclec.realarray.RealArrayIndividual@46f5f779[genotype={4.085060773699229,4.908947602021747,4.455948647075108,4.0291519261883675,4.225268521403684,0.973778081349811,3.0914046241131565,4.184272057617467,3.459712990258476,0.1989707388467429,1.317950796645547,0.08154532416400948,1.1655373352683251,2.1006411229893684,1.1777574774565132,3.0304983918534303,1.2280677844035195,3.0142864625019268,2.899446623475399,2.95958760486177,0.8696506922161451,4.2147935394865135,2.0447160584569226,2.0136295414451575,3.255467501729623,1.8621526105128496,2.0150725791008526,0.8510061401905313,1.7407762066039134,2.178635404258075},fitness=net.sf.jclec.fitness.SimpleValueFitness@18e8568[value=384.1053650854075]]
Average fitness = 384.1053650854075
Fitness variance = 0.0
Generation 70 Report
Best individual: net.sf.jclec.realarray.RealArrayIndividual@33e5ccce[genotype={4.085060773699229,4.908947602021747,4.455948647075108,4.0291519261883675,4.222188743585445,0.973778081349811,3.0914046241131565,4.184272057617467,3.459712990258476,0.2121417223879944,1.317950796645547,0.08154532416400948,1.1655373352683251,2.081405727936302,1.1777574774565132,3.0304983918534303,1.2280677844035195,3.0142864625019268,2.9057475168329003,2.978808114671392,0.8696506922161451,4.2147935394865135,2.0447160584569226,2.0136295414451575,3.255467501729623,1.8621526105128496,2.0150725791008526,0.8510061401905313,1.7407762066039134,2.173057369559906},fitness=net.sf.jclec.fitness.SimpleValueFitness@270421f5[value=383.3087510891016]]
Worst individual: net.sf.jclec.realarray.RealArrayIndividual@33e5ccce[genotype={4.085060773699229,4.908947602021747,4.455948647075108,4.0291519261883675,4.222188743585445,0.973778081349811,3.0914046241131565,4.184272057617467,3.459712990258476,0.2121417223879944,1.317950796645547,0.08154532416400948,1.1655373352683251,2.081405727936302,1.1777574774565132,3.0304983918534303,1.2280677844035195,3.0142864625019268,2.9057475168329003,2.978808114671392,0.8696506922161451,4.2147935394865135,2.0447160584569226,2.0136295414451575,3.255467501729623,1.8621526105128496,2.0150725791008526,0.8510061401905313,1.7407762066039134,2.173057369559906},fitness=net.sf.jclec.fitness.SimpleValueFitness@270421f5[value=383.3087510891016]]
Median individual: net.sf.jclec.realarray.RealArrayIndividual@33e5ccce[genotype={4.085060773699229,4.908947602021747,4.455948647075108,4.0291519261883675,4.222188743585445,0.973778081349811,3.0914046241131565,4.184272057617467,3.459712990258476,0.2121417223879944,1.317950796645547,0.08154532416400948,1.1655373352683251,2.081405727936302,1.1777574774565132,3.0304983918534303,1.2280677844035195,3.0142864625019268,2.9057475168329003,2.978808114671392,0.8696506922161451,4.2147935394865135,2.0447160584569226,2.0136295414451575,3.255467501729623,1.8621526105128496,2.0150725791008526,0.8510061401905313,1.7407762066039134,2.173057369559906},fitness=net.sf.jclec.fitness.SimpleValueFitness@270421f5[value=383.3087510891016]]
Average fitness = 383.3087510891016
Fitness variance = 0.0
Generation 80 Report
Best individual: net.sf.jclec.realarray.RealArrayIndividual@52d455b8[genotype={4.085060773699229,4.908947602021747,4.455948647075108,4.0291519261883675,4.222188743585445,0.973778081349811,3.0914046241131565,4.184272057617467,3.459712990258476,0.2121417223879944,1.317950796645547,0.08154532416400948,1.1655373352683251,2.081405727936302,1.1777574774565132,3.0304983918534303,1.2280677844035195,3.0142864625019268,2.9057475168329003,2.978808114671392,0.8696506922161451,4.2147935394865135,2.0447160584569226,2.0136295414451575,3.255467501729623,1.8621526105128496,2.0150725791008526,0.8510061401905313,1.7407762066039134,2.173057369559906},fitness=net.sf.jclec.fitness.SimpleValueFitness@18ef96[value=383.3087510891016]]
Worst individual: net.sf.jclec.realarray.RealArrayIndividual@52d455b8[genotype={4.085060773699229,4.908947602021747,4.455948647075108,4.0291519261883675,4.222188743585445,0.973778081349811,3.0914046241131565,4.184272057617467,3.459712990258476,0.2121417223879944,1.317950796645547,0.08154532416400948,1.1655373352683251,2.081405727936302,1.1777574774565132,3.0304983918534303,1.2280677844035195,3.0142864625019268,2.9057475168329003,2.978808114671392,0.8696506922161451,4.2147935394865135,2.0447160584569226,2.0136295414451575,3.255467501729623,1.8621526105128496,2.0150725791008526,0.8510061401905313,1.7407762066039134,2.173057369559906},fitness=net.sf.jclec.fitness.SimpleValueFitness@18ef96[value=383.3087510891016]]
Median individual: net.sf.jclec.realarray.RealArrayIndividual@52d455b8[genotype={4.085060773699229,4.908947602021747,4.455948647075108,4.0291519261883675,4.222188743585445,0.973778081349811,3.0914046241131565,4.184272057617467,3.459712990258476,0.2121417223879944,1.317950796645547,0.08154532416400948,1.1655373352683251,2.081405727936302,1.1777574774565132,3.0304983918534303,1.2280677844035195,3.0142864625019268,2.9057475168329003,2.978808114671392,0.8696506922161451,4.2147935394865135,2.0447160584569226,2.0136295414451575,3.255467501729623,1.8621526105128496,2.0150725791008526,0.8510061401905313,1.7407762066039134,2.173057369559906},fitness=net.sf.jclec.fitness.SimpleValueFitness@18ef96[value=383.3087510891016]]
Average fitness = 383.3087510891016
Fitness variance = 0.0
Generation 90 Report
Best individual: net.sf.jclec.realarray.RealArrayIndividual@6956de9[genotype={4.084997293142846,4.908947602021747,4.455948647075108,4.0291519261883675,4.222188743585445,0.973778081349811,3.088862555538931,4.184272057617467,3.459712990258476,0.2121417223879944,1.317950796645547,0.08186409545313962,1.1652707330387753,2.081405727936302,1.1777574774565132,3.030670228041706,1.2280677844035195,3.0142864625019268,2.9057475168329003,2.978808114671392,0.8696506922161451,4.2147935394865135,2.0447160584569226,2.0136295414451575,3.2548974574706198,1.8621526105128496,2.0150725791008526,0.8510061401905313,1.7407762066039134,2.173057369559906},fitness=net.sf.jclec.fitness.SimpleValueFitness@6aceb1a5[value=383.1632163655654]]
Worst individual: net.sf.jclec.realarray.RealArrayIndividual@6956de9[genotype={4.084997293142846,4.908947602021747,4.455948647075108,4.0291519261883675,4.222188743585445,0.973778081349811,3.088862555538931,4.184272057617467,3.459712990258476,0.2121417223879944,1.317950796645547,0.08186409545313962,1.1652707330387753,2.081405727936302,1.1777574774565132,3.030670228041706,1.2280677844035195,3.0142864625019268,2.9057475168329003,2.978808114671392,0.8696506922161451,4.2147935394865135,2.0447160584569226,2.0136295414451575,3.2548974574706198,1.8621526105128496,2.0150725791008526,0.8510061401905313,1.7407762066039134,2.173057369559906},fitness=net.sf.jclec.fitness.SimpleValueFitness@6aceb1a5[value=383.1632163655654]]
Median individual: net.sf.jclec.realarray.RealArrayIndividual@6956de9[genotype={4.084997293142846,4.908947602021747,4.455948647075108,4.0291519261883675,4.222188743585445,0.973778081349811,3.088862555538931,4.184272057617467,3.459712990258476,0.2121417223879944,1.317950796645547,0.08186409545313962,1.1652707330387753,2.081405727936302,1.1777574774565132,3.030670228041706,1.2280677844035195,3.0142864625019268,2.9057475168329003,2.978808114671392,0.8696506922161451,4.2147935394865135,2.0447160584569226,2.0136295414451575,3.2548974574706198,1.8621526105128496,2.0150725791008526,0.8510061401905313,1.7407762066039134,2.173057369559906},fitness=net.sf.jclec.fitness.SimpleValueFitness@6aceb1a5[value=383.1632163655654]]
Average fitness = 383.1632163655654
Fitness variance = 0.0
Generation 100 Report
Best individual: net.sf.jclec.realarray.RealArrayIndividual@2d6d8735[genotype={4.084997293142846,4.908947602021747,4.455948647075108,4.0291519261883675,4.222183980404036,0.973778081349811,3.088862555538931,4.184272626572016,3.459712990258476,0.2121417223879944,1.317950796645547,0.08186409545313962,1.1652707330387753,2.081405727936302,1.1777574774565132,3.030670228041706,1.2280677844035195,3.0142864625019268,2.9057475168329003,2.978809870101596,0.8696506922161451,4.2147935394865135,2.0447160584569226,2.0136295414451575,3.2548974574706198,1.8621526105128496,2.0150725791008526,0.8510061401905313,1.7407762066039134,2.173057369559906},fitness=net.sf.jclec.fitness.SimpleValueFitness@12bc6874[value=383.1629147426347]]
Worst individual: net.sf.jclec.realarray.RealArrayIndividual@2d6d8735[genotype={4.084997293142846,4.908947602021747,4.455948647075108,4.0291519261883675,4.222183980404036,0.973778081349811,3.088862555538931,4.184272626572016,3.459712990258476,0.2121417223879944,1.317950796645547,0.08186409545313962,1.1652707330387753,2.081405727936302,1.1777574774565132,3.030670228041706,1.2280677844035195,3.0142864625019268,2.9057475168329003,2.978809870101596,0.8696506922161451,4.2147935394865135,2.0447160584569226,2.0136295414451575,3.2548974574706198,1.8621526105128496,2.0150725791008526,0.8510061401905313,1.7407762066039134,2.173057369559906},fitness=net.sf.jclec.fitness.SimpleValueFitness@12bc6874[value=383.1629147426347]]
Median individual: net.sf.jclec.realarray.RealArrayIndividual@2d6d8735[genotype={4.084997293142846,4.908947602021747,4.455948647075108,4.0291519261883675,4.222183980404036,0.973778081349811,3.088862555538931,4.184272626572016,3.459712990258476,0.2121417223879944,1.317950796645547,0.08186409545313962,1.1652707330387753,2.081405727936302,1.1777574774565132,3.030670228041706,1.2280677844035195,3.0142864625019268,2.9057475168329003,2.978809870101596,0.8696506922161451,4.2147935394865135,2.0447160584569226,2.0136295414451575,3.2548974574706198,1.8621526105128496,2.0150725791008526,0.8510061401905313,1.7407762066039134,2.173057369559906},fitness=net.sf.jclec.fitness.SimpleValueFitness@12bc6874[value=383.1629147426347]]
Average fitness = 383.1629147426347
Fitness variance = 0.0
Generation 110 Report
Best individual: net.sf.jclec.realarray.RealArrayIndividual@de0a01f[genotype={4.084997293142846,4.908947602021747,4.455948647075108,4.0291519261883675,4.222183980404036,0.9737781114599235,3.0888622152057246,4.184272626572016,3.459712990258476,0.2121417223879944,1.317950796645547,0.08186409545313962,1.1652707330387753,2.081405727936302,1.1777574774565132,3.030670228041706,1.2280677844035195,3.0142864625019268,2.9057475168329003,2.978809870101596,0.8696506922161451,4.2147935394865135,2.0447160584569226,2.0136295414451575,3.2548974574706198,1.8621526105128496,2.0150725791008526,0.8510061401905313,1.7407762066039134,2.173057369559906},fitness=net.sf.jclec.fitness.SimpleValueFitness@1ef7fe8e[value=383.16290105985]]
Worst individual: net.sf.jclec.realarray.RealArrayIndividual@de0a01f[genotype={4.084997293142846,4.908947602021747,4.455948647075108,4.0291519261883675,4.222183980404036,0.9737781114599235,3.0888622152057246,4.184272626572016,3.459712990258476,0.2121417223879944,1.317950796645547,0.08186409545313962,1.1652707330387753,2.081405727936302,1.1777574774565132,3.030670228041706,1.2280677844035195,3.0142864625019268,2.9057475168329003,2.978809870101596,0.8696506922161451,4.2147935394865135,2.0447160584569226,2.0136295414451575,3.2548974574706198,1.8621526105128496,2.0150725791008526,0.8510061401905313,1.7407762066039134,2.173057369559906},fitness=net.sf.jclec.fitness.SimpleValueFitness@1ef7fe8e[value=383.16290105985]]
Median individual: net.sf.jclec.realarray.RealArrayIndividual@de0a01f[genotype={4.084997293142846,4.908947602021747,4.455948647075108,4.0291519261883675,4.222183980404036,0.9737781114599235,3.0888622152057246,4.184272626572016,3.459712990258476,0.2121417223879944,1.317950796645547,0.08186409545313962,1.1652707330387753,2.081405727936302,1.1777574774565132,3.030670228041706,1.2280677844035195,3.0142864625019268,2.9057475168329003,2.978809870101596,0.8696506922161451,4.2147935394865135,2.0447160584569226,2.0136295414451575,3.2548974574706198,1.8621526105128496,2.0150725791008526,0.8510061401905313,1.7407762066039134,2.173057369559906},fitness=net.sf.jclec.fitness.SimpleValueFitness@1ef7fe8e[value=383.16290105985]]
Average fitness = 383.16290105985
Fitness variance = 0.0
Generation 120 Report
Best individual: net.sf.jclec.realarray.RealArrayIndividual@6f79caec[genotype={4.084997293142846,4.908947602021747,4.455948647075108,4.0291519261883675,4.222183980404036,0.9737781114599235,3.0888622152057246,4.184272626572016,3.459712990258476,0.2121417223879944,1.317950796645547,0.08186409545313962,1.1652707330387753,2.081405727936302,1.1777574774565132,3.030670228041706,1.2280677844035195,3.0142864625019268,2.9057475168329003,2.978809870101596,0.8696506922161451,4.2147935394865135,2.0447160584569226,2.0136295414451575,3.2548974574706198,1.8621526105128496,2.0150725791008526,0.8510061401905313,1.7407762066039134,2.173057369559906},fitness=net.sf.jclec.fitness.SimpleValueFitness@5d3411d[value=383.16290105985]]
Worst individual: net.sf.jclec.realarray.RealArrayIndividual@6f79caec[genotype={4.084997293142846,4.908947602021747,4.455948647075108,4.0291519261883675,4.222183980404036,0.9737781114599235,3.0888622152057246,4.184272626572016,3.459712990258476,0.2121417223879944,1.317950796645547,0.08186409545313962,1.1652707330387753,2.081405727936302,1.1777574774565132,3.030670228041706,1.2280677844035195,3.0142864625019268,2.9057475168329003,2.978809870101596,0.8696506922161451,4.2147935394865135,2.0447160584569226,2.0136295414451575,3.2548974574706198,1.8621526105128496,2.0150725791008526,0.8510061401905313,1.7407762066039134,2.173057369559906},fitness=net.sf.jclec.fitness.SimpleValueFitness@5d3411d[value=383.16290105985]]
Median individual: net.sf.jclec.realarray.RealArrayIndividual@6f79caec[genotype={4.084997293142846,4.908947602021747,4.455948647075108,4.0291519261883675,4.222183980404036,0.9737781114599235,3.0888622152057246,4.184272626572016,3.459712990258476,0.2121417223879944,1.317950796645547,0.08186409545313962,1.1652707330387753,2.081405727936302,1.1777574774565132,3.030670228041706,1.2280677844035195,3.0142864625019268,2.9057475168329003,2.978809870101596,0.8696506922161451,4.2147935394865135,2.0447160584569226,2.0136295414451575,3.2548974574706198,1.8621526105128496,2.0150725791008526,0.8510061401905313,1.7407762066039134,2.173057369559906},fitness=net.sf.jclec.fitness.SimpleValueFitness@5d3411d[value=383.16290105985]]
Average fitness = 383.16290105985
Fitness variance = 0.0
Generation 130 Report
Best individual: net.sf.jclec.realarray.RealArrayIndividual@2471cca7[genotype={4.084997293142846,4.908947602021747,4.455948647075108,4.0291519261883675,4.222183980404036,0.9737781114599235,3.0851659117017616,4.184272626572016,3.464086474959175,0.2121417223879944,1.317950796645547,0.08186409545313962,1.1609942201984513,2.081405727936302,1.1777574774565132,3.030670228041706,1.2280677844035195,3.0142864625019268,2.9057475168329003,2.978809870101596,0.8696506922161451,4.2147935394865135,2.0447160584569226,2.0136295414451575,3.2548974574706198,1.8621526105128496,2.0150725791008526,0.8510061401905313,1.7407762066039134,2.173057369559906},fitness=net.sf.jclec.fitness.SimpleValueFitness@6979e8cb[value=382.87517271849646]]
Worst individual: net.sf.jclec.realarray.RealArrayIndividual@2471cca7[genotype={4.084997293142846,4.908947602021747,4.455948647075108,4.0291519261883675,4.222183980404036,0.9737781114599235,3.0851659117017616,4.184272626572016,3.464086474959175,0.2121417223879944,1.317950796645547,0.08186409545313962,1.1609942201984513,2.081405727936302,1.1777574774565132,3.030670228041706,1.2280677844035195,3.0142864625019268,2.9057475168329003,2.978809870101596,0.8696506922161451,4.2147935394865135,2.0447160584569226,2.0136295414451575,3.2548974574706198,1.8621526105128496,2.0150725791008526,0.8510061401905313,1.7407762066039134,2.173057369559906},fitness=net.sf.jclec.fitness.SimpleValueFitness@6979e8cb[value=382.87517271849646]]
Median individual: net.sf.jclec.realarray.RealArrayIndividual@2471cca7[genotype={4.084997293142846,4.908947602021747,4.455948647075108,4.0291519261883675,4.222183980404036,0.9737781114599235,3.0851659117017616,4.184272626572016,3.464086474959175,0.2121417223879944,1.317950796645547,0.08186409545313962,1.1609942201984513,2.081405727936302,1.1777574774565132,3.030670228041706,1.2280677844035195,3.0142864625019268,2.9057475168329003,2.978809870101596,0.8696506922161451,4.2147935394865135,2.0447160584569226,2.0136295414451575,3.2548974574706198,1.8621526105128496,2.0150725791008526,0.8510061401905313,1.7407762066039134,2.173057369559906},fitness=net.sf.jclec.fitness.SimpleValueFitness@6979e8cb[value=382.87517271849646]]
Average fitness = 382.87517271849646
Fitness variance = 0.0
Generation 140 Report
Best individual: net.sf.jclec.realarray.RealArrayIndividual@763d9750[genotype={4.084997293142846,4.908947602021747,4.455948647075108,4.0291519261883675,4.222183980404036,0.9737781114599235,3.0851659117017616,4.184272626572016,3.464086474959175,0.2121417223879944,1.317950796645547,0.08186409545313962,1.1609942201984513,2.081405727936302,1.1777574774565132,3.030670228041706,1.2280677844035195,3.0142864625019268,2.9057475168329003,2.978809870101596,0.8696506922161451,4.2147935394865135,2.0447160584569226,2.0136295414451575,3.2548974574706198,1.8621526105128496,2.0150725791008526,0.8510061401905313,1.7407762066039134,2.173057369559906},fitness=net.sf.jclec.fitness.SimpleValueFitness@2be94b0f[value=382.87517271849646]]
Worst individual: net.sf.jclec.realarray.RealArrayIndividual@763d9750[genotype={4.084997293142846,4.908947602021747,4.455948647075108,4.0291519261883675,4.222183980404036,0.9737781114599235,3.0851659117017616,4.184272626572016,3.464086474959175,0.2121417223879944,1.317950796645547,0.08186409545313962,1.1609942201984513,2.081405727936302,1.1777574774565132,3.030670228041706,1.2280677844035195,3.0142864625019268,2.9057475168329003,2.978809870101596,0.8696506922161451,4.2147935394865135,2.0447160584569226,2.0136295414451575,3.2548974574706198,1.8621526105128496,2.0150725791008526,0.8510061401905313,1.7407762066039134,2.173057369559906},fitness=net.sf.jclec.fitness.SimpleValueFitness@2be94b0f[value=382.87517271849646]]
Median individual: net.sf.jclec.realarray.RealArrayIndividual@763d9750[genotype={4.084997293142846,4.908947602021747,4.455948647075108,4.0291519261883675,4.222183980404036,0.9737781114599235,3.0851659117017616,4.184272626572016,3.464086474959175,0.2121417223879944,1.317950796645547,0.08186409545313962,1.1609942201984513,2.081405727936302,1.1777574774565132,3.030670228041706,1.2280677844035195,3.0142864625019268,2.9057475168329003,2.978809870101596,0.8696506922161451,4.2147935394865135,2.0447160584569226,2.0136295414451575,3.2548974574706198,1.8621526105128496,2.0150725791008526,0.8510061401905313,1.7407762066039134,2.173057369559906},fitness=net.sf.jclec.fitness.SimpleValueFitness@2be94b0f[value=382.87517271849646]]
Average fitness = 382.87517271849646
Fitness variance = 0.0
Generation 150 Report
Best individual: net.sf.jclec.realarray.RealArrayIndividual@d70c109[genotype={4.084997293142846,4.908947602021747,4.455948647075108,4.0291519261883675,4.222183980404036,0.9737781114599235,3.0851659117017616,4.184272626572016,3.464086474959175,0.2121417223879944,1.317950796645547,0.08186409545313962,1.1609942201984513,2.081405727936302,1.1777574774565132,3.030670228041706,1.2280677844035195,3.0142864625019268,2.9057475168329003,2.978809870101596,0.8696506922161451,4.2147935394865135,2.0447160584569226,2.0136295414451575,3.2548974574706198,1.8621526105128496,2.0150725791008526,0.8510061401905313,1.7407762066039134,2.173057369559906},fitness=net.sf.jclec.fitness.SimpleValueFitness@50675690[value=382.87517271849646]]
Worst individual: net.sf.jclec.realarray.RealArrayIndividual@d70c109[genotype={4.084997293142846,4.908947602021747,4.455948647075108,4.0291519261883675,4.222183980404036,0.9737781114599235,3.0851659117017616,4.184272626572016,3.464086474959175,0.2121417223879944,1.317950796645547,0.08186409545313962,1.1609942201984513,2.081405727936302,1.1777574774565132,3.030670228041706,1.2280677844035195,3.0142864625019268,2.9057475168329003,2.978809870101596,0.8696506922161451,4.2147935394865135,2.0447160584569226,2.0136295414451575,3.2548974574706198,1.8621526105128496,2.0150725791008526,0.8510061401905313,1.7407762066039134,2.173057369559906},fitness=net.sf.jclec.fitness.SimpleValueFitness@50675690[value=382.87517271849646]]
Median individual: net.sf.jclec.realarray.RealArrayIndividual@d70c109[genotype={4.084997293142846,4.908947602021747,4.455948647075108,4.0291519261883675,4.222183980404036,0.9737781114599235,3.0851659117017616,4.184272626572016,3.464086474959175,0.2121417223879944,1.317950796645547,0.08186409545313962,1.1609942201984513,2.081405727936302,1.1777574774565132,3.030670228041706,1.2280677844035195,3.0142864625019268,2.9057475168329003,2.978809870101596,0.8696506922161451,4.2147935394865135,2.0447160584569226,2.0136295414451575,3.2548974574706198,1.8621526105128496,2.0150725791008526,0.8510061401905313,1.7407762066039134,2.173057369559906},fitness=net.sf.jclec.fitness.SimpleValueFitness@50675690[value=382.87517271849646]]
Average fitness = 382.87517271849646
Fitness variance = 0.0
Generation 160 Report
Best individual: net.sf.jclec.realarray.RealArrayIndividual@31b7dea0[genotype={4.084997293142846,4.908947602021747,4.455948647075108,4.0291519261883675,4.222183980404036,0.9737781114599235,3.0851659117017616,4.184272626572016,3.464086474959175,0.2121417223879944,1.317950796645547,0.08186409545313962,1.1609942201984513,2.081405727936302,1.1777574774565132,3.030670228041706,1.2280677844035195,3.0142864625019268,2.9057475168329003,2.978809870101596,0.8696506922161451,4.2147935394865135,2.0447160584569226,2.0136295414451575,3.2548974574706198,1.8621526105128496,2.0150725791008526,0.8510061401905313,1.7407762066039134,2.173057369559906},fitness=net.sf.jclec.fitness.SimpleValueFitness@47d384ee[value=382.87517271849646]]
Worst individual: net.sf.jclec.realarray.RealArrayIndividual@31b7dea0[genotype={4.084997293142846,4.908947602021747,4.455948647075108,4.0291519261883675,4.222183980404036,0.9737781114599235,3.0851659117017616,4.184272626572016,3.464086474959175,0.2121417223879944,1.317950796645547,0.08186409545313962,1.1609942201984513,2.081405727936302,1.1777574774565132,3.030670228041706,1.2280677844035195,3.0142864625019268,2.9057475168329003,2.978809870101596,0.8696506922161451,4.2147935394865135,2.0447160584569226,2.0136295414451575,3.2548974574706198,1.8621526105128496,2.0150725791008526,0.8510061401905313,1.7407762066039134,2.173057369559906},fitness=net.sf.jclec.fitness.SimpleValueFitness@47d384ee[value=382.87517271849646]]
Median individual: net.sf.jclec.realarray.RealArrayIndividual@31b7dea0[genotype={4.084997293142846,4.908947602021747,4.455948647075108,4.0291519261883675,4.222183980404036,0.9737781114599235,3.0851659117017616,4.184272626572016,3.464086474959175,0.2121417223879944,1.317950796645547,0.08186409545313962,1.1609942201984513,2.081405727936302,1.1777574774565132,3.030670228041706,1.2280677844035195,3.0142864625019268,2.9057475168329003,2.978809870101596,0.8696506922161451,4.2147935394865135,2.0447160584569226,2.0136295414451575,3.2548974574706198,1.8621526105128496,2.0150725791008526,0.8510061401905313,1.7407762066039134,2.173057369559906},fitness=net.sf.jclec.fitness.SimpleValueFitness@47d384ee[value=382.87517271849646]]
Average fitness = 382.87517271849646
Fitness variance = 0.0
Generation 170 Report
Best individual: net.sf.jclec.realarray.RealArrayIndividual@2d6a9952[genotype={4.084997293142846,4.908947602021747,4.455948647075108,4.0291519261883675,4.222183980404036,0.9737781114599235,3.0851659117017616,4.184272626572016,3.464086474959175,0.2121417223879944,1.317950796645547,0.08186409545313962,1.1609942201984513,2.081405727936302,1.1777574774565132,3.030670228041706,1.2280677844035195,3.0142864625019268,2.9057475168329003,2.978809870101596,0.8696506922161451,4.2147935394865135,2.0447160584569226,2.0136295414451575,3.2548974574706198,1.8621526105128496,2.0150725791008526,0.0,1.7407762066039134,2.173057369559906},fitness=net.sf.jclec.fitness.SimpleValueFitness@3930015a[value=378.0798401524723]]
Worst individual: net.sf.jclec.realarray.RealArrayIndividual@2d6a9952[genotype={4.084997293142846,4.908947602021747,4.455948647075108,4.0291519261883675,4.222183980404036,0.9737781114599235,3.0851659117017616,4.184272626572016,3.464086474959175,0.2121417223879944,1.317950796645547,0.08186409545313962,1.1609942201984513,2.081405727936302,1.1777574774565132,3.030670228041706,1.2280677844035195,3.0142864625019268,2.9057475168329003,2.978809870101596,0.8696506922161451,4.2147935394865135,2.0447160584569226,2.0136295414451575,3.2548974574706198,1.8621526105128496,2.0150725791008526,0.0,1.7407762066039134,2.173057369559906},fitness=net.sf.jclec.fitness.SimpleValueFitness@3930015a[value=378.0798401524723]]
Median individual: net.sf.jclec.realarray.RealArrayIndividual@2d6a9952[genotype={4.084997293142846,4.908947602021747,4.455948647075108,4.0291519261883675,4.222183980404036,0.9737781114599235,3.0851659117017616,4.184272626572016,3.464086474959175,0.2121417223879944,1.317950796645547,0.08186409545313962,1.1609942201984513,2.081405727936302,1.1777574774565132,3.030670228041706,1.2280677844035195,3.0142864625019268,2.9057475168329003,2.978809870101596,0.8696506922161451,4.2147935394865135,2.0447160584569226,2.0136295414451575,3.2548974574706198,1.8621526105128496,2.0150725791008526,0.0,1.7407762066039134,2.173057369559906},fitness=net.sf.jclec.fitness.SimpleValueFitness@3930015a[value=378.0798401524723]]
Average fitness = 378.0798401524723
Fitness variance = 0.0
Generation 180 Report
Best individual: net.sf.jclec.realarray.RealArrayIndividual@629f0666[genotype={4.084997293142846,4.908947602021747,4.455948647075108,4.0291519261883675,4.222183980404036,0.9737781114599235,3.0851659117017616,4.184272626572016,3.464086474959175,0.2121417223879944,1.317950796645547,0.08186409545313962,1.1609942201984513,2.081405727936302,1.1777574774565132,3.030670228041706,1.2280677844035195,3.0142864625019268,2.9057475168329003,2.978809870101596,0.8696506922161451,4.2147935394865135,2.0447160584569226,2.0136295414451575,3.2548974574706198,1.8621526105128496,2.0150725791008526,0.0,1.7407762066039134,2.173057369559906},fitness=net.sf.jclec.fitness.SimpleValueFitness@1ff8b8f[value=378.0798401524723]]
Worst individual: net.sf.jclec.realarray.RealArrayIndividual@629f0666[genotype={4.084997293142846,4.908947602021747,4.455948647075108,4.0291519261883675,4.222183980404036,0.9737781114599235,3.0851659117017616,4.184272626572016,3.464086474959175,0.2121417223879944,1.317950796645547,0.08186409545313962,1.1609942201984513,2.081405727936302,1.1777574774565132,3.030670228041706,1.2280677844035195,3.0142864625019268,2.9057475168329003,2.978809870101596,0.8696506922161451,4.2147935394865135,2.0447160584569226,2.0136295414451575,3.2548974574706198,1.8621526105128496,2.0150725791008526,0.0,1.7407762066039134,2.173057369559906},fitness=net.sf.jclec.fitness.SimpleValueFitness@1ff8b8f[value=378.0798401524723]]
Median individual: net.sf.jclec.realarray.RealArrayIndividual@629f0666[genotype={4.084997293142846,4.908947602021747,4.455948647075108,4.0291519261883675,4.222183980404036,0.9737781114599235,3.0851659117017616,4.184272626572016,3.464086474959175,0.2121417223879944,1.317950796645547,0.08186409545313962,1.1609942201984513,2.081405727936302,1.1777574774565132,3.030670228041706,1.2280677844035195,3.0142864625019268,2.9057475168329003,2.978809870101596,0.8696506922161451,4.2147935394865135,2.0447160584569226,2.0136295414451575,3.2548974574706198,1.8621526105128496,2.0150725791008526,0.0,1.7407762066039134,2.173057369559906},fitness=net.sf.jclec.fitness.SimpleValueFitness@1ff8b8f[value=378.0798401524723]]
Average fitness = 378.0798401524723
Fitness variance = 0.0
Generation 190 Report
Best individual: net.sf.jclec.realarray.RealArrayIndividual@387c703b[genotype={4.084997293142846,4.908947602021747,4.455948647075108,4.0291519261883675,4.222183980404036,0.9737781114599235,3.0851659117017616,4.184272626572016,3.464086474959175,0.0,1.317950796645547,0.08186409545313962,1.1609942201984513,2.081405727936302,1.1777574774565132,3.030670228041706,1.2280677844035195,3.0142864625019268,2.9057475168329003,2.978809870101596,0.8696506922161451,4.2147935394865135,2.0447160584569226,2.0136295414451575,3.2548974574706198,1.8621526105128496,2.0150725791008526,0.0,1.7407762066039134,2.173057369559906},fitness=net.sf.jclec.fitness.SimpleValueFitness@c39f790[value=370.3911730059241]]
Worst individual: net.sf.jclec.realarray.RealArrayIndividual@387c703b[genotype={4.084997293142846,4.908947602021747,4.455948647075108,4.0291519261883675,4.222183980404036,0.9737781114599235,3.0851659117017616,4.184272626572016,3.464086474959175,0.0,1.317950796645547,0.08186409545313962,1.1609942201984513,2.081405727936302,1.1777574774565132,3.030670228041706,1.2280677844035195,3.0142864625019268,2.9057475168329003,2.978809870101596,0.8696506922161451,4.2147935394865135,2.0447160584569226,2.0136295414451575,3.2548974574706198,1.8621526105128496,2.0150725791008526,0.0,1.7407762066039134,2.173057369559906},fitness=net.sf.jclec.fitness.SimpleValueFitness@c39f790[value=370.3911730059241]]
Median individual: net.sf.jclec.realarray.RealArrayIndividual@387c703b[genotype={4.084997293142846,4.908947602021747,4.455948647075108,4.0291519261883675,4.222183980404036,0.9737781114599235,3.0851659117017616,4.184272626572016,3.464086474959175,0.0,1.317950796645547,0.08186409545313962,1.1609942201984513,2.081405727936302,1.1777574774565132,3.030670228041706,1.2280677844035195,3.0142864625019268,2.9057475168329003,2.978809870101596,0.8696506922161451,4.2147935394865135,2.0447160584569226,2.0136295414451575,3.2548974574706198,1.8621526105128496,2.0150725791008526,0.0,1.7407762066039134,2.173057369559906},fitness=net.sf.jclec.fitness.SimpleValueFitness@c39f790[value=370.3911730059241]]
Average fitness = 370.3911730059241
Fitness variance = 0.0
Generation 200 Report
Best individual: net.sf.jclec.realarray.RealArrayIndividual@71e7a66b[genotype={4.084997293142846,4.908947602021747,4.455948647075108,4.0291519261883675,4.222183980404036,1.083919768155716,3.0851659117017616,0.0,3.464086474959175,0.0,1.317950796645547,0.08186409545313962,1.1609942201984513,2.081405727936302,1.1777574774565132,3.030670228041706,1.2280677844035195,3.0142864625019268,2.9057475168329003,2.978809870101596,0.8696506922161451,4.2147935394865135,2.0447160584569226,2.0136295414451575,3.2548974574706198,1.8621526105128496,2.0150725791008526,0.0,1.7407762066039134,2.173057369559906},fitness=net.sf.jclec.fitness.SimpleValueFitness@5f150435[value=348.34586507795785]]
Worst individual: net.sf.jclec.realarray.RealArrayIndividual@71e7a66b[genotype={4.084997293142846,4.908947602021747,4.455948647075108,4.0291519261883675,4.222183980404036,1.083919768155716,3.0851659117017616,0.0,3.464086474959175,0.0,1.317950796645547,0.08186409545313962,1.1609942201984513,2.081405727936302,1.1777574774565132,3.030670228041706,1.2280677844035195,3.0142864625019268,2.9057475168329003,2.978809870101596,0.8696506922161451,4.2147935394865135,2.0447160584569226,2.0136295414451575,3.2548974574706198,1.8621526105128496,2.0150725791008526,0.0,1.7407762066039134,2.173057369559906},fitness=net.sf.jclec.fitness.SimpleValueFitness@5f150435[value=348.34586507795785]]
Median individual: net.sf.jclec.realarray.RealArrayIndividual@71e7a66b[genotype={4.084997293142846,4.908947602021747,4.455948647075108,4.0291519261883675,4.222183980404036,1.083919768155716,3.0851659117017616,0.0,3.464086474959175,0.0,1.317950796645547,0.08186409545313962,1.1609942201984513,2.081405727936302,1.1777574774565132,3.030670228041706,1.2280677844035195,3.0142864625019268,2.9057475168329003,2.978809870101596,0.8696506922161451,4.2147935394865135,2.0447160584569226,2.0136295414451575,3.2548974574706198,1.8621526105128496,2.0150725791008526,0.0,1.7407762066039134,2.173057369559906},fitness=net.sf.jclec.fitness.SimpleValueFitness@5f150435[value=348.34586507795785]]
Average fitness = 348.34586507795785
Fitness variance = 0.0
Generation 210 Report
Best individual: net.sf.jclec.realarray.RealArrayIndividual@1c53fd30[genotype={4.084997293142846,4.908947602021747,4.455948647075108,4.0291519261883675,5.12,1.083919768155716,3.0851659117017616,0.0,3.464086474959175,0.0,1.317950796645547,0.08186409545313962,1.1609942201984513,2.081405727936302,1.1777574774565132,3.030670228041706,1.2280677844035195,3.0142864625019268,2.9057475168329003,2.978809870101596,0.8696506922161451,4.2147935394865135,2.0447160584569226,2.0136295414451575,3.2548974574706198,1.699833583307665,2.0150725791008526,0.0,0.0,2.173057369559906},fitness=net.sf.jclec.fitness.SimpleValueFitness@75412c2f[value=346.5728659771631]]
Worst individual: net.sf.jclec.realarray.RealArrayIndividual@1c53fd30[genotype={4.084997293142846,4.908947602021747,4.455948647075108,4.0291519261883675,5.12,1.083919768155716,3.0851659117017616,0.0,3.464086474959175,0.0,1.317950796645547,0.08186409545313962,1.1609942201984513,2.081405727936302,1.1777574774565132,3.030670228041706,1.2280677844035195,3.0142864625019268,2.9057475168329003,2.978809870101596,0.8696506922161451,4.2147935394865135,2.0447160584569226,2.0136295414451575,3.2548974574706198,1.699833583307665,2.0150725791008526,0.0,0.0,2.173057369559906},fitness=net.sf.jclec.fitness.SimpleValueFitness@75412c2f[value=346.5728659771631]]
Median individual: net.sf.jclec.realarray.RealArrayIndividual@1c53fd30[genotype={4.084997293142846,4.908947602021747,4.455948647075108,4.0291519261883675,5.12,1.083919768155716,3.0851659117017616,0.0,3.464086474959175,0.0,1.317950796645547,0.08186409545313962,1.1609942201984513,2.081405727936302,1.1777574774565132,3.030670228041706,1.2280677844035195,3.0142864625019268,2.9057475168329003,2.978809870101596,0.8696506922161451,4.2147935394865135,2.0447160584569226,2.0136295414451575,3.2548974574706198,1.699833583307665,2.0150725791008526,0.0,0.0,2.173057369559906},fitness=net.sf.jclec.fitness.SimpleValueFitness@75412c2f[value=346.5728659771631]]
Average fitness = 346.5728659771631
Fitness variance = 0.0
Generation 220 Report
Best individual: net.sf.jclec.realarray.RealArrayIndividual@282ba1e[genotype={4.084997293142846,4.908947602021747,4.455948647075108,4.0291519261883675,5.12,1.083919768155716,3.0851659117017616,0.0,5.12,0.0,1.317950796645547,0.08186409545313962,1.1609942201984513,2.081405727936302,1.1777574774565132,3.030670228041706,0.0,3.0142864625019268,2.9057475168329003,2.978809870101596,0.8696506922161451,4.2147935394865135,2.0447160584569226,2.0136295414451575,3.2548974574706198,0.0,0.0,0.0,0.0,2.173057369559906},fitness=net.sf.jclec.fitness.SimpleValueFitness@f5f2bb7[value=313.5218576482389]]
Worst individual: net.sf.jclec.realarray.RealArrayIndividual@282ba1e[genotype={4.084997293142846,4.908947602021747,4.455948647075108,4.0291519261883675,5.12,1.083919768155716,3.0851659117017616,0.0,5.12,0.0,1.317950796645547,0.08186409545313962,1.1609942201984513,2.081405727936302,1.1777574774565132,3.030670228041706,0.0,3.0142864625019268,2.9057475168329003,2.978809870101596,0.8696506922161451,4.2147935394865135,2.0447160584569226,2.0136295414451575,3.2548974574706198,0.0,0.0,0.0,0.0,2.173057369559906},fitness=net.sf.jclec.fitness.SimpleValueFitness@f5f2bb7[value=313.5218576482389]]
Median individual: net.sf.jclec.realarray.RealArrayIndividual@282ba1e[genotype={4.084997293142846,4.908947602021747,4.455948647075108,4.0291519261883675,5.12,1.083919768155716,3.0851659117017616,0.0,5.12,0.0,1.317950796645547,0.08186409545313962,1.1609942201984513,2.081405727936302,1.1777574774565132,3.030670228041706,0.0,3.0142864625019268,2.9057475168329003,2.978809870101596,0.8696506922161451,4.2147935394865135,2.0447160584569226,2.0136295414451575,3.2548974574706198,0.0,0.0,0.0,0.0,2.173057369559906},fitness=net.sf.jclec.fitness.SimpleValueFitness@f5f2bb7[value=313.5218576482389]]
Average fitness = 313.5218576482389
Fitness variance = 0.0
Generation 230 Report
Best individual: net.sf.jclec.realarray.RealArrayIndividual@73035e27[genotype={4.084997293142846,4.908947602021747,4.455948647075108,4.0291519261883675,5.12,1.083919768155716,3.0851659117017616,0.0,5.12,0.0,1.317950796645547,0.08186409545313962,1.1609942201984513,2.081405727936302,1.1777574774565132,3.030670228041706,0.0,3.0142864625019268,2.9057475168329003,2.978809870101596,0.8696506922161451,4.2147935394865135,2.0447160584569226,2.0136295414451575,3.2548974574706198,0.0,0.0,0.0,0.0,2.173057369559906},fitness=net.sf.jclec.fitness.SimpleValueFitness@3ecf72fd[value=313.5218576482389]]
Worst individual: net.sf.jclec.realarray.RealArrayIndividual@73035e27[genotype={4.084997293142846,4.908947602021747,4.455948647075108,4.0291519261883675,5.12,1.083919768155716,3.0851659117017616,0.0,5.12,0.0,1.317950796645547,0.08186409545313962,1.1609942201984513,2.081405727936302,1.1777574774565132,3.030670228041706,0.0,3.0142864625019268,2.9057475168329003,2.978809870101596,0.8696506922161451,4.2147935394865135,2.0447160584569226,2.0136295414451575,3.2548974574706198,0.0,0.0,0.0,0.0,2.173057369559906},fitness=net.sf.jclec.fitness.SimpleValueFitness@3ecf72fd[value=313.5218576482389]]
Median individual: net.sf.jclec.realarray.RealArrayIndividual@73035e27[genotype={4.084997293142846,4.908947602021747,4.455948647075108,4.0291519261883675,5.12,1.083919768155716,3.0851659117017616,0.0,5.12,0.0,1.317950796645547,0.08186409545313962,1.1609942201984513,2.081405727936302,1.1777574774565132,3.030670228041706,0.0,3.0142864625019268,2.9057475168329003,2.978809870101596,0.8696506922161451,4.2147935394865135,2.0447160584569226,2.0136295414451575,3.2548974574706198,0.0,0.0,0.0,0.0,2.173057369559906},fitness=net.sf.jclec.fitness.SimpleValueFitness@3ecf72fd[value=313.5218576482389]]
Average fitness = 313.5218576482389
Fitness variance = 0.0
Generation 240 Report
Best individual: net.sf.jclec.realarray.RealArrayIndividual@483bf400[genotype={4.084997293142846,4.908947602021747,4.455948647075108,4.0291519261883675,5.12,1.083919768155716,3.0851659117017616,0.0,5.12,0.0,1.317950796645547,0.08186409545313962,0.0,2.081405727936302,1.1777574774565132,3.030670228041706,0.0,0.0,2.9057475168329003,0.0,0.8696506922161451,4.2147935394865135,2.0447160584569226,2.0136295414451575,3.2548974574706198,0.0,0.0,0.0,0.0,2.173057369559906},fitness=net.sf.jclec.fitness.SimpleValueFitness@77f03bb1[value=289.3913748945237]]
Worst individual: net.sf.jclec.realarray.RealArrayIndividual@483bf400[genotype={4.084997293142846,4.908947602021747,4.455948647075108,4.0291519261883675,5.12,1.083919768155716,3.0851659117017616,0.0,5.12,0.0,1.317950796645547,0.08186409545313962,0.0,2.081405727936302,1.1777574774565132,3.030670228041706,0.0,0.0,2.9057475168329003,0.0,0.8696506922161451,4.2147935394865135,2.0447160584569226,2.0136295414451575,3.2548974574706198,0.0,0.0,0.0,0.0,2.173057369559906},fitness=net.sf.jclec.fitness.SimpleValueFitness@77f03bb1[value=289.3913748945237]]
Median individual: net.sf.jclec.realarray.RealArrayIndividual@483bf400[genotype={4.084997293142846,4.908947602021747,4.455948647075108,4.0291519261883675,5.12,1.083919768155716,3.0851659117017616,0.0,5.12,0.0,1.317950796645547,0.08186409545313962,0.0,2.081405727936302,1.1777574774565132,3.030670228041706,0.0,0.0,2.9057475168329003,0.0,0.8696506922161451,4.2147935394865135,2.0447160584569226,2.0136295414451575,3.2548974574706198,0.0,0.0,0.0,0.0,2.173057369559906},fitness=net.sf.jclec.fitness.SimpleValueFitness@77f03bb1[value=289.3913748945237]]
Average fitness = 289.3913748945237
Fitness variance = 0.0
Generation 250 Report
Best individual: net.sf.jclec.realarray.RealArrayIndividual@326de728[genotype={4.084997293142846,4.908947602021747,4.455948647075108,4.0291519261883675,5.12,1.083919768155716,3.0851659117017616,0.0,5.12,0.0,1.317950796645547,0.08186409545313962,0.0,2.081405727936302,1.1777574774565132,3.030670228041706,0.0,0.0,2.9057475168329003,0.0,0.8696506922161451,4.2147935394865135,2.0447160584569226,2.0136295414451575,3.940797632879975,0.0,0.0,0.0,0.0,2.173057369559906},fitness=net.sf.jclec.fitness.SimpleValueFitness@7a92922[value=284.70313842777693]]
Worst individual: net.sf.jclec.realarray.RealArrayIndividual@326de728[genotype={4.084997293142846,4.908947602021747,4.455948647075108,4.0291519261883675,5.12,1.083919768155716,3.0851659117017616,0.0,5.12,0.0,1.317950796645547,0.08186409545313962,0.0,2.081405727936302,1.1777574774565132,3.030670228041706,0.0,0.0,2.9057475168329003,0.0,0.8696506922161451,4.2147935394865135,2.0447160584569226,2.0136295414451575,3.940797632879975,0.0,0.0,0.0,0.0,2.173057369559906},fitness=net.sf.jclec.fitness.SimpleValueFitness@7a92922[value=284.70313842777693]]
Median individual: net.sf.jclec.realarray.RealArrayIndividual@326de728[genotype={4.084997293142846,4.908947602021747,4.455948647075108,4.0291519261883675,5.12,1.083919768155716,3.0851659117017616,0.0,5.12,0.0,1.317950796645547,0.08186409545313962,0.0,2.081405727936302,1.1777574774565132,3.030670228041706,0.0,0.0,2.9057475168329003,0.0,0.8696506922161451,4.2147935394865135,2.0447160584569226,2.0136295414451575,3.940797632879975,0.0,0.0,0.0,0.0,2.173057369559906},fitness=net.sf.jclec.fitness.SimpleValueFitness@7a92922[value=284.70313842777693]]
Average fitness = 284.70313842777693
Fitness variance = 0.0
Generation 260 Report
Best individual: net.sf.jclec.realarray.RealArrayIndividual@71f2a7d5[genotype={4.084997293142846,4.908947602021747,4.455948647075108,4.0291519261883675,5.12,1.083919768155716,3.0851659117017616,0.0,5.12,0.0,1.317950796645547,0.08186409545313962,0.0,2.081405727936302,1.1777574774565132,3.030670228041706,0.0,0.0,2.9057475168329003,0.0,0.8696506922161451,4.2147935394865135,2.0447160584569226,2.0136295414451575,3.940797632879975,0.0,0.0,0.0,0.0,2.173057369559906},fitness=net.sf.jclec.fitness.SimpleValueFitness@5474c6c[value=284.70313842777693]]
Worst individual: net.sf.jclec.realarray.RealArrayIndividual@71f2a7d5[genotype={4.084997293142846,4.908947602021747,4.455948647075108,4.0291519261883675,5.12,1.083919768155716,3.0851659117017616,0.0,5.12,0.0,1.317950796645547,0.08186409545313962,0.0,2.081405727936302,1.1777574774565132,3.030670228041706,0.0,0.0,2.9057475168329003,0.0,0.8696506922161451,4.2147935394865135,2.0447160584569226,2.0136295414451575,3.940797632879975,0.0,0.0,0.0,0.0,2.173057369559906},fitness=net.sf.jclec.fitness.SimpleValueFitness@5474c6c[value=284.70313842777693]]
Median individual: net.sf.jclec.realarray.RealArrayIndividual@71f2a7d5[genotype={4.084997293142846,4.908947602021747,4.455948647075108,4.0291519261883675,5.12,1.083919768155716,3.0851659117017616,0.0,5.12,0.0,1.317950796645547,0.08186409545313962,0.0,2.081405727936302,1.1777574774565132,3.030670228041706,0.0,0.0,2.9057475168329003,0.0,0.8696506922161451,4.2147935394865135,2.0447160584569226,2.0136295414451575,3.940797632879975,0.0,0.0,0.0,0.0,2.173057369559906},fitness=net.sf.jclec.fitness.SimpleValueFitness@5474c6c[value=284.70313842777693]]
Average fitness = 284.70313842777693
Fitness variance = 0.0
Generation 270 Report
Best individual: net.sf.jclec.realarray.RealArrayIndividual@4b6995df[genotype={4.084997293142846,4.908947602021747,4.455948647075108,4.0291519261883675,5.12,1.083919768155716,3.0851659117017616,0.0,5.12,0.0,1.317950796645547,0.08186409545313962,0.0,5.12,1.1777574774565132,3.030670228041706,0.0,0.0,2.9057475168329003,0.0,0.8696506922161451,0.0,2.0447160584569226,2.0136295414451575,3.940797632879975,0.0,0.0,0.0,0.0,2.173057369559906},fitness=net.sf.jclec.fitness.SimpleValueFitness@591f989e[value=282.4453831203764]]
Worst individual: net.sf.jclec.realarray.RealArrayIndividual@4b6995df[genotype={4.084997293142846,4.908947602021747,4.455948647075108,4.0291519261883675,5.12,1.083919768155716,3.0851659117017616,0.0,5.12,0.0,1.317950796645547,0.08186409545313962,0.0,5.12,1.1777574774565132,3.030670228041706,0.0,0.0,2.9057475168329003,0.0,0.8696506922161451,0.0,2.0447160584569226,2.0136295414451575,3.940797632879975,0.0,0.0,0.0,0.0,2.173057369559906},fitness=net.sf.jclec.fitness.SimpleValueFitness@591f989e[value=282.4453831203764]]
Median individual: net.sf.jclec.realarray.RealArrayIndividual@4b6995df[genotype={4.084997293142846,4.908947602021747,4.455948647075108,4.0291519261883675,5.12,1.083919768155716,3.0851659117017616,0.0,5.12,0.0,1.317950796645547,0.08186409545313962,0.0,5.12,1.1777574774565132,3.030670228041706,0.0,0.0,2.9057475168329003,0.0,0.8696506922161451,0.0,2.0447160584569226,2.0136295414451575,3.940797632879975,0.0,0.0,0.0,0.0,2.173057369559906},fitness=net.sf.jclec.fitness.SimpleValueFitness@591f989e[value=282.4453831203764]]
Average fitness = 282.4453831203764
Fitness variance = 0.0
Generation 280 Report
Best individual: net.sf.jclec.realarray.RealArrayIndividual@66048bfd[genotype={4.084997293142846,4.908947602021747,4.455948647075108,4.0291519261883675,5.12,1.083919768155716,3.0851659117017616,0.0,5.12,0.0,1.317950796645547,0.08186409545313962,0.0,5.12,1.1777574774565132,3.030670228041706,0.0,0.0,2.9057475168329003,0.0,0.8696506922161451,0.0,2.0447160584569226,2.0136295414451575,3.940797632879975,0.0,0.0,0.0,0.0,2.173057369559906},fitness=net.sf.jclec.fitness.SimpleValueFitness@445b84c0[value=282.4453831203764]]
Worst individual: net.sf.jclec.realarray.RealArrayIndividual@66048bfd[genotype={4.084997293142846,4.908947602021747,4.455948647075108,4.0291519261883675,5.12,1.083919768155716,3.0851659117017616,0.0,5.12,0.0,1.317950796645547,0.08186409545313962,0.0,5.12,1.1777574774565132,3.030670228041706,0.0,0.0,2.9057475168329003,0.0,0.8696506922161451,0.0,2.0447160584569226,2.0136295414451575,3.940797632879975,0.0,0.0,0.0,0.0,2.173057369559906},fitness=net.sf.jclec.fitness.SimpleValueFitness@445b84c0[value=282.4453831203764]]
Median individual: net.sf.jclec.realarray.RealArrayIndividual@66048bfd[genotype={4.084997293142846,4.908947602021747,4.455948647075108,4.0291519261883675,5.12,1.083919768155716,3.0851659117017616,0.0,5.12,0.0,1.317950796645547,0.08186409545313962,0.0,5.12,1.1777574774565132,3.030670228041706,0.0,0.0,2.9057475168329003,0.0,0.8696506922161451,0.0,2.0447160584569226,2.0136295414451575,3.940797632879975,0.0,0.0,0.0,0.0,2.173057369559906},fitness=net.sf.jclec.fitness.SimpleValueFitness@445b84c0[value=282.4453831203764]]
Average fitness = 282.4453831203764
Fitness variance = 0.0
Generation 290 Report
Best individual: net.sf.jclec.realarray.RealArrayIndividual@61a52fbd[genotype={4.084997293142846,4.908947602021747,4.455948647075108,4.0291519261883675,5.12,1.083919768155716,3.0851659117017616,0.0,5.12,0.0,1.317950796645547,0.08186409545313962,0.0,5.12,1.1777574774565132,3.030670228041706,0.0,0.0,2.9057475168329003,0.0,0.8696506922161451,0.0,2.0447160584569226,2.0136295414451575,3.940797632879975,0.0,0.0,0.0,0.0,2.173057369559906},fitness=net.sf.jclec.fitness.SimpleValueFitness@63d4e2ba[value=282.4453831203764]]
Worst individual: net.sf.jclec.realarray.RealArrayIndividual@61a52fbd[genotype={4.084997293142846,4.908947602021747,4.455948647075108,4.0291519261883675,5.12,1.083919768155716,3.0851659117017616,0.0,5.12,0.0,1.317950796645547,0.08186409545313962,0.0,5.12,1.1777574774565132,3.030670228041706,0.0,0.0,2.9057475168329003,0.0,0.8696506922161451,0.0,2.0447160584569226,2.0136295414451575,3.940797632879975,0.0,0.0,0.0,0.0,2.173057369559906},fitness=net.sf.jclec.fitness.SimpleValueFitness@63d4e2ba[value=282.4453831203764]]
Median individual: net.sf.jclec.realarray.RealArrayIndividual@61a52fbd[genotype={4.084997293142846,4.908947602021747,4.455948647075108,4.0291519261883675,5.12,1.083919768155716,3.0851659117017616,0.0,5.12,0.0,1.317950796645547,0.08186409545313962,0.0,5.12,1.1777574774565132,3.030670228041706,0.0,0.0,2.9057475168329003,0.0,0.8696506922161451,0.0,2.0447160584569226,2.0136295414451575,3.940797632879975,0.0,0.0,0.0,0.0,2.173057369559906},fitness=net.sf.jclec.fitness.SimpleValueFitness@63d4e2ba[value=282.4453831203764]]
Average fitness = 282.4453831203764
Fitness variance = 0.0
Generation 300 Report
Best individual: net.sf.jclec.realarray.RealArrayIndividual@7bb11784[genotype={4.084997293142846,4.908947602021747,4.455948647075108,4.0291519261883675,5.12,1.083919768155716,3.0851659117017616,0.0,5.12,0.0,1.317950796645547,0.08186409545313962,0.0,5.12,1.1777574774565132,3.030670228041706,0.0,0.0,2.9057475168329003,0.0,0.0,0.0,2.0447160584569226,2.0136295414451575,3.940797632879975,0.0,0.0,0.0,0.0,2.173057369559906},fitness=net.sf.jclec.fitness.SimpleValueFitness@7006c658[value=278.51854622654287]]
Worst individual: net.sf.jclec.realarray.RealArrayIndividual@7bb11784[genotype={4.084997293142846,4.908947602021747,4.455948647075108,4.0291519261883675,5.12,1.083919768155716,3.0851659117017616,0.0,5.12,0.0,1.317950796645547,0.08186409545313962,0.0,5.12,1.1777574774565132,3.030670228041706,0.0,0.0,2.9057475168329003,0.0,0.0,0.0,2.0447160584569226,2.0136295414451575,3.940797632879975,0.0,0.0,0.0,0.0,2.173057369559906},fitness=net.sf.jclec.fitness.SimpleValueFitness@7006c658[value=278.51854622654287]]
Median individual: net.sf.jclec.realarray.RealArrayIndividual@7bb11784[genotype={4.084997293142846,4.908947602021747,4.455948647075108,4.0291519261883675,5.12,1.083919768155716,3.0851659117017616,0.0,5.12,0.0,1.317950796645547,0.08186409545313962,0.0,5.12,1.1777574774565132,3.030670228041706,0.0,0.0,2.9057475168329003,0.0,0.0,0.0,2.0447160584569226,2.0136295414451575,3.940797632879975,0.0,0.0,0.0,0.0,2.173057369559906},fitness=net.sf.jclec.fitness.SimpleValueFitness@7006c658[value=278.51854622654287]]
Average fitness = 278.51854622654287
Fitness variance = 0.0
Generation 310 Report
Best individual: net.sf.jclec.realarray.RealArrayIndividual@34033bd0[genotype={4.084997293142846,4.908947602021747,5.12,4.0291519261883675,5.12,1.083919768155716,3.0851659117017616,0.0,5.12,0.0,1.317950796645547,0.0,0.0,5.12,1.1777574774565132,3.030670228041706,0.0,0.0,2.9057475168329003,0.0,0.0,0.0,2.0447160584569226,2.0136295414451575,3.940797632879975,0.0,0.0,0.0,0.0,2.173057369559906},fitness=net.sf.jclec.fitness.SimpleValueFitness@7cdbc5d3[value=266.6677262069824]]
Worst individual: net.sf.jclec.realarray.RealArrayIndividual@34033bd0[genotype={4.084997293142846,4.908947602021747,5.12,4.0291519261883675,5.12,1.083919768155716,3.0851659117017616,0.0,5.12,0.0,1.317950796645547,0.0,0.0,5.12,1.1777574774565132,3.030670228041706,0.0,0.0,2.9057475168329003,0.0,0.0,0.0,2.0447160584569226,2.0136295414451575,3.940797632879975,0.0,0.0,0.0,0.0,2.173057369559906},fitness=net.sf.jclec.fitness.SimpleValueFitness@7cdbc5d3[value=266.6677262069824]]
Median individual: net.sf.jclec.realarray.RealArrayIndividual@34033bd0[genotype={4.084997293142846,4.908947602021747,5.12,4.0291519261883675,5.12,1.083919768155716,3.0851659117017616,0.0,5.12,0.0,1.317950796645547,0.0,0.0,5.12,1.1777574774565132,3.030670228041706,0.0,0.0,2.9057475168329003,0.0,0.0,0.0,2.0447160584569226,2.0136295414451575,3.940797632879975,0.0,0.0,0.0,0.0,2.173057369559906},fitness=net.sf.jclec.fitness.SimpleValueFitness@7cdbc5d3[value=266.6677262069824]]
Average fitness = 266.6677262069824
Fitness variance = 0.0
Generation 320 Report
Best individual: net.sf.jclec.realarray.RealArrayIndividual@3aa9e816[genotype={4.084997293142846,4.908947602021747,5.12,4.0291519261883675,5.12,1.083919768155716,3.0851659117017616,0.0,5.12,0.0,1.317950796645547,0.0,0.0,5.12,1.1777574774565132,0.0,0.0,0.0,2.9057475168329003,0.0,0.0,0.0,2.0447160584569226,2.0136295414451575,3.940797632879975,0.0,0.0,0.0,0.0,2.173057369559906},fitness=net.sf.jclec.fitness.SimpleValueFitness@3834d63f[value=257.29765866747454]]
Worst individual: net.sf.jclec.realarray.RealArrayIndividual@3aa9e816[genotype={4.084997293142846,4.908947602021747,5.12,4.0291519261883675,5.12,1.083919768155716,3.0851659117017616,0.0,5.12,0.0,1.317950796645547,0.0,0.0,5.12,1.1777574774565132,0.0,0.0,0.0,2.9057475168329003,0.0,0.0,0.0,2.0447160584569226,2.0136295414451575,3.940797632879975,0.0,0.0,0.0,0.0,2.173057369559906},fitness=net.sf.jclec.fitness.SimpleValueFitness@3834d63f[value=257.29765866747454]]
Median individual: net.sf.jclec.realarray.RealArrayIndividual@3aa9e816[genotype={4.084997293142846,4.908947602021747,5.12,4.0291519261883675,5.12,1.083919768155716,3.0851659117017616,0.0,5.12,0.0,1.317950796645547,0.0,0.0,5.12,1.1777574774565132,0.0,0.0,0.0,2.9057475168329003,0.0,0.0,0.0,2.0447160584569226,2.0136295414451575,3.940797632879975,0.0,0.0,0.0,0.0,2.173057369559906},fitness=net.sf.jclec.fitness.SimpleValueFitness@3834d63f[value=257.29765866747454]]
Average fitness = 257.29765866747454
Fitness variance = 0.0
Generation 330 Report
Best individual: net.sf.jclec.realarray.RealArrayIndividual@1ae369b7[genotype={4.084997293142846,4.908947602021747,5.12,4.0291519261883675,5.12,1.083919768155716,3.0851659117017616,0.0,5.12,0.0,1.317950796645547,0.0,0.0,5.12,1.1777574774565132,0.0,0.0,0.0,2.9057475168329003,0.0,0.0,0.0,2.0447160584569226,2.0136295414451575,3.940797632879975,0.0,0.0,0.0,0.0,2.173057369559906},fitness=net.sf.jclec.fitness.SimpleValueFitness@34340fab[value=257.29765866747454]]
Worst individual: net.sf.jclec.realarray.RealArrayIndividual@1ae369b7[genotype={4.084997293142846,4.908947602021747,5.12,4.0291519261883675,5.12,1.083919768155716,3.0851659117017616,0.0,5.12,0.0,1.317950796645547,0.0,0.0,5.12,1.1777574774565132,0.0,0.0,0.0,2.9057475168329003,0.0,0.0,0.0,2.0447160584569226,2.0136295414451575,3.940797632879975,0.0,0.0,0.0,0.0,2.173057369559906},fitness=net.sf.jclec.fitness.SimpleValueFitness@34340fab[value=257.29765866747454]]
Median individual: net.sf.jclec.realarray.RealArrayIndividual@1ae369b7[genotype={4.084997293142846,4.908947602021747,5.12,4.0291519261883675,5.12,1.083919768155716,3.0851659117017616,0.0,5.12,0.0,1.317950796645547,0.0,0.0,5.12,1.1777574774565132,0.0,0.0,0.0,2.9057475168329003,0.0,0.0,0.0,2.0447160584569226,2.0136295414451575,3.940797632879975,0.0,0.0,0.0,0.0,2.173057369559906},fitness=net.sf.jclec.fitness.SimpleValueFitness@34340fab[value=257.29765866747454]]
Average fitness = 257.29765866747454
Fitness variance = 0.0
Generation 340 Report
Best individual: net.sf.jclec.realarray.RealArrayIndividual@2aafb23c[genotype={4.084997293142846,4.908947602021747,5.12,4.0291519261883675,5.12,1.083919768155716,3.0851659117017616,0.0,5.12,0.0,1.317950796645547,0.0,0.0,5.12,1.1777574774565132,0.0,0.0,0.0,2.9057475168329003,0.0,0.0,0.0,2.0447160584569226,2.0136295414451575,3.940797632879975,0.0,0.0,0.0,0.0,2.173057369559906},fitness=net.sf.jclec.fitness.SimpleValueFitness@3ab39c39[value=257.29765866747454]]
Worst individual: net.sf.jclec.realarray.RealArrayIndividual@2aafb23c[genotype={4.084997293142846,4.908947602021747,5.12,4.0291519261883675,5.12,1.083919768155716,3.0851659117017616,0.0,5.12,0.0,1.317950796645547,0.0,0.0,5.12,1.1777574774565132,0.0,0.0,0.0,2.9057475168329003,0.0,0.0,0.0,2.0447160584569226,2.0136295414451575,3.940797632879975,0.0,0.0,0.0,0.0,2.173057369559906},fitness=net.sf.jclec.fitness.SimpleValueFitness@3ab39c39[value=257.29765866747454]]
Median individual: net.sf.jclec.realarray.RealArrayIndividual@2aafb23c[genotype={4.084997293142846,4.908947602021747,5.12,4.0291519261883675,5.12,1.083919768155716,3.0851659117017616,0.0,5.12,0.0,1.317950796645547,0.0,0.0,5.12,1.1777574774565132,0.0,0.0,0.0,2.9057475168329003,0.0,0.0,0.0,2.0447160584569226,2.0136295414451575,3.940797632879975,0.0,0.0,0.0,0.0,2.173057369559906},fitness=net.sf.jclec.fitness.SimpleValueFitness@3ab39c39[value=257.29765866747454]]
Average fitness = 257.29765866747454
Fitness variance = 0.0
Generation 350 Report
Best individual: net.sf.jclec.realarray.RealArrayIndividual@2eee9593[genotype={4.084997293142846,4.908947602021747,5.12,4.0291519261883675,5.12,1.083919768155716,3.0851659117017616,0.0,5.12,0.0,1.317950796645547,0.0,0.0,5.12,1.1777574774565132,0.0,0.0,0.0,2.9057475168329003,0.0,0.0,0.0,2.0447160584569226,2.0136295414451575,3.940797632879975,0.0,0.0,0.0,0.0,2.173057369559906},fitness=net.sf.jclec.fitness.SimpleValueFitness@546a03af[value=257.29765866747454]]
Worst individual: net.sf.jclec.realarray.RealArrayIndividual@2eee9593[genotype={4.084997293142846,4.908947602021747,5.12,4.0291519261883675,5.12,1.083919768155716,3.0851659117017616,0.0,5.12,0.0,1.317950796645547,0.0,0.0,5.12,1.1777574774565132,0.0,0.0,0.0,2.9057475168329003,0.0,0.0,0.0,2.0447160584569226,2.0136295414451575,3.940797632879975,0.0,0.0,0.0,0.0,2.173057369559906},fitness=net.sf.jclec.fitness.SimpleValueFitness@546a03af[value=257.29765866747454]]
Median individual: net.sf.jclec.realarray.RealArrayIndividual@2eee9593[genotype={4.084997293142846,4.908947602021747,5.12,4.0291519261883675,5.12,1.083919768155716,3.0851659117017616,0.0,5.12,0.0,1.317950796645547,0.0,0.0,5.12,1.1777574774565132,0.0,0.0,0.0,2.9057475168329003,0.0,0.0,0.0,2.0447160584569226,2.0136295414451575,3.940797632879975,0.0,0.0,0.0,0.0,2.173057369559906},fitness=net.sf.jclec.fitness.SimpleValueFitness@546a03af[value=257.29765866747454]]
Average fitness = 257.29765866747454
Fitness variance = 0.0
Generation 360 Report
Best individual: net.sf.jclec.realarray.RealArrayIndividual@721e0f4f[genotype={4.084997293142846,4.908947602021747,5.12,4.0291519261883675,5.12,1.083919768155716,3.0851659117017616,0.0,5.12,0.0,1.317950796645547,0.0,0.0,5.12,1.1777574774565132,0.0,0.0,0.0,2.9057475168329003,0.0,0.0,0.0,2.0447160584569226,2.0136295414451575,3.940797632879975,0.0,0.0,0.0,0.0,2.173057369559906},fitness=net.sf.jclec.fitness.SimpleValueFitness@6ea6d14e[value=257.29765866747454]]
Worst individual: net.sf.jclec.realarray.RealArrayIndividual@721e0f4f[genotype={4.084997293142846,4.908947602021747,5.12,4.0291519261883675,5.12,1.083919768155716,3.0851659117017616,0.0,5.12,0.0,1.317950796645547,0.0,0.0,5.12,1.1777574774565132,0.0,0.0,0.0,2.9057475168329003,0.0,0.0,0.0,2.0447160584569226,2.0136295414451575,3.940797632879975,0.0,0.0,0.0,0.0,2.173057369559906},fitness=net.sf.jclec.fitness.SimpleValueFitness@6ea6d14e[value=257.29765866747454]]
Median individual: net.sf.jclec.realarray.RealArrayIndividual@721e0f4f[genotype={4.084997293142846,4.908947602021747,5.12,4.0291519261883675,5.12,1.083919768155716,3.0851659117017616,0.0,5.12,0.0,1.317950796645547,0.0,0.0,5.12,1.1777574774565132,0.0,0.0,0.0,2.9057475168329003,0.0,0.0,0.0,2.0447160584569226,2.0136295414451575,3.940797632879975,0.0,0.0,0.0,0.0,2.173057369559906},fitness=net.sf.jclec.fitness.SimpleValueFitness@6ea6d14e[value=257.29765866747454]]
Average fitness = 257.29765866747454
Fitness variance = 0.0
Generation 370 Report
Best individual: net.sf.jclec.realarray.RealArrayIndividual@6ad5c04e[genotype={4.084997293142846,4.908947602021747,5.12,4.0291519261883675,5.12,1.083919768155716,3.0851659117017616,0.0,5.12,0.0,1.317950796645547,0.0,0.0,5.12,1.1777574774565132,0.0,0.0,0.0,2.9057475168329003,0.0,0.0,0.0,2.0447160584569226,2.0136295414451575,3.940797632879975,0.0,0.0,0.0,0.0,2.173057369559906},fitness=net.sf.jclec.fitness.SimpleValueFitness@725bef66[value=257.29765866747454]]
Worst individual: net.sf.jclec.realarray.RealArrayIndividual@6ad5c04e[genotype={4.084997293142846,4.908947602021747,5.12,4.0291519261883675,5.12,1.083919768155716,3.0851659117017616,0.0,5.12,0.0,1.317950796645547,0.0,0.0,5.12,1.1777574774565132,0.0,0.0,0.0,2.9057475168329003,0.0,0.0,0.0,2.0447160584569226,2.0136295414451575,3.940797632879975,0.0,0.0,0.0,0.0,2.173057369559906},fitness=net.sf.jclec.fitness.SimpleValueFitness@725bef66[value=257.29765866747454]]
Median individual: net.sf.jclec.realarray.RealArrayIndividual@6ad5c04e[genotype={4.084997293142846,4.908947602021747,5.12,4.0291519261883675,5.12,1.083919768155716,3.0851659117017616,0.0,5.12,0.0,1.317950796645547,0.0,0.0,5.12,1.1777574774565132,0.0,0.0,0.0,2.9057475168329003,0.0,0.0,0.0,2.0447160584569226,2.0136295414451575,3.940797632879975,0.0,0.0,0.0,0.0,2.173057369559906},fitness=net.sf.jclec.fitness.SimpleValueFitness@725bef66[value=257.29765866747454]]
Average fitness = 257.29765866747454
Fitness variance = 0.0
Generation 380 Report
Best individual: net.sf.jclec.realarray.RealArrayIndividual@2aaf7cc2[genotype={4.084997293142846,4.908947602021747,5.12,4.0291519261883675,5.12,1.083919768155716,3.0851659117017616,0.0,5.12,0.0,1.317950796645547,0.0,0.0,5.12,1.1777574774565132,0.0,0.0,0.0,2.9057475168329003,0.0,0.0,0.0,2.0447160584569226,2.0136295414451575,3.940797632879975,0.0,0.0,0.0,0.0,2.173057369559906},fitness=net.sf.jclec.fitness.SimpleValueFitness@1888ff2c[value=257.29765866747454]]
Worst individual: net.sf.jclec.realarray.RealArrayIndividual@2aaf7cc2[genotype={4.084997293142846,4.908947602021747,5.12,4.0291519261883675,5.12,1.083919768155716,3.0851659117017616,0.0,5.12,0.0,1.317950796645547,0.0,0.0,5.12,1.1777574774565132,0.0,0.0,0.0,2.9057475168329003,0.0,0.0,0.0,2.0447160584569226,2.0136295414451575,3.940797632879975,0.0,0.0,0.0,0.0,2.173057369559906},fitness=net.sf.jclec.fitness.SimpleValueFitness@1888ff2c[value=257.29765866747454]]
Median individual: net.sf.jclec.realarray.RealArrayIndividual@2aaf7cc2[genotype={4.084997293142846,4.908947602021747,5.12,4.0291519261883675,5.12,1.083919768155716,3.0851659117017616,0.0,5.12,0.0,1.317950796645547,0.0,0.0,5.12,1.1777574774565132,0.0,0.0,0.0,2.9057475168329003,0.0,0.0,0.0,2.0447160584569226,2.0136295414451575,3.940797632879975,0.0,0.0,0.0,0.0,2.173057369559906},fitness=net.sf.jclec.fitness.SimpleValueFitness@1888ff2c[value=257.29765866747454]]
Average fitness = 257.29765866747454
Fitness variance = 0.0
Generation 390 Report
Best individual: net.sf.jclec.realarray.RealArrayIndividual@35851384[genotype={4.084997293142846,4.908947602021747,5.12,4.0291519261883675,5.12,1.083919768155716,3.0851659117017616,0.0,5.12,0.0,1.317950796645547,0.0,0.0,5.12,1.1777574774565132,0.0,0.0,0.0,2.9057475168329003,0.0,0.0,0.0,2.0447160584569226,2.0136295414451575,3.940797632879975,0.0,0.0,0.0,0.0,2.173057369559906},fitness=net.sf.jclec.fitness.SimpleValueFitness@6adca536[value=257.29765866747454]]
Worst individual: net.sf.jclec.realarray.RealArrayIndividual@35851384[genotype={4.084997293142846,4.908947602021747,5.12,4.0291519261883675,5.12,1.083919768155716,3.0851659117017616,0.0,5.12,0.0,1.317950796645547,0.0,0.0,5.12,1.1777574774565132,0.0,0.0,0.0,2.9057475168329003,0.0,0.0,0.0,2.0447160584569226,2.0136295414451575,3.940797632879975,0.0,0.0,0.0,0.0,2.173057369559906},fitness=net.sf.jclec.fitness.SimpleValueFitness@6adca536[value=257.29765866747454]]
Median individual: net.sf.jclec.realarray.RealArrayIndividual@35851384[genotype={4.084997293142846,4.908947602021747,5.12,4.0291519261883675,5.12,1.083919768155716,3.0851659117017616,0.0,5.12,0.0,1.317950796645547,0.0,0.0,5.12,1.1777574774565132,0.0,0.0,0.0,2.9057475168329003,0.0,0.0,0.0,2.0447160584569226,2.0136295414451575,3.940797632879975,0.0,0.0,0.0,0.0,2.173057369559906},fitness=net.sf.jclec.fitness.SimpleValueFitness@6adca536[value=257.29765866747454]]
Average fitness = 257.29765866747454
Fitness variance = 0.0
Generation 400 Report
Best individual: net.sf.jclec.realarray.RealArrayIndividual@357246de[genotype={4.084997293142846,4.908947602021747,5.12,4.0291519261883675,5.12,1.083919768155716,3.0851659117017616,0.0,5.12,0.0,1.317950796645547,0.0,0.0,5.12,1.1777574774565132,0.0,0.0,0.0,2.9057475168329003,0.0,0.0,0.0,2.0447160584569226,2.0136295414451575,3.940797632879975,0.0,0.0,0.0,0.0,2.173057369559906},fitness=net.sf.jclec.fitness.SimpleValueFitness@256216b3[value=257.29765866747454]]
Worst individual: net.sf.jclec.realarray.RealArrayIndividual@357246de[genotype={4.084997293142846,4.908947602021747,5.12,4.0291519261883675,5.12,1.083919768155716,3.0851659117017616,0.0,5.12,0.0,1.317950796645547,0.0,0.0,5.12,1.1777574774565132,0.0,0.0,0.0,2.9057475168329003,0.0,0.0,0.0,2.0447160584569226,2.0136295414451575,3.940797632879975,0.0,0.0,0.0,0.0,2.173057369559906},fitness=net.sf.jclec.fitness.SimpleValueFitness@256216b3[value=257.29765866747454]]
Median individual: net.sf.jclec.realarray.RealArrayIndividual@357246de[genotype={4.084997293142846,4.908947602021747,5.12,4.0291519261883675,5.12,1.083919768155716,3.0851659117017616,0.0,5.12,0.0,1.317950796645547,0.0,0.0,5.12,1.1777574774565132,0.0,0.0,0.0,2.9057475168329003,0.0,0.0,0.0,2.0447160584569226,2.0136295414451575,3.940797632879975,0.0,0.0,0.0,0.0,2.173057369559906},fitness=net.sf.jclec.fitness.SimpleValueFitness@256216b3[value=257.29765866747454]]
Average fitness = 257.29765866747454
Fitness variance = 0.0
Generation 410 Report
Best individual: net.sf.jclec.realarray.RealArrayIndividual@2a18f23c[genotype={4.084997293142846,4.908947602021747,5.12,4.0291519261883675,5.12,1.083919768155716,3.0851659117017616,0.0,5.12,0.0,1.317950796645547,0.0,0.0,5.12,1.1777574774565132,0.0,0.0,0.0,2.9057475168329003,0.0,0.0,0.0,2.0447160584569226,2.0136295414451575,3.940797632879975,0.0,0.0,0.0,0.0,2.173057369559906},fitness=net.sf.jclec.fitness.SimpleValueFitness@16c0663d[value=257.29765866747454]]
Worst individual: net.sf.jclec.realarray.RealArrayIndividual@2a18f23c[genotype={4.084997293142846,4.908947602021747,5.12,4.0291519261883675,5.12,1.083919768155716,3.0851659117017616,0.0,5.12,0.0,1.317950796645547,0.0,0.0,5.12,1.1777574774565132,0.0,0.0,0.0,2.9057475168329003,0.0,0.0,0.0,2.0447160584569226,2.0136295414451575,3.940797632879975,0.0,0.0,0.0,0.0,2.173057369559906},fitness=net.sf.jclec.fitness.SimpleValueFitness@16c0663d[value=257.29765866747454]]
Median individual: net.sf.jclec.realarray.RealArrayIndividual@2a18f23c[genotype={4.084997293142846,4.908947602021747,5.12,4.0291519261883675,5.12,1.083919768155716,3.0851659117017616,0.0,5.12,0.0,1.317950796645547,0.0,0.0,5.12,1.1777574774565132,0.0,0.0,0.0,2.9057475168329003,0.0,0.0,0.0,2.0447160584569226,2.0136295414451575,3.940797632879975,0.0,0.0,0.0,0.0,2.173057369559906},fitness=net.sf.jclec.fitness.SimpleValueFitness@16c0663d[value=257.29765866747454]]
Average fitness = 257.29765866747454
Fitness variance = 0.0
Generation 420 Report
Best individual: net.sf.jclec.realarray.RealArrayIndividual@23223dd8[genotype={4.084997293142846,4.908947602021747,5.12,4.0291519261883675,5.12,1.083919768155716,3.0851659117017616,0.0,5.12,0.0,1.317950796645547,0.0,0.0,5.12,1.1777574774565132,0.0,0.0,0.0,2.9057475168329003,0.0,0.0,0.0,2.0447160584569226,2.0136295414451575,3.940797632879975,0.0,0.0,0.0,0.0,2.173057369559906},fitness=net.sf.jclec.fitness.SimpleValueFitness@1b40d5f0[value=257.29765866747454]]
Worst individual: net.sf.jclec.realarray.RealArrayIndividual@23223dd8[genotype={4.084997293142846,4.908947602021747,5.12,4.0291519261883675,5.12,1.083919768155716,3.0851659117017616,0.0,5.12,0.0,1.317950796645547,0.0,0.0,5.12,1.1777574774565132,0.0,0.0,0.0,2.9057475168329003,0.0,0.0,0.0,2.0447160584569226,2.0136295414451575,3.940797632879975,0.0,0.0,0.0,0.0,2.173057369559906},fitness=net.sf.jclec.fitness.SimpleValueFitness@1b40d5f0[value=257.29765866747454]]
Median individual: net.sf.jclec.realarray.RealArrayIndividual@23223dd8[genotype={4.084997293142846,4.908947602021747,5.12,4.0291519261883675,5.12,1.083919768155716,3.0851659117017616,0.0,5.12,0.0,1.317950796645547,0.0,0.0,5.12,1.1777574774565132,0.0,0.0,0.0,2.9057475168329003,0.0,0.0,0.0,2.0447160584569226,2.0136295414451575,3.940797632879975,0.0,0.0,0.0,0.0,2.173057369559906},fitness=net.sf.jclec.fitness.SimpleValueFitness@1b40d5f0[value=257.29765866747454]]
Average fitness = 257.29765866747454
Fitness variance = 0.0
Generation 430 Report
Best individual: net.sf.jclec.realarray.RealArrayIndividual@ea4a92b[genotype={4.084997293142846,4.908947602021747,5.12,4.0291519261883675,5.12,1.083919768155716,3.0851659117017616,0.0,5.12,0.0,1.317950796645547,0.0,0.0,5.12,1.1777574774565132,0.0,0.0,0.0,2.9057475168329003,0.0,0.0,0.0,2.0447160584569226,2.0136295414451575,3.940797632879975,0.0,0.0,0.0,0.0,2.173057369559906},fitness=net.sf.jclec.fitness.SimpleValueFitness@47f37ef1[value=257.29765866747454]]
Worst individual: net.sf.jclec.realarray.RealArrayIndividual@ea4a92b[genotype={4.084997293142846,4.908947602021747,5.12,4.0291519261883675,5.12,1.083919768155716,3.0851659117017616,0.0,5.12,0.0,1.317950796645547,0.0,0.0,5.12,1.1777574774565132,0.0,0.0,0.0,2.9057475168329003,0.0,0.0,0.0,2.0447160584569226,2.0136295414451575,3.940797632879975,0.0,0.0,0.0,0.0,2.173057369559906},fitness=net.sf.jclec.fitness.SimpleValueFitness@47f37ef1[value=257.29765866747454]]
Median individual: net.sf.jclec.realarray.RealArrayIndividual@ea4a92b[genotype={4.084997293142846,4.908947602021747,5.12,4.0291519261883675,5.12,1.083919768155716,3.0851659117017616,0.0,5.12,0.0,1.317950796645547,0.0,0.0,5.12,1.1777574774565132,0.0,0.0,0.0,2.9057475168329003,0.0,0.0,0.0,2.0447160584569226,2.0136295414451575,3.940797632879975,0.0,0.0,0.0,0.0,2.173057369559906},fitness=net.sf.jclec.fitness.SimpleValueFitness@47f37ef1[value=257.29765866747454]]
Average fitness = 257.29765866747454
Fitness variance = 0.0
Generation 440 Report
Best individual: net.sf.jclec.realarray.RealArrayIndividual@5a01ccaa[genotype={4.084997293142846,4.908947602021747,5.12,4.0291519261883675,5.12,1.083919768155716,3.0851659117017616,0.0,5.12,0.0,1.317950796645547,0.0,0.0,5.12,1.1777574774565132,0.0,0.0,0.0,2.9057475168329003,0.0,0.0,0.0,2.0447160584569226,2.0136295414451575,3.940797632879975,0.0,0.0,0.0,0.0,2.173057369559906},fitness=net.sf.jclec.fitness.SimpleValueFitness@19bb089b[value=257.29765866747454]]
Worst individual: net.sf.jclec.realarray.RealArrayIndividual@5a01ccaa[genotype={4.084997293142846,4.908947602021747,5.12,4.0291519261883675,5.12,1.083919768155716,3.0851659117017616,0.0,5.12,0.0,1.317950796645547,0.0,0.0,5.12,1.1777574774565132,0.0,0.0,0.0,2.9057475168329003,0.0,0.0,0.0,2.0447160584569226,2.0136295414451575,3.940797632879975,0.0,0.0,0.0,0.0,2.173057369559906},fitness=net.sf.jclec.fitness.SimpleValueFitness@19bb089b[value=257.29765866747454]]
Median individual: net.sf.jclec.realarray.RealArrayIndividual@5a01ccaa[genotype={4.084997293142846,4.908947602021747,5.12,4.0291519261883675,5.12,1.083919768155716,3.0851659117017616,0.0,5.12,0.0,1.317950796645547,0.0,0.0,5.12,1.1777574774565132,0.0,0.0,0.0,2.9057475168329003,0.0,0.0,0.0,2.0447160584569226,2.0136295414451575,3.940797632879975,0.0,0.0,0.0,0.0,2.173057369559906},fitness=net.sf.jclec.fitness.SimpleValueFitness@19bb089b[value=257.29765866747454]]
Average fitness = 257.29765866747454
Fitness variance = 0.0
Generation 450 Report
Best individual: net.sf.jclec.realarray.RealArrayIndividual@4563e9ab[genotype={4.084997293142846,4.908947602021747,5.12,4.0291519261883675,5.12,1.083919768155716,3.0851659117017616,0.0,5.12,0.0,1.317950796645547,0.0,0.0,5.12,1.1777574774565132,0.0,0.0,0.0,2.9057475168329003,0.0,0.0,0.0,2.0447160584569226,2.0136295414451575,3.940797632879975,0.0,0.0,0.0,0.0,2.173057369559906},fitness=net.sf.jclec.fitness.SimpleValueFitness@5e025e70[value=257.29765866747454]]
Worst individual: net.sf.jclec.realarray.RealArrayIndividual@4563e9ab[genotype={4.084997293142846,4.908947602021747,5.12,4.0291519261883675,5.12,1.083919768155716,3.0851659117017616,0.0,5.12,0.0,1.317950796645547,0.0,0.0,5.12,1.1777574774565132,0.0,0.0,0.0,2.9057475168329003,0.0,0.0,0.0,2.0447160584569226,2.0136295414451575,3.940797632879975,0.0,0.0,0.0,0.0,2.173057369559906},fitness=net.sf.jclec.fitness.SimpleValueFitness@5e025e70[value=257.29765866747454]]
Median individual: net.sf.jclec.realarray.RealArrayIndividual@4563e9ab[genotype={4.084997293142846,4.908947602021747,5.12,4.0291519261883675,5.12,1.083919768155716,3.0851659117017616,0.0,5.12,0.0,1.317950796645547,0.0,0.0,5.12,1.1777574774565132,0.0,0.0,0.0,2.9057475168329003,0.0,0.0,0.0,2.0447160584569226,2.0136295414451575,3.940797632879975,0.0,0.0,0.0,0.0,2.173057369559906},fitness=net.sf.jclec.fitness.SimpleValueFitness@5e025e70[value=257.29765866747454]]
Average fitness = 257.29765866747454
Fitness variance = 0.0
Generation 460 Report
Best individual: net.sf.jclec.realarray.RealArrayIndividual@1fbc7afb[genotype={4.084997293142846,4.908947602021747,5.12,4.0291519261883675,5.12,1.083919768155716,3.0851659117017616,0.0,5.12,0.0,1.317950796645547,0.0,0.0,5.12,1.1777574774565132,0.0,0.0,0.0,2.9057475168329003,0.0,0.0,0.0,2.0447160584569226,2.0136295414451575,3.940797632879975,0.0,0.0,0.0,0.0,2.173057369559906},fitness=net.sf.jclec.fitness.SimpleValueFitness@4cdbe50f[value=257.29765866747454]]
Worst individual: net.sf.jclec.realarray.RealArrayIndividual@1fbc7afb[genotype={4.084997293142846,4.908947602021747,5.12,4.0291519261883675,5.12,1.083919768155716,3.0851659117017616,0.0,5.12,0.0,1.317950796645547,0.0,0.0,5.12,1.1777574774565132,0.0,0.0,0.0,2.9057475168329003,0.0,0.0,0.0,2.0447160584569226,2.0136295414451575,3.940797632879975,0.0,0.0,0.0,0.0,2.173057369559906},fitness=net.sf.jclec.fitness.SimpleValueFitness@4cdbe50f[value=257.29765866747454]]
Median individual: net.sf.jclec.realarray.RealArrayIndividual@1fbc7afb[genotype={4.084997293142846,4.908947602021747,5.12,4.0291519261883675,5.12,1.083919768155716,3.0851659117017616,0.0,5.12,0.0,1.317950796645547,0.0,0.0,5.12,1.1777574774565132,0.0,0.0,0.0,2.9057475168329003,0.0,0.0,0.0,2.0447160584569226,2.0136295414451575,3.940797632879975,0.0,0.0,0.0,0.0,2.173057369559906},fitness=net.sf.jclec.fitness.SimpleValueFitness@4cdbe50f[value=257.29765866747454]]
Average fitness = 257.29765866747454
Fitness variance = 0.0
Generation 470 Report
Best individual: net.sf.jclec.realarray.RealArrayIndividual@66d33a[genotype={4.084997293142846,4.908947602021747,5.12,4.0291519261883675,5.12,1.083919768155716,3.0851659117017616,0.0,5.12,0.0,1.317950796645547,0.0,0.0,5.12,1.1777574774565132,0.0,0.0,0.0,2.9057475168329003,0.0,0.0,0.0,2.0447160584569226,2.0136295414451575,3.940797632879975,0.0,0.0,0.0,0.0,2.173057369559906},fitness=net.sf.jclec.fitness.SimpleValueFitness@7e0babb1[value=257.29765866747454]]
Worst individual: net.sf.jclec.realarray.RealArrayIndividual@66d33a[genotype={4.084997293142846,4.908947602021747,5.12,4.0291519261883675,5.12,1.083919768155716,3.0851659117017616,0.0,5.12,0.0,1.317950796645547,0.0,0.0,5.12,1.1777574774565132,0.0,0.0,0.0,2.9057475168329003,0.0,0.0,0.0,2.0447160584569226,2.0136295414451575,3.940797632879975,0.0,0.0,0.0,0.0,2.173057369559906},fitness=net.sf.jclec.fitness.SimpleValueFitness@7e0babb1[value=257.29765866747454]]
Median individual: net.sf.jclec.realarray.RealArrayIndividual@66d33a[genotype={4.084997293142846,4.908947602021747,5.12,4.0291519261883675,5.12,1.083919768155716,3.0851659117017616,0.0,5.12,0.0,1.317950796645547,0.0,0.0,5.12,1.1777574774565132,0.0,0.0,0.0,2.9057475168329003,0.0,0.0,0.0,2.0447160584569226,2.0136295414451575,3.940797632879975,0.0,0.0,0.0,0.0,2.173057369559906},fitness=net.sf.jclec.fitness.SimpleValueFitness@7e0babb1[value=257.29765866747454]]
Average fitness = 257.29765866747454
Fitness variance = 0.0
Generation 480 Report
Best individual: net.sf.jclec.realarray.RealArrayIndividual@6debcae2[genotype={4.084997293142846,4.908947602021747,5.12,4.0291519261883675,5.12,1.083919768155716,3.0851659117017616,0.0,5.12,0.0,1.317950796645547,0.0,0.0,5.12,1.1777574774565132,0.0,0.0,0.0,2.9057475168329003,0.0,0.0,0.0,2.0447160584569226,2.0136295414451575,3.940797632879975,0.0,0.0,0.0,0.0,2.173057369559906},fitness=net.sf.jclec.fitness.SimpleValueFitness@2ff4f00f[value=257.29765866747454]]
Worst individual: net.sf.jclec.realarray.RealArrayIndividual@6debcae2[genotype={4.084997293142846,4.908947602021747,5.12,4.0291519261883675,5.12,1.083919768155716,3.0851659117017616,0.0,5.12,0.0,1.317950796645547,0.0,0.0,5.12,1.1777574774565132,0.0,0.0,0.0,2.9057475168329003,0.0,0.0,0.0,2.0447160584569226,2.0136295414451575,3.940797632879975,0.0,0.0,0.0,0.0,2.173057369559906},fitness=net.sf.jclec.fitness.SimpleValueFitness@2ff4f00f[value=257.29765866747454]]
Median individual: net.sf.jclec.realarray.RealArrayIndividual@6debcae2[genotype={4.084997293142846,4.908947602021747,5.12,4.0291519261883675,5.12,1.083919768155716,3.0851659117017616,0.0,5.12,0.0,1.317950796645547,0.0,0.0,5.12,1.1777574774565132,0.0,0.0,0.0,2.9057475168329003,0.0,0.0,0.0,2.0447160584569226,2.0136295414451575,3.940797632879975,0.0,0.0,0.0,0.0,2.173057369559906},fitness=net.sf.jclec.fitness.SimpleValueFitness@2ff4f00f[value=257.29765866747454]]
Average fitness = 257.29765866747454
Fitness variance = 0.0
Generation 490 Report
Best individual: net.sf.jclec.realarray.RealArrayIndividual@c818063[genotype={4.084997293142846,4.908947602021747,5.12,4.0291519261883675,5.12,1.083919768155716,3.0851659117017616,0.0,5.12,0.0,1.317950796645547,0.0,0.0,5.12,1.1777574774565132,0.0,0.0,0.0,2.9057475168329003,0.0,0.0,0.0,2.0447160584569226,2.0136295414451575,3.940797632879975,0.0,0.0,0.0,0.0,2.173057369559906},fitness=net.sf.jclec.fitness.SimpleValueFitness@75bd9247[value=257.29765866747454]]
Worst individual: net.sf.jclec.realarray.RealArrayIndividual@c818063[genotype={4.084997293142846,4.908947602021747,5.12,4.0291519261883675,5.12,1.083919768155716,3.0851659117017616,0.0,5.12,0.0,1.317950796645547,0.0,0.0,5.12,1.1777574774565132,0.0,0.0,0.0,2.9057475168329003,0.0,0.0,0.0,2.0447160584569226,2.0136295414451575,3.940797632879975,0.0,0.0,0.0,0.0,2.173057369559906},fitness=net.sf.jclec.fitness.SimpleValueFitness@75bd9247[value=257.29765866747454]]
Median individual: net.sf.jclec.realarray.RealArrayIndividual@c818063[genotype={4.084997293142846,4.908947602021747,5.12,4.0291519261883675,5.12,1.083919768155716,3.0851659117017616,0.0,5.12,0.0,1.317950796645547,0.0,0.0,5.12,1.1777574774565132,0.0,0.0,0.0,2.9057475168329003,0.0,0.0,0.0,2.0447160584569226,2.0136295414451575,3.940797632879975,0.0,0.0,0.0,0.0,2.173057369559906},fitness=net.sf.jclec.fitness.SimpleValueFitness@75bd9247[value=257.29765866747454]]
Average fitness = 257.29765866747454
Fitness variance = 0.0
Generation 500 Report
Best individual: net.sf.jclec.realarray.RealArrayIndividual@7d417077[genotype={4.084997293142846,4.908947602021747,5.12,4.0291519261883675,5.12,1.083919768155716,3.0851659117017616,0.0,5.12,0.0,1.317950796645547,0.0,0.0,5.12,1.1777574774565132,0.0,0.0,0.0,2.9057475168329003,0.0,0.0,0.0,2.0447160584569226,2.0136295414451575,3.940797632879975,0.0,0.0,0.0,0.0,2.173057369559906},fitness=net.sf.jclec.fitness.SimpleValueFitness@35bbe5e8[value=257.29765866747454]]
Worst individual: net.sf.jclec.realarray.RealArrayIndividual@7d417077[genotype={4.084997293142846,4.908947602021747,5.12,4.0291519261883675,5.12,1.083919768155716,3.0851659117017616,0.0,5.12,0.0,1.317950796645547,0.0,0.0,5.12,1.1777574774565132,0.0,0.0,0.0,2.9057475168329003,0.0,0.0,0.0,2.0447160584569226,2.0136295414451575,3.940797632879975,0.0,0.0,0.0,0.0,2.173057369559906},fitness=net.sf.jclec.fitness.SimpleValueFitness@35bbe5e8[value=257.29765866747454]]
Median individual: net.sf.jclec.realarray.RealArrayIndividual@7d417077[genotype={4.084997293142846,4.908947602021747,5.12,4.0291519261883675,5.12,1.083919768155716,3.0851659117017616,0.0,5.12,0.0,1.317950796645547,0.0,0.0,5.12,1.1777574774565132,0.0,0.0,0.0,2.9057475168329003,0.0,0.0,0.0,2.0447160584569226,2.0136295414451575,3.940797632879975,0.0,0.0,0.0,0.0,2.173057369559906},fitness=net.sf.jclec.fitness.SimpleValueFitness@35bbe5e8[value=257.29765866747454]]
Average fitness = 257.29765866747454
Fitness variance = 0.0
