Sun Nov 04 15.11.18 CET 2018
Generation 0 Report
Best individual: net.sf.jclec.realarray.RealArrayIndividual@50134894[genotype={3.4112338089890746,0.5086596365334616,2.219006052894732,1.215540420761745,1.3309315090547509,1.4206768041644606,1.5376346840345954,2.7190016414739944,0.7375025258809462,4.935047303243421,0.7853400468305168,0.7288473518665032,0.10418290660628532,1.9652362190888364,2.133212300270199,3.1263817971738197,1.0820513233427922,2.0678172842017237,0.8367036666043761,4.035207465007747,2.08566684685636,0.08344539154520525,4.232714217636863,4.030931706624756,0.4673651178908309,2.87965497951677,1.6157553040304,0.536895542473512,3.377046970384076,1.1332419346700109},fitness=net.sf.jclec.fitness.SimpleValueFitness@1376c05c[value=419.4607717255878]]
Worst individual: net.sf.jclec.realarray.RealArrayIndividual@567d299b[genotype={3.2428036977584105,2.718233738125122,4.325498884796731,4.499188226307614,4.167261194326511,0.4954228083223312,2.321311613411029,1.194471451414592,3.4285894255548084,1.4922142244797933,3.3591548261700517,4.977959146282398,2.0893485519547266,0.6067888329909187,1.4951881005603012,4.160352019219063,0.8592055745663305,4.730930693351776,0.19808563295495274,4.03386302737192,1.7574182250287702,1.716444677407004,4.347586766963862,5.044019788894895,2.4122022332589874,4.7900315302859875,2.312426444139615,4.588537312643402,3.6828858473381616,3.5384339677142744},fitness=net.sf.jclec.fitness.SimpleValueFitness@59690aa4[value=679.9442831167266]]
Median individual: net.sf.jclec.realarray.RealArrayIndividual@26f0a63f[genotype={5.090823815343792,2.754504972672401,0.8654194066372476,2.0303054147024167,5.068305182318058,3.4608111895670612,0.4831868899437799,0.9152899252504152,3.5229403478499877,4.031854539138923,3.2431136443038766,4.222150352640983,0.037239125789938175,3.2426053930998378,0.6458626160230934,0.7379969988749231,4.261902813250555,1.6667983008745304,0.19859131877501032,4.30498237899613,2.0934246156987903,0.7847107481263832,4.4381269377170325,2.988129268075961,4.544782283202963,0.23772026948370692,1.1271888038783457,2.7189670040218785,0.6842961903166572,0.09744419601916979},fitness=net.sf.jclec.fitness.SimpleValueFitness@53bd815b[value=514.3162860551528]]
Average fitness = 550.5688762811908
Fitness variance = 3041.3115165705676
Generation 10 Report
Best individual: net.sf.jclec.realarray.RealArrayIndividual@4ca8195f[genotype={2.0561664989623667,3.5410843972384995,4.188716410747277,4.13318789052875,2.453225591291658,2.932280734357992,0.0,1.0262268615962589,4.768660414412985,0.682383832510659,3.1199679770776316,2.117404297292845,1.180388523895652,2.0667046236864097,0.0,2.469927199763811,0.0,2.2320226616626075,1.8835285223312896,2.18503033240017,1.801066539234912,0.0,2.70634276233741,2.117339720126752,1.0193631470505238,1.0978300131573233,0.5237595475409902,1.7543668264184866,1.0976476901492767,0.9659133210573292},fitness=net.sf.jclec.fitness.SimpleValueFitness@61baa894[value=330.67137903887027]]
Worst individual: net.sf.jclec.realarray.RealArrayIndividual@4ca8195f[genotype={2.0561664989623667,3.5410843972384995,4.188716410747277,4.13318789052875,2.453225591291658,2.932280734357992,0.0,1.0262268615962589,4.768660414412985,0.682383832510659,3.1199679770776316,2.117404297292845,1.180388523895652,2.0667046236864097,0.0,2.469927199763811,0.0,2.2320226616626075,1.8835285223312896,2.18503033240017,1.801066539234912,0.0,2.70634276233741,2.117339720126752,1.0193631470505238,1.0978300131573233,0.5237595475409902,1.7543668264184866,1.0976476901492767,0.9659133210573292},fitness=net.sf.jclec.fitness.SimpleValueFitness@61baa894[value=330.67137903887027]]
Median individual: net.sf.jclec.realarray.RealArrayIndividual@4ca8195f[genotype={2.0561664989623667,3.5410843972384995,4.188716410747277,4.13318789052875,2.453225591291658,2.932280734357992,0.0,1.0262268615962589,4.768660414412985,0.682383832510659,3.1199679770776316,2.117404297292845,1.180388523895652,2.0667046236864097,0.0,2.469927199763811,0.0,2.2320226616626075,1.8835285223312896,2.18503033240017,1.801066539234912,0.0,2.70634276233741,2.117339720126752,1.0193631470505238,1.0978300131573233,0.5237595475409902,1.7543668264184866,1.0976476901492767,0.9659133210573292},fitness=net.sf.jclec.fitness.SimpleValueFitness@61baa894[value=330.67137903887027]]
Average fitness = 330.67137903887027
Fitness variance = 0.0
Generation 20 Report
Best individual: net.sf.jclec.realarray.RealArrayIndividual@b065c63[genotype={2.0561664989623667,3.5410843972384995,4.188716410747277,4.13318789052875,2.453225591291658,2.932280734357992,0.0,1.0262268615962589,4.768660414412985,0.682383832510659,3.1199679770776316,2.117404297292845,1.180388523895652,2.0667046236864097,0.0,2.469927199763811,0.0,2.2320226616626075,1.8835285223312896,2.18503033240017,1.801066539234912,0.0,2.70634276233741,2.117339720126752,1.0193631470505238,1.0978300131573233,0.5237595475409902,1.7543668264184866,1.0976476901492767,0.9659133210573292},fitness=net.sf.jclec.fitness.SimpleValueFitness@490d6c15[value=330.67137903887027]]
Worst individual: net.sf.jclec.realarray.RealArrayIndividual@b065c63[genotype={2.0561664989623667,3.5410843972384995,4.188716410747277,4.13318789052875,2.453225591291658,2.932280734357992,0.0,1.0262268615962589,4.768660414412985,0.682383832510659,3.1199679770776316,2.117404297292845,1.180388523895652,2.0667046236864097,0.0,2.469927199763811,0.0,2.2320226616626075,1.8835285223312896,2.18503033240017,1.801066539234912,0.0,2.70634276233741,2.117339720126752,1.0193631470505238,1.0978300131573233,0.5237595475409902,1.7543668264184866,1.0976476901492767,0.9659133210573292},fitness=net.sf.jclec.fitness.SimpleValueFitness@490d6c15[value=330.67137903887027]]
Median individual: net.sf.jclec.realarray.RealArrayIndividual@b065c63[genotype={2.0561664989623667,3.5410843972384995,4.188716410747277,4.13318789052875,2.453225591291658,2.932280734357992,0.0,1.0262268615962589,4.768660414412985,0.682383832510659,3.1199679770776316,2.117404297292845,1.180388523895652,2.0667046236864097,0.0,2.469927199763811,0.0,2.2320226616626075,1.8835285223312896,2.18503033240017,1.801066539234912,0.0,2.70634276233741,2.117339720126752,1.0193631470505238,1.0978300131573233,0.5237595475409902,1.7543668264184866,1.0976476901492767,0.9659133210573292},fitness=net.sf.jclec.fitness.SimpleValueFitness@490d6c15[value=330.67137903887027]]
Average fitness = 330.67137903887027
Fitness variance = 0.0
Generation 30 Report
Best individual: net.sf.jclec.realarray.RealArrayIndividual@7d4793a8[genotype={2.0561664989623667,3.5410843972384995,4.188716410747277,4.13318789052875,2.453225591291658,2.932280734357992,0.0,1.0262268615962589,4.768660414412985,0.682383832510659,3.1199679770776316,2.117404297292845,1.180388523895652,2.0667046236864097,0.0,2.469927199763811,0.0,2.2320226616626075,1.8835285223312896,2.18503033240017,1.801066539234912,0.0,2.70634276233741,2.117339720126752,1.0193631470505238,1.0978300131573233,1.651988905929633,1.7543668264184866,1.0976476901492767,0.9659133210573292},fitness=net.sf.jclec.fitness.SimpleValueFitness@5479e3f[value=329.0136425963976]]
Worst individual: net.sf.jclec.realarray.RealArrayIndividual@7d4793a8[genotype={2.0561664989623667,3.5410843972384995,4.188716410747277,4.13318789052875,2.453225591291658,2.932280734357992,0.0,1.0262268615962589,4.768660414412985,0.682383832510659,3.1199679770776316,2.117404297292845,1.180388523895652,2.0667046236864097,0.0,2.469927199763811,0.0,2.2320226616626075,1.8835285223312896,2.18503033240017,1.801066539234912,0.0,2.70634276233741,2.117339720126752,1.0193631470505238,1.0978300131573233,1.651988905929633,1.7543668264184866,1.0976476901492767,0.9659133210573292},fitness=net.sf.jclec.fitness.SimpleValueFitness@5479e3f[value=329.0136425963976]]
Median individual: net.sf.jclec.realarray.RealArrayIndividual@7d4793a8[genotype={2.0561664989623667,3.5410843972384995,4.188716410747277,4.13318789052875,2.453225591291658,2.932280734357992,0.0,1.0262268615962589,4.768660414412985,0.682383832510659,3.1199679770776316,2.117404297292845,1.180388523895652,2.0667046236864097,0.0,2.469927199763811,0.0,2.2320226616626075,1.8835285223312896,2.18503033240017,1.801066539234912,0.0,2.70634276233741,2.117339720126752,1.0193631470505238,1.0978300131573233,1.651988905929633,1.7543668264184866,1.0976476901492767,0.9659133210573292},fitness=net.sf.jclec.fitness.SimpleValueFitness@5479e3f[value=329.0136425963976]]
Average fitness = 329.0136425963976
Fitness variance = 0.0
Generation 40 Report
Best individual: net.sf.jclec.realarray.RealArrayIndividual@27082746[genotype={2.0561664989623667,3.5410843972384995,4.188716410747277,4.13318789052875,2.453225591291658,2.932280734357992,0.0,1.0262268615962589,4.768660414412985,0.682383832510659,3.1199679770776316,2.117404297292845,1.180388523895652,2.0667046236864097,0.0,2.469927199763811,0.0,2.2320226616626075,1.8835285223312896,2.18503033240017,1.801066539234912,0.0,2.70634276233741,2.117339720126752,1.0193631470505238,1.0978300131573233,1.651988905929633,1.7543668264184866,1.0976476901492767,0.9659133210573292},fitness=net.sf.jclec.fitness.SimpleValueFitness@7bfcd12c[value=329.0136425963976]]
Worst individual: net.sf.jclec.realarray.RealArrayIndividual@27082746[genotype={2.0561664989623667,3.5410843972384995,4.188716410747277,4.13318789052875,2.453225591291658,2.932280734357992,0.0,1.0262268615962589,4.768660414412985,0.682383832510659,3.1199679770776316,2.117404297292845,1.180388523895652,2.0667046236864097,0.0,2.469927199763811,0.0,2.2320226616626075,1.8835285223312896,2.18503033240017,1.801066539234912,0.0,2.70634276233741,2.117339720126752,1.0193631470505238,1.0978300131573233,1.651988905929633,1.7543668264184866,1.0976476901492767,0.9659133210573292},fitness=net.sf.jclec.fitness.SimpleValueFitness@7bfcd12c[value=329.0136425963976]]
Median individual: net.sf.jclec.realarray.RealArrayIndividual@27082746[genotype={2.0561664989623667,3.5410843972384995,4.188716410747277,4.13318789052875,2.453225591291658,2.932280734357992,0.0,1.0262268615962589,4.768660414412985,0.682383832510659,3.1199679770776316,2.117404297292845,1.180388523895652,2.0667046236864097,0.0,2.469927199763811,0.0,2.2320226616626075,1.8835285223312896,2.18503033240017,1.801066539234912,0.0,2.70634276233741,2.117339720126752,1.0193631470505238,1.0978300131573233,1.651988905929633,1.7543668264184866,1.0976476901492767,0.9659133210573292},fitness=net.sf.jclec.fitness.SimpleValueFitness@7bfcd12c[value=329.0136425963976]]
Average fitness = 329.0136425963976
Fitness variance = 0.0
Generation 50 Report
Best individual: net.sf.jclec.realarray.RealArrayIndividual@42f30e0a[genotype={2.0561664989623667,3.5410843972384995,4.188716410747277,4.03102557975332,2.453225591291658,2.932280734357992,0.0,1.0262268615962589,4.768660414412985,0.682383832510659,3.1199679770776316,2.117404297292845,1.180388523895652,2.0667046236864097,0.0,2.469927199763811,0.0,2.2320226616626075,1.8835285223312896,2.18503033240017,1.801066539234912,0.0,2.70634276233741,2.117339720126752,1.0193631470505238,1.0978300131573233,1.651988905929633,1.7543668264184866,1.0976476901492767,0.9659133210573292},fitness=net.sf.jclec.fitness.SimpleValueFitness@5b1d2887[value=325.06706816584654]]
Worst individual: net.sf.jclec.realarray.RealArrayIndividual@42f30e0a[genotype={2.0561664989623667,3.5410843972384995,4.188716410747277,4.03102557975332,2.453225591291658,2.932280734357992,0.0,1.0262268615962589,4.768660414412985,0.682383832510659,3.1199679770776316,2.117404297292845,1.180388523895652,2.0667046236864097,0.0,2.469927199763811,0.0,2.2320226616626075,1.8835285223312896,2.18503033240017,1.801066539234912,0.0,2.70634276233741,2.117339720126752,1.0193631470505238,1.0978300131573233,1.651988905929633,1.7543668264184866,1.0976476901492767,0.9659133210573292},fitness=net.sf.jclec.fitness.SimpleValueFitness@5b1d2887[value=325.06706816584654]]
Median individual: net.sf.jclec.realarray.RealArrayIndividual@42f30e0a[genotype={2.0561664989623667,3.5410843972384995,4.188716410747277,4.03102557975332,2.453225591291658,2.932280734357992,0.0,1.0262268615962589,4.768660414412985,0.682383832510659,3.1199679770776316,2.117404297292845,1.180388523895652,2.0667046236864097,0.0,2.469927199763811,0.0,2.2320226616626075,1.8835285223312896,2.18503033240017,1.801066539234912,0.0,2.70634276233741,2.117339720126752,1.0193631470505238,1.0978300131573233,1.651988905929633,1.7543668264184866,1.0976476901492767,0.9659133210573292},fitness=net.sf.jclec.fitness.SimpleValueFitness@5b1d2887[value=325.06706816584654]]
Average fitness = 325.06706816584654
Fitness variance = 0.0
Generation 60 Report
Best individual: net.sf.jclec.realarray.RealArrayIndividual@46f5f779[genotype={2.0561664989623667,3.5410843972384995,4.188716410747277,4.03102557975332,2.453225591291658,2.932280734357992,0.0,1.0262268615962589,4.768660414412985,0.682383832510659,3.1199679770776316,2.117404297292845,1.180388523895652,2.0667046236864097,0.0,2.469927199763811,0.0,2.2320226616626075,1.8835285223312896,2.18503033240017,1.801066539234912,0.0,2.70634276233741,2.0676836825922567,1.0193631470505238,1.0978300131573233,1.651988905929633,1.7543668264184866,1.0976476901492767,0.9868118379710216},fitness=net.sf.jclec.fitness.SimpleValueFitness@18e8568[value=322.9997105261383]]
Worst individual: net.sf.jclec.realarray.RealArrayIndividual@46f5f779[genotype={2.0561664989623667,3.5410843972384995,4.188716410747277,4.03102557975332,2.453225591291658,2.932280734357992,0.0,1.0262268615962589,4.768660414412985,0.682383832510659,3.1199679770776316,2.117404297292845,1.180388523895652,2.0667046236864097,0.0,2.469927199763811,0.0,2.2320226616626075,1.8835285223312896,2.18503033240017,1.801066539234912,0.0,2.70634276233741,2.0676836825922567,1.0193631470505238,1.0978300131573233,1.651988905929633,1.7543668264184866,1.0976476901492767,0.9868118379710216},fitness=net.sf.jclec.fitness.SimpleValueFitness@18e8568[value=322.9997105261383]]
Median individual: net.sf.jclec.realarray.RealArrayIndividual@46f5f779[genotype={2.0561664989623667,3.5410843972384995,4.188716410747277,4.03102557975332,2.453225591291658,2.932280734357992,0.0,1.0262268615962589,4.768660414412985,0.682383832510659,3.1199679770776316,2.117404297292845,1.180388523895652,2.0667046236864097,0.0,2.469927199763811,0.0,2.2320226616626075,1.8835285223312896,2.18503033240017,1.801066539234912,0.0,2.70634276233741,2.0676836825922567,1.0193631470505238,1.0978300131573233,1.651988905929633,1.7543668264184866,1.0976476901492767,0.9868118379710216},fitness=net.sf.jclec.fitness.SimpleValueFitness@18e8568[value=322.9997105261383]]
Average fitness = 322.9997105261383
Fitness variance = 0.0
Generation 70 Report
Best individual: net.sf.jclec.realarray.RealArrayIndividual@33e5ccce[genotype={2.0561664989623667,3.5410843972384995,4.188716410747277,4.03102557975332,2.453225591291658,2.932280734357992,0.0,1.0262268615962589,4.768660414412985,0.682383832510659,3.1199679770776316,2.117404297292845,1.180388523895652,2.0667046236864097,0.0,2.469927199763811,0.0,2.2320226616626075,1.8835285223312896,2.18503033240017,1.801066539234912,0.0,2.70634276233741,2.0676836825922567,1.0193631470505238,1.0978300131573233,1.651988905929633,1.7543668264184866,1.0976476901492767,0.9868118379710216},fitness=net.sf.jclec.fitness.SimpleValueFitness@270421f5[value=322.9997105261383]]
Worst individual: net.sf.jclec.realarray.RealArrayIndividual@33e5ccce[genotype={2.0561664989623667,3.5410843972384995,4.188716410747277,4.03102557975332,2.453225591291658,2.932280734357992,0.0,1.0262268615962589,4.768660414412985,0.682383832510659,3.1199679770776316,2.117404297292845,1.180388523895652,2.0667046236864097,0.0,2.469927199763811,0.0,2.2320226616626075,1.8835285223312896,2.18503033240017,1.801066539234912,0.0,2.70634276233741,2.0676836825922567,1.0193631470505238,1.0978300131573233,1.651988905929633,1.7543668264184866,1.0976476901492767,0.9868118379710216},fitness=net.sf.jclec.fitness.SimpleValueFitness@270421f5[value=322.9997105261383]]
Median individual: net.sf.jclec.realarray.RealArrayIndividual@33e5ccce[genotype={2.0561664989623667,3.5410843972384995,4.188716410747277,4.03102557975332,2.453225591291658,2.932280734357992,0.0,1.0262268615962589,4.768660414412985,0.682383832510659,3.1199679770776316,2.117404297292845,1.180388523895652,2.0667046236864097,0.0,2.469927199763811,0.0,2.2320226616626075,1.8835285223312896,2.18503033240017,1.801066539234912,0.0,2.70634276233741,2.0676836825922567,1.0193631470505238,1.0978300131573233,1.651988905929633,1.7543668264184866,1.0976476901492767,0.9868118379710216},fitness=net.sf.jclec.fitness.SimpleValueFitness@270421f5[value=322.9997105261383]]
Average fitness = 322.9997105261383
Fitness variance = 0.0
Generation 80 Report
Best individual: net.sf.jclec.realarray.RealArrayIndividual@52d455b8[genotype={2.0561664989623667,3.5410843972384995,4.188716410747277,4.03102557975332,2.453225591291658,2.932280734357992,0.0,1.0262268615962589,4.768660414412985,0.682383832510659,3.1199679770776316,2.117404297292845,1.180388523895652,2.0667046236864097,0.0,2.469927199763811,0.0,2.2320226616626075,1.8835285223312896,2.18503033240017,1.801066539234912,0.0,2.70634276233741,2.0676836825922567,1.0193631470505238,1.0978300131573233,1.651988905929633,1.7543668264184866,1.0976476901492767,0.9868118379710216},fitness=net.sf.jclec.fitness.SimpleValueFitness@18ef96[value=322.9997105261383]]
Worst individual: net.sf.jclec.realarray.RealArrayIndividual@52d455b8[genotype={2.0561664989623667,3.5410843972384995,4.188716410747277,4.03102557975332,2.453225591291658,2.932280734357992,0.0,1.0262268615962589,4.768660414412985,0.682383832510659,3.1199679770776316,2.117404297292845,1.180388523895652,2.0667046236864097,0.0,2.469927199763811,0.0,2.2320226616626075,1.8835285223312896,2.18503033240017,1.801066539234912,0.0,2.70634276233741,2.0676836825922567,1.0193631470505238,1.0978300131573233,1.651988905929633,1.7543668264184866,1.0976476901492767,0.9868118379710216},fitness=net.sf.jclec.fitness.SimpleValueFitness@18ef96[value=322.9997105261383]]
Median individual: net.sf.jclec.realarray.RealArrayIndividual@52d455b8[genotype={2.0561664989623667,3.5410843972384995,4.188716410747277,4.03102557975332,2.453225591291658,2.932280734357992,0.0,1.0262268615962589,4.768660414412985,0.682383832510659,3.1199679770776316,2.117404297292845,1.180388523895652,2.0667046236864097,0.0,2.469927199763811,0.0,2.2320226616626075,1.8835285223312896,2.18503033240017,1.801066539234912,0.0,2.70634276233741,2.0676836825922567,1.0193631470505238,1.0978300131573233,1.651988905929633,1.7543668264184866,1.0976476901492767,0.9868118379710216},fitness=net.sf.jclec.fitness.SimpleValueFitness@18ef96[value=322.9997105261383]]
Average fitness = 322.9997105261383
Fitness variance = 0.0
Generation 90 Report
Best individual: net.sf.jclec.realarray.RealArrayIndividual@6956de9[genotype={2.0561664989623667,3.5410843972384995,4.188716410747277,4.03102557975332,2.453225591291658,2.932280734357992,0.0,1.0262268615962589,4.768660414412985,0.682383832510659,3.1199679770776316,2.117404297292845,1.180388523895652,2.0667046236864097,0.0,2.469927199763811,0.0,2.2320226616626075,1.8835285223312896,2.18503033240017,1.801066539234912,0.0,2.70634276233741,2.0676836825922567,1.0193631470505238,1.0978300131573233,1.651988905929633,1.7543668264184866,1.0976476901492767,0.9868118379710216},fitness=net.sf.jclec.fitness.SimpleValueFitness@6aceb1a5[value=322.9997105261383]]
Worst individual: net.sf.jclec.realarray.RealArrayIndividual@6956de9[genotype={2.0561664989623667,3.5410843972384995,4.188716410747277,4.03102557975332,2.453225591291658,2.932280734357992,0.0,1.0262268615962589,4.768660414412985,0.682383832510659,3.1199679770776316,2.117404297292845,1.180388523895652,2.0667046236864097,0.0,2.469927199763811,0.0,2.2320226616626075,1.8835285223312896,2.18503033240017,1.801066539234912,0.0,2.70634276233741,2.0676836825922567,1.0193631470505238,1.0978300131573233,1.651988905929633,1.7543668264184866,1.0976476901492767,0.9868118379710216},fitness=net.sf.jclec.fitness.SimpleValueFitness@6aceb1a5[value=322.9997105261383]]
Median individual: net.sf.jclec.realarray.RealArrayIndividual@6956de9[genotype={2.0561664989623667,3.5410843972384995,4.188716410747277,4.03102557975332,2.453225591291658,2.932280734357992,0.0,1.0262268615962589,4.768660414412985,0.682383832510659,3.1199679770776316,2.117404297292845,1.180388523895652,2.0667046236864097,0.0,2.469927199763811,0.0,2.2320226616626075,1.8835285223312896,2.18503033240017,1.801066539234912,0.0,2.70634276233741,2.0676836825922567,1.0193631470505238,1.0978300131573233,1.651988905929633,1.7543668264184866,1.0976476901492767,0.9868118379710216},fitness=net.sf.jclec.fitness.SimpleValueFitness@6aceb1a5[value=322.9997105261383]]
Average fitness = 322.9997105261383
Fitness variance = 0.0
Generation 100 Report
Best individual: net.sf.jclec.realarray.RealArrayIndividual@2d6d8735[genotype={2.0561664989623667,3.5410843972384995,4.188716410747277,4.03102557975332,2.453225591291658,2.932280734357992,0.0,1.0262268615962589,4.768660414412985,0.682383832510659,3.1199679770776316,2.117404297292845,1.180388523895652,2.0667046236864097,0.0,2.469927199763811,0.0,2.2320226616626075,1.8835285223312896,2.18503033240017,1.801066539234912,0.0,2.70634276233741,2.0676836825922567,1.0193631470505238,1.0978300131573233,1.651988905929633,1.7543668264184866,1.0976476901492767,0.9868118379710216},fitness=net.sf.jclec.fitness.SimpleValueFitness@12bc6874[value=322.9997105261383]]
Worst individual: net.sf.jclec.realarray.RealArrayIndividual@2d6d8735[genotype={2.0561664989623667,3.5410843972384995,4.188716410747277,4.03102557975332,2.453225591291658,2.932280734357992,0.0,1.0262268615962589,4.768660414412985,0.682383832510659,3.1199679770776316,2.117404297292845,1.180388523895652,2.0667046236864097,0.0,2.469927199763811,0.0,2.2320226616626075,1.8835285223312896,2.18503033240017,1.801066539234912,0.0,2.70634276233741,2.0676836825922567,1.0193631470505238,1.0978300131573233,1.651988905929633,1.7543668264184866,1.0976476901492767,0.9868118379710216},fitness=net.sf.jclec.fitness.SimpleValueFitness@12bc6874[value=322.9997105261383]]
Median individual: net.sf.jclec.realarray.RealArrayIndividual@2d6d8735[genotype={2.0561664989623667,3.5410843972384995,4.188716410747277,4.03102557975332,2.453225591291658,2.932280734357992,0.0,1.0262268615962589,4.768660414412985,0.682383832510659,3.1199679770776316,2.117404297292845,1.180388523895652,2.0667046236864097,0.0,2.469927199763811,0.0,2.2320226616626075,1.8835285223312896,2.18503033240017,1.801066539234912,0.0,2.70634276233741,2.0676836825922567,1.0193631470505238,1.0978300131573233,1.651988905929633,1.7543668264184866,1.0976476901492767,0.9868118379710216},fitness=net.sf.jclec.fitness.SimpleValueFitness@12bc6874[value=322.9997105261383]]
Average fitness = 322.9997105261383
Fitness variance = 0.0
Generation 110 Report
Best individual: net.sf.jclec.realarray.RealArrayIndividual@de0a01f[genotype={2.0561664989623667,3.5410854681686694,4.188716410747277,4.03102557975332,2.453225591291658,2.932280734357992,0.0,1.0262268615962589,4.768660414412985,0.682383832510659,3.1199679770776316,2.117404297292845,1.180388523895652,2.0667046236864097,0.0,2.469927199763811,0.0,2.2320226616626075,1.8835285223312896,2.1850294835148882,1.801066539234912,0.0,2.70634276233741,2.0676836825922567,1.0193631470505238,1.09781295259494,1.651988905929633,1.7543668264184866,1.0976476901492767,0.9868118379710216},fitness=net.sf.jclec.fitness.SimpleValueFitness@1ef7fe8e[value=322.99899266464394]]
Worst individual: net.sf.jclec.realarray.RealArrayIndividual@de0a01f[genotype={2.0561664989623667,3.5410854681686694,4.188716410747277,4.03102557975332,2.453225591291658,2.932280734357992,0.0,1.0262268615962589,4.768660414412985,0.682383832510659,3.1199679770776316,2.117404297292845,1.180388523895652,2.0667046236864097,0.0,2.469927199763811,0.0,2.2320226616626075,1.8835285223312896,2.1850294835148882,1.801066539234912,0.0,2.70634276233741,2.0676836825922567,1.0193631470505238,1.09781295259494,1.651988905929633,1.7543668264184866,1.0976476901492767,0.9868118379710216},fitness=net.sf.jclec.fitness.SimpleValueFitness@1ef7fe8e[value=322.99899266464394]]
Median individual: net.sf.jclec.realarray.RealArrayIndividual@de0a01f[genotype={2.0561664989623667,3.5410854681686694,4.188716410747277,4.03102557975332,2.453225591291658,2.932280734357992,0.0,1.0262268615962589,4.768660414412985,0.682383832510659,3.1199679770776316,2.117404297292845,1.180388523895652,2.0667046236864097,0.0,2.469927199763811,0.0,2.2320226616626075,1.8835285223312896,2.1850294835148882,1.801066539234912,0.0,2.70634276233741,2.0676836825922567,1.0193631470505238,1.09781295259494,1.651988905929633,1.7543668264184866,1.0976476901492767,0.9868118379710216},fitness=net.sf.jclec.fitness.SimpleValueFitness@1ef7fe8e[value=322.99899266464394]]
Average fitness = 322.99899266464394
Fitness variance = 0.0
Generation 120 Report
Best individual: net.sf.jclec.realarray.RealArrayIndividual@6f79caec[genotype={2.0561664989623667,3.5410854681686694,4.188716410747277,4.03102557975332,2.453225591291658,2.932280734357992,0.0,1.0262268615962589,4.768660414412985,0.682383832510659,3.1199679770776316,2.117404297292845,1.180388523895652,2.0667046236864097,0.0,2.469927199763811,0.0,2.2320226616626075,1.8835285223312896,2.1850294835148882,1.801066539234912,0.0,2.70634276233741,2.0676836825922567,1.0193631470505238,1.09781295259494,1.651988905929633,1.7543668264184866,1.0976476901492767,0.9868118379710216},fitness=net.sf.jclec.fitness.SimpleValueFitness@5d3411d[value=322.99899266464394]]
Worst individual: net.sf.jclec.realarray.RealArrayIndividual@6f79caec[genotype={2.0561664989623667,3.5410854681686694,4.188716410747277,4.03102557975332,2.453225591291658,2.932280734357992,0.0,1.0262268615962589,4.768660414412985,0.682383832510659,3.1199679770776316,2.117404297292845,1.180388523895652,2.0667046236864097,0.0,2.469927199763811,0.0,2.2320226616626075,1.8835285223312896,2.1850294835148882,1.801066539234912,0.0,2.70634276233741,2.0676836825922567,1.0193631470505238,1.09781295259494,1.651988905929633,1.7543668264184866,1.0976476901492767,0.9868118379710216},fitness=net.sf.jclec.fitness.SimpleValueFitness@5d3411d[value=322.99899266464394]]
Median individual: net.sf.jclec.realarray.RealArrayIndividual@6f79caec[genotype={2.0561664989623667,3.5410854681686694,4.188716410747277,4.03102557975332,2.453225591291658,2.932280734357992,0.0,1.0262268615962589,4.768660414412985,0.682383832510659,3.1199679770776316,2.117404297292845,1.180388523895652,2.0667046236864097,0.0,2.469927199763811,0.0,2.2320226616626075,1.8835285223312896,2.1850294835148882,1.801066539234912,0.0,2.70634276233741,2.0676836825922567,1.0193631470505238,1.09781295259494,1.651988905929633,1.7543668264184866,1.0976476901492767,0.9868118379710216},fitness=net.sf.jclec.fitness.SimpleValueFitness@5d3411d[value=322.99899266464394]]
Average fitness = 322.99899266464394
Fitness variance = 0.0
Generation 130 Report
Best individual: net.sf.jclec.realarray.RealArrayIndividual@2471cca7[genotype={2.0561664989623667,3.5410854681686694,4.188716410747277,4.03102557975332,2.452877563451341,2.932280734357992,0.0,1.0262268615962589,4.768660414412985,0.682383832510659,3.1199679770776316,2.117404297292845,1.180388523895652,2.0667046236864097,0.0,2.469927199763811,0.0,2.2320226616626075,1.8835285223312896,2.1850294835148882,1.801066539234912,0.0,2.70634276233741,2.0676836825922567,1.0193631470505238,1.09781295259494,1.651988905929633,1.7543668264184866,1.0976476901492767,0.9868118379710216},fitness=net.sf.jclec.fitness.SimpleValueFitness@6979e8cb[value=322.9909278295174]]
Worst individual: net.sf.jclec.realarray.RealArrayIndividual@2471cca7[genotype={2.0561664989623667,3.5410854681686694,4.188716410747277,4.03102557975332,2.452877563451341,2.932280734357992,0.0,1.0262268615962589,4.768660414412985,0.682383832510659,3.1199679770776316,2.117404297292845,1.180388523895652,2.0667046236864097,0.0,2.469927199763811,0.0,2.2320226616626075,1.8835285223312896,2.1850294835148882,1.801066539234912,0.0,2.70634276233741,2.0676836825922567,1.0193631470505238,1.09781295259494,1.651988905929633,1.7543668264184866,1.0976476901492767,0.9868118379710216},fitness=net.sf.jclec.fitness.SimpleValueFitness@6979e8cb[value=322.9909278295174]]
Median individual: net.sf.jclec.realarray.RealArrayIndividual@2471cca7[genotype={2.0561664989623667,3.5410854681686694,4.188716410747277,4.03102557975332,2.452877563451341,2.932280734357992,0.0,1.0262268615962589,4.768660414412985,0.682383832510659,3.1199679770776316,2.117404297292845,1.180388523895652,2.0667046236864097,0.0,2.469927199763811,0.0,2.2320226616626075,1.8835285223312896,2.1850294835148882,1.801066539234912,0.0,2.70634276233741,2.0676836825922567,1.0193631470505238,1.09781295259494,1.651988905929633,1.7543668264184866,1.0976476901492767,0.9868118379710216},fitness=net.sf.jclec.fitness.SimpleValueFitness@6979e8cb[value=322.9909278295174]]
Average fitness = 322.9909278295174
Fitness variance = 0.0
Generation 140 Report
Best individual: net.sf.jclec.realarray.RealArrayIndividual@763d9750[genotype={2.0561664989623667,3.5410854681686694,4.188716410747277,4.03102557975332,2.452877563451341,2.932280734357992,0.0,1.0262268615962589,4.768660414412985,0.682383832510659,3.1199679770776316,2.117404297292845,1.180388523895652,2.0667046236864097,0.0,2.469927199763811,0.0,2.2320226616626075,1.8835285223312896,2.1850294835148882,1.801066539234912,0.0,2.70634276233741,2.0676836825922567,1.0193631470505238,1.09781295259494,1.651988905929633,1.7543668264184866,1.0976476901492767,0.9868118379710216},fitness=net.sf.jclec.fitness.SimpleValueFitness@2be94b0f[value=322.9909278295174]]
Worst individual: net.sf.jclec.realarray.RealArrayIndividual@763d9750[genotype={2.0561664989623667,3.5410854681686694,4.188716410747277,4.03102557975332,2.452877563451341,2.932280734357992,0.0,1.0262268615962589,4.768660414412985,0.682383832510659,3.1199679770776316,2.117404297292845,1.180388523895652,2.0667046236864097,0.0,2.469927199763811,0.0,2.2320226616626075,1.8835285223312896,2.1850294835148882,1.801066539234912,0.0,2.70634276233741,2.0676836825922567,1.0193631470505238,1.09781295259494,1.651988905929633,1.7543668264184866,1.0976476901492767,0.9868118379710216},fitness=net.sf.jclec.fitness.SimpleValueFitness@2be94b0f[value=322.9909278295174]]
Median individual: net.sf.jclec.realarray.RealArrayIndividual@763d9750[genotype={2.0561664989623667,3.5410854681686694,4.188716410747277,4.03102557975332,2.452877563451341,2.932280734357992,0.0,1.0262268615962589,4.768660414412985,0.682383832510659,3.1199679770776316,2.117404297292845,1.180388523895652,2.0667046236864097,0.0,2.469927199763811,0.0,2.2320226616626075,1.8835285223312896,2.1850294835148882,1.801066539234912,0.0,2.70634276233741,2.0676836825922567,1.0193631470505238,1.09781295259494,1.651988905929633,1.7543668264184866,1.0976476901492767,0.9868118379710216},fitness=net.sf.jclec.fitness.SimpleValueFitness@2be94b0f[value=322.9909278295174]]
Average fitness = 322.9909278295174
Fitness variance = 0.0
Generation 150 Report
Best individual: net.sf.jclec.realarray.RealArrayIndividual@d70c109[genotype={2.0561664989623667,3.5410854681686694,4.188716410747277,4.03102557975332,2.452877563451341,2.932280734357992,0.0,1.0262268615962589,4.768660414412985,0.682383832510659,3.1199679770776316,2.117404297292845,1.180388523895652,2.0667046236864097,0.0,2.469927199763811,0.0,2.2320226616626075,1.8835285223312896,2.1850294835148882,1.801066539234912,0.0,2.70634276233741,2.0676836825922567,1.0193631470505238,1.09781295259494,1.651988905929633,1.7543668264184866,1.0976476901492767,0.9868118379710216},fitness=net.sf.jclec.fitness.SimpleValueFitness@50675690[value=322.9909278295174]]
Worst individual: net.sf.jclec.realarray.RealArrayIndividual@d70c109[genotype={2.0561664989623667,3.5410854681686694,4.188716410747277,4.03102557975332,2.452877563451341,2.932280734357992,0.0,1.0262268615962589,4.768660414412985,0.682383832510659,3.1199679770776316,2.117404297292845,1.180388523895652,2.0667046236864097,0.0,2.469927199763811,0.0,2.2320226616626075,1.8835285223312896,2.1850294835148882,1.801066539234912,0.0,2.70634276233741,2.0676836825922567,1.0193631470505238,1.09781295259494,1.651988905929633,1.7543668264184866,1.0976476901492767,0.9868118379710216},fitness=net.sf.jclec.fitness.SimpleValueFitness@50675690[value=322.9909278295174]]
Median individual: net.sf.jclec.realarray.RealArrayIndividual@d70c109[genotype={2.0561664989623667,3.5410854681686694,4.188716410747277,4.03102557975332,2.452877563451341,2.932280734357992,0.0,1.0262268615962589,4.768660414412985,0.682383832510659,3.1199679770776316,2.117404297292845,1.180388523895652,2.0667046236864097,0.0,2.469927199763811,0.0,2.2320226616626075,1.8835285223312896,2.1850294835148882,1.801066539234912,0.0,2.70634276233741,2.0676836825922567,1.0193631470505238,1.09781295259494,1.651988905929633,1.7543668264184866,1.0976476901492767,0.9868118379710216},fitness=net.sf.jclec.fitness.SimpleValueFitness@50675690[value=322.9909278295174]]
Average fitness = 322.9909278295174
Fitness variance = 0.0
Generation 160 Report
Best individual: net.sf.jclec.realarray.RealArrayIndividual@31b7dea0[genotype={2.0561664989623667,3.5410854681686694,4.188716410747277,4.03102557975332,2.452877563451341,2.932280734357992,0.0,1.0262268615962589,4.768660414412985,0.682383832510659,3.1199679770776316,2.117404297292845,1.180388523895652,2.0667046236864097,0.0,2.469927199763811,0.0,2.2320226616626075,1.8835285223312896,2.1850294835148882,1.801066539234912,0.0,2.70634276233741,2.0676836825922567,1.0193631470505238,1.09781295259494,1.651988905929633,1.7543668264184866,1.0976476901492767,0.9868118379710216},fitness=net.sf.jclec.fitness.SimpleValueFitness@47d384ee[value=322.9909278295174]]
Worst individual: net.sf.jclec.realarray.RealArrayIndividual@31b7dea0[genotype={2.0561664989623667,3.5410854681686694,4.188716410747277,4.03102557975332,2.452877563451341,2.932280734357992,0.0,1.0262268615962589,4.768660414412985,0.682383832510659,3.1199679770776316,2.117404297292845,1.180388523895652,2.0667046236864097,0.0,2.469927199763811,0.0,2.2320226616626075,1.8835285223312896,2.1850294835148882,1.801066539234912,0.0,2.70634276233741,2.0676836825922567,1.0193631470505238,1.09781295259494,1.651988905929633,1.7543668264184866,1.0976476901492767,0.9868118379710216},fitness=net.sf.jclec.fitness.SimpleValueFitness@47d384ee[value=322.9909278295174]]
Median individual: net.sf.jclec.realarray.RealArrayIndividual@31b7dea0[genotype={2.0561664989623667,3.5410854681686694,4.188716410747277,4.03102557975332,2.452877563451341,2.932280734357992,0.0,1.0262268615962589,4.768660414412985,0.682383832510659,3.1199679770776316,2.117404297292845,1.180388523895652,2.0667046236864097,0.0,2.469927199763811,0.0,2.2320226616626075,1.8835285223312896,2.1850294835148882,1.801066539234912,0.0,2.70634276233741,2.0676836825922567,1.0193631470505238,1.09781295259494,1.651988905929633,1.7543668264184866,1.0976476901492767,0.9868118379710216},fitness=net.sf.jclec.fitness.SimpleValueFitness@47d384ee[value=322.9909278295174]]
Average fitness = 322.9909278295174
Fitness variance = 0.0
Generation 170 Report
Best individual: net.sf.jclec.realarray.RealArrayIndividual@2d6a9952[genotype={2.0561664989623667,3.5410854681686694,4.188716410747277,4.03102557975332,0.12941472744865834,2.932280734357992,0.0,1.0262268615962589,4.768660414412985,0.682383832510659,3.1199679770776316,2.117404297292845,1.180388523895652,2.0667046236864097,0.0,2.469927199763811,0.0,2.2320226616626075,1.8835285223312896,2.1850294835148882,1.7045879511101791,0.0,2.70634276233741,2.0676836825922567,1.0193631470505238,1.09781295259494,1.651988905929633,1.7543668264184866,1.0976476901492767,0.9868118379710216},fitness=net.sf.jclec.fitness.SimpleValueFitness@3930015a[value=306.18433304244724]]
Worst individual: net.sf.jclec.realarray.RealArrayIndividual@2d6a9952[genotype={2.0561664989623667,3.5410854681686694,4.188716410747277,4.03102557975332,0.12941472744865834,2.932280734357992,0.0,1.0262268615962589,4.768660414412985,0.682383832510659,3.1199679770776316,2.117404297292845,1.180388523895652,2.0667046236864097,0.0,2.469927199763811,0.0,2.2320226616626075,1.8835285223312896,2.1850294835148882,1.7045879511101791,0.0,2.70634276233741,2.0676836825922567,1.0193631470505238,1.09781295259494,1.651988905929633,1.7543668264184866,1.0976476901492767,0.9868118379710216},fitness=net.sf.jclec.fitness.SimpleValueFitness@3930015a[value=306.18433304244724]]
Median individual: net.sf.jclec.realarray.RealArrayIndividual@2d6a9952[genotype={2.0561664989623667,3.5410854681686694,4.188716410747277,4.03102557975332,0.12941472744865834,2.932280734357992,0.0,1.0262268615962589,4.768660414412985,0.682383832510659,3.1199679770776316,2.117404297292845,1.180388523895652,2.0667046236864097,0.0,2.469927199763811,0.0,2.2320226616626075,1.8835285223312896,2.1850294835148882,1.7045879511101791,0.0,2.70634276233741,2.0676836825922567,1.0193631470505238,1.09781295259494,1.651988905929633,1.7543668264184866,1.0976476901492767,0.9868118379710216},fitness=net.sf.jclec.fitness.SimpleValueFitness@3930015a[value=306.18433304244724]]
Average fitness = 306.18433304244724
Fitness variance = 0.0
Generation 180 Report
Best individual: net.sf.jclec.realarray.RealArrayIndividual@629f0666[genotype={2.0561664989623667,3.5410854681686694,4.188716410747277,4.03102557975332,0.12941472744865834,2.932280734357992,0.0,1.0262268615962589,4.943021204623138,0.682383832510659,0.0,2.117404297292845,1.180388523895652,2.0667046236864097,0.0,2.469927199763811,0.0,2.2320226616626075,1.8835285223312896,2.1850294835148882,1.7045879511101791,0.0,2.70634276233741,2.0676836825922567,1.0193631470505238,1.09781295259494,1.651988905929633,1.7543668264184866,1.0976476901492767,0.9868118379710216},fitness=net.sf.jclec.fitness.SimpleValueFitness@1ff8b8f[value=287.23835098844825]]
Worst individual: net.sf.jclec.realarray.RealArrayIndividual@629f0666[genotype={2.0561664989623667,3.5410854681686694,4.188716410747277,4.03102557975332,0.12941472744865834,2.932280734357992,0.0,1.0262268615962589,4.943021204623138,0.682383832510659,0.0,2.117404297292845,1.180388523895652,2.0667046236864097,0.0,2.469927199763811,0.0,2.2320226616626075,1.8835285223312896,2.1850294835148882,1.7045879511101791,0.0,2.70634276233741,2.0676836825922567,1.0193631470505238,1.09781295259494,1.651988905929633,1.7543668264184866,1.0976476901492767,0.9868118379710216},fitness=net.sf.jclec.fitness.SimpleValueFitness@1ff8b8f[value=287.23835098844825]]
Median individual: net.sf.jclec.realarray.RealArrayIndividual@629f0666[genotype={2.0561664989623667,3.5410854681686694,4.188716410747277,4.03102557975332,0.12941472744865834,2.932280734357992,0.0,1.0262268615962589,4.943021204623138,0.682383832510659,0.0,2.117404297292845,1.180388523895652,2.0667046236864097,0.0,2.469927199763811,0.0,2.2320226616626075,1.8835285223312896,2.1850294835148882,1.7045879511101791,0.0,2.70634276233741,2.0676836825922567,1.0193631470505238,1.09781295259494,1.651988905929633,1.7543668264184866,1.0976476901492767,0.9868118379710216},fitness=net.sf.jclec.fitness.SimpleValueFitness@1ff8b8f[value=287.23835098844825]]
Average fitness = 287.23835098844825
Fitness variance = 0.0
Generation 190 Report
Best individual: net.sf.jclec.realarray.RealArrayIndividual@387c703b[genotype={2.0561664989623667,3.5410854681686694,4.188716410747277,4.03102557975332,0.12941472744865834,2.932280734357992,0.0,1.0262268615962589,4.943021204623138,0.682383832510659,0.0,2.117404297292845,1.180388523895652,2.0667046236864097,0.0,0.0,0.0,2.2320226616626075,1.8835285223312896,2.1850294835148882,1.7045879511101791,0.0,2.792190717685348,2.0676836825922567,1.0193631470505238,1.09781295259494,1.651988905929633,1.7543668264184866,1.0976476901492767,0.9868118379710216},fitness=net.sf.jclec.fitness.SimpleValueFitness@c39f790[value=256.4590581765433]]
Worst individual: net.sf.jclec.realarray.RealArrayIndividual@387c703b[genotype={2.0561664989623667,3.5410854681686694,4.188716410747277,4.03102557975332,0.12941472744865834,2.932280734357992,0.0,1.0262268615962589,4.943021204623138,0.682383832510659,0.0,2.117404297292845,1.180388523895652,2.0667046236864097,0.0,0.0,0.0,2.2320226616626075,1.8835285223312896,2.1850294835148882,1.7045879511101791,0.0,2.792190717685348,2.0676836825922567,1.0193631470505238,1.09781295259494,1.651988905929633,1.7543668264184866,1.0976476901492767,0.9868118379710216},fitness=net.sf.jclec.fitness.SimpleValueFitness@c39f790[value=256.4590581765433]]
Median individual: net.sf.jclec.realarray.RealArrayIndividual@387c703b[genotype={2.0561664989623667,3.5410854681686694,4.188716410747277,4.03102557975332,0.12941472744865834,2.932280734357992,0.0,1.0262268615962589,4.943021204623138,0.682383832510659,0.0,2.117404297292845,1.180388523895652,2.0667046236864097,0.0,0.0,0.0,2.2320226616626075,1.8835285223312896,2.1850294835148882,1.7045879511101791,0.0,2.792190717685348,2.0676836825922567,1.0193631470505238,1.09781295259494,1.651988905929633,1.7543668264184866,1.0976476901492767,0.9868118379710216},fitness=net.sf.jclec.fitness.SimpleValueFitness@c39f790[value=256.4590581765433]]
Average fitness = 256.4590581765433
Fitness variance = 0.0
Generation 200 Report
Best individual: net.sf.jclec.realarray.RealArrayIndividual@71e7a66b[genotype={2.0561664989623667,3.5410854681686694,4.14465184750389,4.03102557975332,0.12941472744865834,2.932280734357992,0.0,1.9562087751515596,4.943021204623138,0.682383832510659,0.0,2.117404297292845,1.180388523895652,2.0667046236864097,0.0,0.0,0.0,2.2320226616626075,0.0,2.1850294835148882,1.7045879511101791,0.0,2.792190717685348,2.0676836825922567,1.0193631470505238,1.09781295259494,1.651988905929633,1.7543668264184866,1.155427364718767,0.9868118379710216},fitness=net.sf.jclec.fitness.SimpleValueFitness@5f150435[value=253.3156208678595]]
Worst individual: net.sf.jclec.realarray.RealArrayIndividual@71e7a66b[genotype={2.0561664989623667,3.5410854681686694,4.14465184750389,4.03102557975332,0.12941472744865834,2.932280734357992,0.0,1.9562087751515596,4.943021204623138,0.682383832510659,0.0,2.117404297292845,1.180388523895652,2.0667046236864097,0.0,0.0,0.0,2.2320226616626075,0.0,2.1850294835148882,1.7045879511101791,0.0,2.792190717685348,2.0676836825922567,1.0193631470505238,1.09781295259494,1.651988905929633,1.7543668264184866,1.155427364718767,0.9868118379710216},fitness=net.sf.jclec.fitness.SimpleValueFitness@5f150435[value=253.3156208678595]]
Median individual: net.sf.jclec.realarray.RealArrayIndividual@71e7a66b[genotype={2.0561664989623667,3.5410854681686694,4.14465184750389,4.03102557975332,0.12941472744865834,2.932280734357992,0.0,1.9562087751515596,4.943021204623138,0.682383832510659,0.0,2.117404297292845,1.180388523895652,2.0667046236864097,0.0,0.0,0.0,2.2320226616626075,0.0,2.1850294835148882,1.7045879511101791,0.0,2.792190717685348,2.0676836825922567,1.0193631470505238,1.09781295259494,1.651988905929633,1.7543668264184866,1.155427364718767,0.9868118379710216},fitness=net.sf.jclec.fitness.SimpleValueFitness@5f150435[value=253.3156208678595]]
Average fitness = 253.3156208678595
Fitness variance = 0.0
Generation 210 Report
Best individual: net.sf.jclec.realarray.RealArrayIndividual@1c53fd30[genotype={2.0561664989623667,3.5410854681686694,4.14465184750389,4.03102557975332,0.12941472744865834,2.932280734357992,0.0,1.9562087751515596,5.12,0.682383832510659,0.0,2.117404297292845,1.180388523895652,2.0667046236864097,0.0,0.0,0.0,2.2320226616626075,0.0,0.0,1.7045879511101791,0.0,2.792190717685348,2.0676836825922567,1.0193631470505238,1.09781295259494,0.0,1.7543668264184866,1.155427364718767,0.9868118379710216},fitness=net.sf.jclec.fitness.SimpleValueFitness@75412c2f[value=227.86290322117796]]
Worst individual: net.sf.jclec.realarray.RealArrayIndividual@1c53fd30[genotype={2.0561664989623667,3.5410854681686694,4.14465184750389,4.03102557975332,0.12941472744865834,2.932280734357992,0.0,1.9562087751515596,5.12,0.682383832510659,0.0,2.117404297292845,1.180388523895652,2.0667046236864097,0.0,0.0,0.0,2.2320226616626075,0.0,0.0,1.7045879511101791,0.0,2.792190717685348,2.0676836825922567,1.0193631470505238,1.09781295259494,0.0,1.7543668264184866,1.155427364718767,0.9868118379710216},fitness=net.sf.jclec.fitness.SimpleValueFitness@75412c2f[value=227.86290322117796]]
Median individual: net.sf.jclec.realarray.RealArrayIndividual@1c53fd30[genotype={2.0561664989623667,3.5410854681686694,4.14465184750389,4.03102557975332,0.12941472744865834,2.932280734357992,0.0,1.9562087751515596,5.12,0.682383832510659,0.0,2.117404297292845,1.180388523895652,2.0667046236864097,0.0,0.0,0.0,2.2320226616626075,0.0,0.0,1.7045879511101791,0.0,2.792190717685348,2.0676836825922567,1.0193631470505238,1.09781295259494,0.0,1.7543668264184866,1.155427364718767,0.9868118379710216},fitness=net.sf.jclec.fitness.SimpleValueFitness@75412c2f[value=227.86290322117796]]
Average fitness = 227.86290322117796
Fitness variance = 0.0
Generation 220 Report
Best individual: net.sf.jclec.realarray.RealArrayIndividual@282ba1e[genotype={2.0561664989623667,3.5410854681686694,4.14465184750389,4.03102557975332,0.12941472744865834,2.932280734357992,0.0,1.9562087751515596,5.12,0.682383832510659,0.0,2.117404297292845,1.180388523895652,2.0667046236864097,0.0,0.0,0.0,2.2320226616626075,0.0,0.0,1.7045879511101791,0.0,2.792190717685348,2.0676836825922567,1.0193631470505238,1.09781295259494,0.0,1.7543668264184866,1.155427364718767,0.9868118379710216},fitness=net.sf.jclec.fitness.SimpleValueFitness@f5f2bb7[value=227.86290322117796]]
Worst individual: net.sf.jclec.realarray.RealArrayIndividual@282ba1e[genotype={2.0561664989623667,3.5410854681686694,4.14465184750389,4.03102557975332,0.12941472744865834,2.932280734357992,0.0,1.9562087751515596,5.12,0.682383832510659,0.0,2.117404297292845,1.180388523895652,2.0667046236864097,0.0,0.0,0.0,2.2320226616626075,0.0,0.0,1.7045879511101791,0.0,2.792190717685348,2.0676836825922567,1.0193631470505238,1.09781295259494,0.0,1.7543668264184866,1.155427364718767,0.9868118379710216},fitness=net.sf.jclec.fitness.SimpleValueFitness@f5f2bb7[value=227.86290322117796]]
Median individual: net.sf.jclec.realarray.RealArrayIndividual@282ba1e[genotype={2.0561664989623667,3.5410854681686694,4.14465184750389,4.03102557975332,0.12941472744865834,2.932280734357992,0.0,1.9562087751515596,5.12,0.682383832510659,0.0,2.117404297292845,1.180388523895652,2.0667046236864097,0.0,0.0,0.0,2.2320226616626075,0.0,0.0,1.7045879511101791,0.0,2.792190717685348,2.0676836825922567,1.0193631470505238,1.09781295259494,0.0,1.7543668264184866,1.155427364718767,0.9868118379710216},fitness=net.sf.jclec.fitness.SimpleValueFitness@f5f2bb7[value=227.86290322117796]]
Average fitness = 227.86290322117796
Fitness variance = 0.0
Generation 230 Report
Best individual: net.sf.jclec.realarray.RealArrayIndividual@73035e27[genotype={2.0561664989623667,3.5410854681686694,4.14465184750389,4.03102557975332,0.12941472744865834,2.932280734357992,0.0,1.9562087751515596,5.12,0.682383832510659,0.0,2.117404297292845,1.180388523895652,2.0667046236864097,0.0,0.0,0.0,2.2320226616626075,0.0,0.0,1.7045879511101791,0.0,2.792190717685348,2.0676836825922567,1.0193631470505238,1.09781295259494,0.0,1.7543668264184866,1.155427364718767,0.9868118379710216},fitness=net.sf.jclec.fitness.SimpleValueFitness@3ecf72fd[value=227.86290322117796]]
Worst individual: net.sf.jclec.realarray.RealArrayIndividual@73035e27[genotype={2.0561664989623667,3.5410854681686694,4.14465184750389,4.03102557975332,0.12941472744865834,2.932280734357992,0.0,1.9562087751515596,5.12,0.682383832510659,0.0,2.117404297292845,1.180388523895652,2.0667046236864097,0.0,0.0,0.0,2.2320226616626075,0.0,0.0,1.7045879511101791,0.0,2.792190717685348,2.0676836825922567,1.0193631470505238,1.09781295259494,0.0,1.7543668264184866,1.155427364718767,0.9868118379710216},fitness=net.sf.jclec.fitness.SimpleValueFitness@3ecf72fd[value=227.86290322117796]]
Median individual: net.sf.jclec.realarray.RealArrayIndividual@73035e27[genotype={2.0561664989623667,3.5410854681686694,4.14465184750389,4.03102557975332,0.12941472744865834,2.932280734357992,0.0,1.9562087751515596,5.12,0.682383832510659,0.0,2.117404297292845,1.180388523895652,2.0667046236864097,0.0,0.0,0.0,2.2320226616626075,0.0,0.0,1.7045879511101791,0.0,2.792190717685348,2.0676836825922567,1.0193631470505238,1.09781295259494,0.0,1.7543668264184866,1.155427364718767,0.9868118379710216},fitness=net.sf.jclec.fitness.SimpleValueFitness@3ecf72fd[value=227.86290322117796]]
Average fitness = 227.86290322117796
Fitness variance = 0.0
Generation 240 Report
Best individual: net.sf.jclec.realarray.RealArrayIndividual@483bf400[genotype={2.0561664989623667,3.5410854681686694,4.14465184750389,4.03102557975332,0.12941472744865834,2.932280734357992,0.0,1.9562087751515596,5.12,0.682383832510659,0.0,2.117404297292845,1.180388523895652,2.0667046236864097,0.0,0.0,0.0,2.2320226616626075,0.0,0.0,1.7045879511101791,0.0,2.792190717685348,2.0676836825922567,1.0193631470505238,1.09781295259494,0.0,1.7543668264184866,1.155427364718767,0.9868118379710216},fitness=net.sf.jclec.fitness.SimpleValueFitness@77f03bb1[value=227.86290322117796]]
Worst individual: net.sf.jclec.realarray.RealArrayIndividual@483bf400[genotype={2.0561664989623667,3.5410854681686694,4.14465184750389,4.03102557975332,0.12941472744865834,2.932280734357992,0.0,1.9562087751515596,5.12,0.682383832510659,0.0,2.117404297292845,1.180388523895652,2.0667046236864097,0.0,0.0,0.0,2.2320226616626075,0.0,0.0,1.7045879511101791,0.0,2.792190717685348,2.0676836825922567,1.0193631470505238,1.09781295259494,0.0,1.7543668264184866,1.155427364718767,0.9868118379710216},fitness=net.sf.jclec.fitness.SimpleValueFitness@77f03bb1[value=227.86290322117796]]
Median individual: net.sf.jclec.realarray.RealArrayIndividual@483bf400[genotype={2.0561664989623667,3.5410854681686694,4.14465184750389,4.03102557975332,0.12941472744865834,2.932280734357992,0.0,1.9562087751515596,5.12,0.682383832510659,0.0,2.117404297292845,1.180388523895652,2.0667046236864097,0.0,0.0,0.0,2.2320226616626075,0.0,0.0,1.7045879511101791,0.0,2.792190717685348,2.0676836825922567,1.0193631470505238,1.09781295259494,0.0,1.7543668264184866,1.155427364718767,0.9868118379710216},fitness=net.sf.jclec.fitness.SimpleValueFitness@77f03bb1[value=227.86290322117796]]
Average fitness = 227.86290322117796
Fitness variance = 0.0
Generation 250 Report
Best individual: net.sf.jclec.realarray.RealArrayIndividual@326de728[genotype={2.0561664989623667,3.5410854681686694,4.14465184750389,4.03102557975332,0.12941472744865834,2.932280734357992,0.0,1.9562087751515596,5.12,0.682383832510659,0.0,2.117404297292845,1.180388523895652,2.0667046236864097,0.0,0.0,0.0,2.2320226616626075,0.0,0.0,1.7045879511101791,0.0,2.792190717685348,2.0676836825922567,1.0193631470505238,1.09781295259494,0.0,1.7543668264184866,1.155427364718767,0.9868118379710216},fitness=net.sf.jclec.fitness.SimpleValueFitness@7a92922[value=227.86290322117796]]
Worst individual: net.sf.jclec.realarray.RealArrayIndividual@326de728[genotype={2.0561664989623667,3.5410854681686694,4.14465184750389,4.03102557975332,0.12941472744865834,2.932280734357992,0.0,1.9562087751515596,5.12,0.682383832510659,0.0,2.117404297292845,1.180388523895652,2.0667046236864097,0.0,0.0,0.0,2.2320226616626075,0.0,0.0,1.7045879511101791,0.0,2.792190717685348,2.0676836825922567,1.0193631470505238,1.09781295259494,0.0,1.7543668264184866,1.155427364718767,0.9868118379710216},fitness=net.sf.jclec.fitness.SimpleValueFitness@7a92922[value=227.86290322117796]]
Median individual: net.sf.jclec.realarray.RealArrayIndividual@326de728[genotype={2.0561664989623667,3.5410854681686694,4.14465184750389,4.03102557975332,0.12941472744865834,2.932280734357992,0.0,1.9562087751515596,5.12,0.682383832510659,0.0,2.117404297292845,1.180388523895652,2.0667046236864097,0.0,0.0,0.0,2.2320226616626075,0.0,0.0,1.7045879511101791,0.0,2.792190717685348,2.0676836825922567,1.0193631470505238,1.09781295259494,0.0,1.7543668264184866,1.155427364718767,0.9868118379710216},fitness=net.sf.jclec.fitness.SimpleValueFitness@7a92922[value=227.86290322117796]]
Average fitness = 227.86290322117796
Fitness variance = 0.0
Generation 260 Report
Best individual: net.sf.jclec.realarray.RealArrayIndividual@71f2a7d5[genotype={2.0561664989623667,3.5410854681686694,4.14465184750389,4.03102557975332,0.12941472744865834,0.0,0.0,0.246384492246416,5.12,0.682383832510659,0.0,2.117404297292845,1.180388523895652,0.0,0.0,0.0,0.0,2.2320226616626075,0.0,0.0,1.7045879511101791,0.0,2.792190717685348,2.0676836825922567,0.0,1.09781295259494,0.0,1.7543668264184866,1.155427364718767,0.9868118379710216},fitness=net.sf.jclec.fitness.SimpleValueFitness@5474c6c[value=217.75383743370045]]
Worst individual: net.sf.jclec.realarray.RealArrayIndividual@71f2a7d5[genotype={2.0561664989623667,3.5410854681686694,4.14465184750389,4.03102557975332,0.12941472744865834,0.0,0.0,0.246384492246416,5.12,0.682383832510659,0.0,2.117404297292845,1.180388523895652,0.0,0.0,0.0,0.0,2.2320226616626075,0.0,0.0,1.7045879511101791,0.0,2.792190717685348,2.0676836825922567,0.0,1.09781295259494,0.0,1.7543668264184866,1.155427364718767,0.9868118379710216},fitness=net.sf.jclec.fitness.SimpleValueFitness@5474c6c[value=217.75383743370045]]
Median individual: net.sf.jclec.realarray.RealArrayIndividual@71f2a7d5[genotype={2.0561664989623667,3.5410854681686694,4.14465184750389,4.03102557975332,0.12941472744865834,0.0,0.0,0.246384492246416,5.12,0.682383832510659,0.0,2.117404297292845,1.180388523895652,0.0,0.0,0.0,0.0,2.2320226616626075,0.0,0.0,1.7045879511101791,0.0,2.792190717685348,2.0676836825922567,0.0,1.09781295259494,0.0,1.7543668264184866,1.155427364718767,0.9868118379710216},fitness=net.sf.jclec.fitness.SimpleValueFitness@5474c6c[value=217.75383743370045]]
Average fitness = 217.75383743370045
Fitness variance = 0.0
Generation 270 Report
Best individual: net.sf.jclec.realarray.RealArrayIndividual@4b6995df[genotype={2.0561664989623667,3.5410854681686694,4.14465184750389,4.03102557975332,0.12941472744865834,0.0,0.0,0.246384492246416,5.12,0.682383832510659,0.0,2.117404297292845,1.180388523895652,0.0,0.0,0.0,0.0,2.2320226616626075,0.0,0.0,1.7045879511101791,0.0,2.792190717685348,2.0676836825922567,0.0,1.09781295259494,0.0,1.7543668264184866,1.155427364718767,0.9868118379710216},fitness=net.sf.jclec.fitness.SimpleValueFitness@591f989e[value=217.75383743370045]]
Worst individual: net.sf.jclec.realarray.RealArrayIndividual@4b6995df[genotype={2.0561664989623667,3.5410854681686694,4.14465184750389,4.03102557975332,0.12941472744865834,0.0,0.0,0.246384492246416,5.12,0.682383832510659,0.0,2.117404297292845,1.180388523895652,0.0,0.0,0.0,0.0,2.2320226616626075,0.0,0.0,1.7045879511101791,0.0,2.792190717685348,2.0676836825922567,0.0,1.09781295259494,0.0,1.7543668264184866,1.155427364718767,0.9868118379710216},fitness=net.sf.jclec.fitness.SimpleValueFitness@591f989e[value=217.75383743370045]]
Median individual: net.sf.jclec.realarray.RealArrayIndividual@4b6995df[genotype={2.0561664989623667,3.5410854681686694,4.14465184750389,4.03102557975332,0.12941472744865834,0.0,0.0,0.246384492246416,5.12,0.682383832510659,0.0,2.117404297292845,1.180388523895652,0.0,0.0,0.0,0.0,2.2320226616626075,0.0,0.0,1.7045879511101791,0.0,2.792190717685348,2.0676836825922567,0.0,1.09781295259494,0.0,1.7543668264184866,1.155427364718767,0.9868118379710216},fitness=net.sf.jclec.fitness.SimpleValueFitness@591f989e[value=217.75383743370045]]
Average fitness = 217.75383743370045
Fitness variance = 0.0
Generation 280 Report
Best individual: net.sf.jclec.realarray.RealArrayIndividual@66048bfd[genotype={2.0561664989623667,3.5410854681686694,4.14465184750389,4.03102557975332,0.12941472744865834,0.0,0.0,0.246384492246416,5.12,0.682383832510659,0.0,2.117404297292845,1.180388523895652,0.0,0.0,0.0,0.0,2.2320226616626075,0.0,0.0,1.7045879511101791,0.0,2.792190717685348,2.0676836825922567,0.0,1.09781295259494,0.0,1.7543668264184866,1.155427364718767,0.9868118379710216},fitness=net.sf.jclec.fitness.SimpleValueFitness@445b84c0[value=217.75383743370045]]
Worst individual: net.sf.jclec.realarray.RealArrayIndividual@66048bfd[genotype={2.0561664989623667,3.5410854681686694,4.14465184750389,4.03102557975332,0.12941472744865834,0.0,0.0,0.246384492246416,5.12,0.682383832510659,0.0,2.117404297292845,1.180388523895652,0.0,0.0,0.0,0.0,2.2320226616626075,0.0,0.0,1.7045879511101791,0.0,2.792190717685348,2.0676836825922567,0.0,1.09781295259494,0.0,1.7543668264184866,1.155427364718767,0.9868118379710216},fitness=net.sf.jclec.fitness.SimpleValueFitness@445b84c0[value=217.75383743370045]]
Median individual: net.sf.jclec.realarray.RealArrayIndividual@66048bfd[genotype={2.0561664989623667,3.5410854681686694,4.14465184750389,4.03102557975332,0.12941472744865834,0.0,0.0,0.246384492246416,5.12,0.682383832510659,0.0,2.117404297292845,1.180388523895652,0.0,0.0,0.0,0.0,2.2320226616626075,0.0,0.0,1.7045879511101791,0.0,2.792190717685348,2.0676836825922567,0.0,1.09781295259494,0.0,1.7543668264184866,1.155427364718767,0.9868118379710216},fitness=net.sf.jclec.fitness.SimpleValueFitness@445b84c0[value=217.75383743370045]]
Average fitness = 217.75383743370045
Fitness variance = 0.0
Generation 290 Report
Best individual: net.sf.jclec.realarray.RealArrayIndividual@61a52fbd[genotype={2.0561664989623667,3.5410854681686694,4.14465184750389,4.03102557975332,0.12941472744865834,0.0,0.0,0.246384492246416,5.12,0.682383832510659,0.0,2.117404297292845,1.180388523895652,0.0,0.0,0.0,0.0,0.0,0.0,0.0,1.7045879511101791,0.0,0.0,2.0676836825922567,0.0,1.09781295259494,0.0,1.7543668264184866,1.155427364718767,0.9868118379710216},fitness=net.sf.jclec.fitness.SimpleValueFitness@63d4e2ba[value=188.7227138233971]]
Worst individual: net.sf.jclec.realarray.RealArrayIndividual@61a52fbd[genotype={2.0561664989623667,3.5410854681686694,4.14465184750389,4.03102557975332,0.12941472744865834,0.0,0.0,0.246384492246416,5.12,0.682383832510659,0.0,2.117404297292845,1.180388523895652,0.0,0.0,0.0,0.0,0.0,0.0,0.0,1.7045879511101791,0.0,0.0,2.0676836825922567,0.0,1.09781295259494,0.0,1.7543668264184866,1.155427364718767,0.9868118379710216},fitness=net.sf.jclec.fitness.SimpleValueFitness@63d4e2ba[value=188.7227138233971]]
Median individual: net.sf.jclec.realarray.RealArrayIndividual@61a52fbd[genotype={2.0561664989623667,3.5410854681686694,4.14465184750389,4.03102557975332,0.12941472744865834,0.0,0.0,0.246384492246416,5.12,0.682383832510659,0.0,2.117404297292845,1.180388523895652,0.0,0.0,0.0,0.0,0.0,0.0,0.0,1.7045879511101791,0.0,0.0,2.0676836825922567,0.0,1.09781295259494,0.0,1.7543668264184866,1.155427364718767,0.9868118379710216},fitness=net.sf.jclec.fitness.SimpleValueFitness@63d4e2ba[value=188.7227138233971]]
Average fitness = 188.7227138233971
Fitness variance = 0.0
Generation 300 Report
Best individual: net.sf.jclec.realarray.RealArrayIndividual@7bb11784[genotype={2.0561664989623667,3.5410854681686694,4.14465184750389,4.03102557975332,0.12941472744865834,0.0,0.0,0.246384492246416,5.12,0.682383832510659,0.0,2.117404297292845,1.180388523895652,0.0,0.0,0.0,0.0,0.0,0.0,0.0,1.7045879511101791,0.0,0.0,2.0676836825922567,0.0,1.09781295259494,0.0,1.7543668264184866,1.155427364718767,0.9868118379710216},fitness=net.sf.jclec.fitness.SimpleValueFitness@7006c658[value=188.7227138233971]]
Worst individual: net.sf.jclec.realarray.RealArrayIndividual@7bb11784[genotype={2.0561664989623667,3.5410854681686694,4.14465184750389,4.03102557975332,0.12941472744865834,0.0,0.0,0.246384492246416,5.12,0.682383832510659,0.0,2.117404297292845,1.180388523895652,0.0,0.0,0.0,0.0,0.0,0.0,0.0,1.7045879511101791,0.0,0.0,2.0676836825922567,0.0,1.09781295259494,0.0,1.7543668264184866,1.155427364718767,0.9868118379710216},fitness=net.sf.jclec.fitness.SimpleValueFitness@7006c658[value=188.7227138233971]]
Median individual: net.sf.jclec.realarray.RealArrayIndividual@7bb11784[genotype={2.0561664989623667,3.5410854681686694,4.14465184750389,4.03102557975332,0.12941472744865834,0.0,0.0,0.246384492246416,5.12,0.682383832510659,0.0,2.117404297292845,1.180388523895652,0.0,0.0,0.0,0.0,0.0,0.0,0.0,1.7045879511101791,0.0,0.0,2.0676836825922567,0.0,1.09781295259494,0.0,1.7543668264184866,1.155427364718767,0.9868118379710216},fitness=net.sf.jclec.fitness.SimpleValueFitness@7006c658[value=188.7227138233971]]
Average fitness = 188.7227138233971
Fitness variance = 0.0
Generation 310 Report
Best individual: net.sf.jclec.realarray.RealArrayIndividual@34033bd0[genotype={2.0561664989623667,3.5410854681686694,4.14465184750389,4.03102557975332,0.12941472744865834,0.0,0.0,0.246384492246416,5.12,0.682383832510659,0.0,2.117404297292845,1.180388523895652,0.0,0.0,0.0,0.0,0.0,0.0,0.0,1.7045879511101791,0.0,0.0,2.0676836825922567,0.0,1.09781295259494,0.0,1.7543668264184866,1.155427364718767,0.9868118379710216},fitness=net.sf.jclec.fitness.SimpleValueFitness@7cdbc5d3[value=188.7227138233971]]
Worst individual: net.sf.jclec.realarray.RealArrayIndividual@34033bd0[genotype={2.0561664989623667,3.5410854681686694,4.14465184750389,4.03102557975332,0.12941472744865834,0.0,0.0,0.246384492246416,5.12,0.682383832510659,0.0,2.117404297292845,1.180388523895652,0.0,0.0,0.0,0.0,0.0,0.0,0.0,1.7045879511101791,0.0,0.0,2.0676836825922567,0.0,1.09781295259494,0.0,1.7543668264184866,1.155427364718767,0.9868118379710216},fitness=net.sf.jclec.fitness.SimpleValueFitness@7cdbc5d3[value=188.7227138233971]]
Median individual: net.sf.jclec.realarray.RealArrayIndividual@34033bd0[genotype={2.0561664989623667,3.5410854681686694,4.14465184750389,4.03102557975332,0.12941472744865834,0.0,0.0,0.246384492246416,5.12,0.682383832510659,0.0,2.117404297292845,1.180388523895652,0.0,0.0,0.0,0.0,0.0,0.0,0.0,1.7045879511101791,0.0,0.0,2.0676836825922567,0.0,1.09781295259494,0.0,1.7543668264184866,1.155427364718767,0.9868118379710216},fitness=net.sf.jclec.fitness.SimpleValueFitness@7cdbc5d3[value=188.7227138233971]]
Average fitness = 188.7227138233971
Fitness variance = 0.0
Generation 320 Report
Best individual: net.sf.jclec.realarray.RealArrayIndividual@3aa9e816[genotype={2.0561664989623667,3.5410854681686694,4.14465184750389,4.03102557975332,0.12941472744865834,0.0,0.0,0.246384492246416,5.12,0.682383832510659,0.0,2.117404297292845,1.180388523895652,0.0,0.0,0.0,0.0,0.0,0.0,0.0,1.7045879511101791,0.0,0.0,2.0676836825922567,0.0,1.09781295259494,0.0,1.7543668264184866,1.155427364718767,0.9868118379710216},fitness=net.sf.jclec.fitness.SimpleValueFitness@3834d63f[value=188.7227138233971]]
Worst individual: net.sf.jclec.realarray.RealArrayIndividual@3aa9e816[genotype={2.0561664989623667,3.5410854681686694,4.14465184750389,4.03102557975332,0.12941472744865834,0.0,0.0,0.246384492246416,5.12,0.682383832510659,0.0,2.117404297292845,1.180388523895652,0.0,0.0,0.0,0.0,0.0,0.0,0.0,1.7045879511101791,0.0,0.0,2.0676836825922567,0.0,1.09781295259494,0.0,1.7543668264184866,1.155427364718767,0.9868118379710216},fitness=net.sf.jclec.fitness.SimpleValueFitness@3834d63f[value=188.7227138233971]]
Median individual: net.sf.jclec.realarray.RealArrayIndividual@3aa9e816[genotype={2.0561664989623667,3.5410854681686694,4.14465184750389,4.03102557975332,0.12941472744865834,0.0,0.0,0.246384492246416,5.12,0.682383832510659,0.0,2.117404297292845,1.180388523895652,0.0,0.0,0.0,0.0,0.0,0.0,0.0,1.7045879511101791,0.0,0.0,2.0676836825922567,0.0,1.09781295259494,0.0,1.7543668264184866,1.155427364718767,0.9868118379710216},fitness=net.sf.jclec.fitness.SimpleValueFitness@3834d63f[value=188.7227138233971]]
Average fitness = 188.7227138233971
Fitness variance = 0.0
Generation 330 Report
Best individual: net.sf.jclec.realarray.RealArrayIndividual@1ae369b7[genotype={2.0561664989623667,3.5410854681686694,4.14465184750389,4.03102557975332,0.12941472744865834,0.0,0.0,0.246384492246416,5.12,0.682383832510659,0.0,2.117404297292845,1.180388523895652,0.0,0.0,0.0,0.0,0.0,0.0,0.0,1.7045879511101791,0.0,0.0,2.0676836825922567,0.0,1.09781295259494,0.0,1.7543668264184866,1.155427364718767,0.9868118379710216},fitness=net.sf.jclec.fitness.SimpleValueFitness@34340fab[value=188.7227138233971]]
Worst individual: net.sf.jclec.realarray.RealArrayIndividual@1ae369b7[genotype={2.0561664989623667,3.5410854681686694,4.14465184750389,4.03102557975332,0.12941472744865834,0.0,0.0,0.246384492246416,5.12,0.682383832510659,0.0,2.117404297292845,1.180388523895652,0.0,0.0,0.0,0.0,0.0,0.0,0.0,1.7045879511101791,0.0,0.0,2.0676836825922567,0.0,1.09781295259494,0.0,1.7543668264184866,1.155427364718767,0.9868118379710216},fitness=net.sf.jclec.fitness.SimpleValueFitness@34340fab[value=188.7227138233971]]
Median individual: net.sf.jclec.realarray.RealArrayIndividual@1ae369b7[genotype={2.0561664989623667,3.5410854681686694,4.14465184750389,4.03102557975332,0.12941472744865834,0.0,0.0,0.246384492246416,5.12,0.682383832510659,0.0,2.117404297292845,1.180388523895652,0.0,0.0,0.0,0.0,0.0,0.0,0.0,1.7045879511101791,0.0,0.0,2.0676836825922567,0.0,1.09781295259494,0.0,1.7543668264184866,1.155427364718767,0.9868118379710216},fitness=net.sf.jclec.fitness.SimpleValueFitness@34340fab[value=188.7227138233971]]
Average fitness = 188.7227138233971
Fitness variance = 0.0
Generation 340 Report
Best individual: net.sf.jclec.realarray.RealArrayIndividual@2aafb23c[genotype={2.0561664989623667,5.12,4.14465184750389,4.03102557975332,0.12941472744865834,0.0,0.0,0.246384492246416,5.12,0.682383832510659,0.0,2.117404297292845,1.180388523895652,0.0,0.0,0.0,0.0,0.0,0.0,0.0,1.7045879511101791,0.0,0.0,2.0676836825922567,0.0,1.09781295259494,0.0,1.7543668264184866,1.155427364718767,0.9868118379710216},fitness=net.sf.jclec.fitness.SimpleValueFitness@3ab39c39[value=185.4394959231876]]
Worst individual: net.sf.jclec.realarray.RealArrayIndividual@2aafb23c[genotype={2.0561664989623667,5.12,4.14465184750389,4.03102557975332,0.12941472744865834,0.0,0.0,0.246384492246416,5.12,0.682383832510659,0.0,2.117404297292845,1.180388523895652,0.0,0.0,0.0,0.0,0.0,0.0,0.0,1.7045879511101791,0.0,0.0,2.0676836825922567,0.0,1.09781295259494,0.0,1.7543668264184866,1.155427364718767,0.9868118379710216},fitness=net.sf.jclec.fitness.SimpleValueFitness@3ab39c39[value=185.4394959231876]]
Median individual: net.sf.jclec.realarray.RealArrayIndividual@2aafb23c[genotype={2.0561664989623667,5.12,4.14465184750389,4.03102557975332,0.12941472744865834,0.0,0.0,0.246384492246416,5.12,0.682383832510659,0.0,2.117404297292845,1.180388523895652,0.0,0.0,0.0,0.0,0.0,0.0,0.0,1.7045879511101791,0.0,0.0,2.0676836825922567,0.0,1.09781295259494,0.0,1.7543668264184866,1.155427364718767,0.9868118379710216},fitness=net.sf.jclec.fitness.SimpleValueFitness@3ab39c39[value=185.4394959231876]]
Average fitness = 185.4394959231876
Fitness variance = 0.0
Generation 350 Report
Best individual: net.sf.jclec.realarray.RealArrayIndividual@2eee9593[genotype={2.0561664989623667,5.12,4.14465184750389,4.03102557975332,0.12941472744865834,0.0,0.0,0.246384492246416,5.12,0.682383832510659,0.0,2.117404297292845,1.180388523895652,0.0,0.0,0.0,0.0,0.0,0.0,0.0,1.7045879511101791,0.0,0.0,2.0676836825922567,0.0,1.09781295259494,0.0,1.7543668264184866,1.155427364718767,0.9868118379710216},fitness=net.sf.jclec.fitness.SimpleValueFitness@546a03af[value=185.4394959231876]]
Worst individual: net.sf.jclec.realarray.RealArrayIndividual@2eee9593[genotype={2.0561664989623667,5.12,4.14465184750389,4.03102557975332,0.12941472744865834,0.0,0.0,0.246384492246416,5.12,0.682383832510659,0.0,2.117404297292845,1.180388523895652,0.0,0.0,0.0,0.0,0.0,0.0,0.0,1.7045879511101791,0.0,0.0,2.0676836825922567,0.0,1.09781295259494,0.0,1.7543668264184866,1.155427364718767,0.9868118379710216},fitness=net.sf.jclec.fitness.SimpleValueFitness@546a03af[value=185.4394959231876]]
Median individual: net.sf.jclec.realarray.RealArrayIndividual@2eee9593[genotype={2.0561664989623667,5.12,4.14465184750389,4.03102557975332,0.12941472744865834,0.0,0.0,0.246384492246416,5.12,0.682383832510659,0.0,2.117404297292845,1.180388523895652,0.0,0.0,0.0,0.0,0.0,0.0,0.0,1.7045879511101791,0.0,0.0,2.0676836825922567,0.0,1.09781295259494,0.0,1.7543668264184866,1.155427364718767,0.9868118379710216},fitness=net.sf.jclec.fitness.SimpleValueFitness@546a03af[value=185.4394959231876]]
Average fitness = 185.4394959231876
Fitness variance = 0.0
Generation 360 Report
Best individual: net.sf.jclec.realarray.RealArrayIndividual@721e0f4f[genotype={2.0561664989623667,5.12,4.14465184750389,4.03102557975332,0.12941472744865834,0.0,0.0,0.246384492246416,5.12,0.682383832510659,0.0,2.117404297292845,1.180388523895652,0.0,0.0,0.0,0.0,0.0,0.0,0.0,1.7045879511101791,0.0,0.0,2.0676836825922567,0.0,1.09781295259494,0.0,1.7543668264184866,1.155427364718767,0.9868118379710216},fitness=net.sf.jclec.fitness.SimpleValueFitness@6ea6d14e[value=185.4394959231876]]
Worst individual: net.sf.jclec.realarray.RealArrayIndividual@721e0f4f[genotype={2.0561664989623667,5.12,4.14465184750389,4.03102557975332,0.12941472744865834,0.0,0.0,0.246384492246416,5.12,0.682383832510659,0.0,2.117404297292845,1.180388523895652,0.0,0.0,0.0,0.0,0.0,0.0,0.0,1.7045879511101791,0.0,0.0,2.0676836825922567,0.0,1.09781295259494,0.0,1.7543668264184866,1.155427364718767,0.9868118379710216},fitness=net.sf.jclec.fitness.SimpleValueFitness@6ea6d14e[value=185.4394959231876]]
Median individual: net.sf.jclec.realarray.RealArrayIndividual@721e0f4f[genotype={2.0561664989623667,5.12,4.14465184750389,4.03102557975332,0.12941472744865834,0.0,0.0,0.246384492246416,5.12,0.682383832510659,0.0,2.117404297292845,1.180388523895652,0.0,0.0,0.0,0.0,0.0,0.0,0.0,1.7045879511101791,0.0,0.0,2.0676836825922567,0.0,1.09781295259494,0.0,1.7543668264184866,1.155427364718767,0.9868118379710216},fitness=net.sf.jclec.fitness.SimpleValueFitness@6ea6d14e[value=185.4394959231876]]
Average fitness = 185.4394959231876
Fitness variance = 0.0
Generation 370 Report
Best individual: net.sf.jclec.realarray.RealArrayIndividual@6ad5c04e[genotype={2.0561664989623667,5.12,4.14465184750389,4.03102557975332,0.12941472744865834,0.0,0.0,0.246384492246416,5.12,0.682383832510659,0.0,2.117404297292845,1.180388523895652,0.0,0.0,0.0,0.0,0.0,0.0,0.0,1.7045879511101791,0.0,0.0,2.0676836825922567,0.0,1.09781295259494,0.0,1.7543668264184866,1.155427364718767,0.9868118379710216},fitness=net.sf.jclec.fitness.SimpleValueFitness@725bef66[value=185.4394959231876]]
Worst individual: net.sf.jclec.realarray.RealArrayIndividual@6ad5c04e[genotype={2.0561664989623667,5.12,4.14465184750389,4.03102557975332,0.12941472744865834,0.0,0.0,0.246384492246416,5.12,0.682383832510659,0.0,2.117404297292845,1.180388523895652,0.0,0.0,0.0,0.0,0.0,0.0,0.0,1.7045879511101791,0.0,0.0,2.0676836825922567,0.0,1.09781295259494,0.0,1.7543668264184866,1.155427364718767,0.9868118379710216},fitness=net.sf.jclec.fitness.SimpleValueFitness@725bef66[value=185.4394959231876]]
Median individual: net.sf.jclec.realarray.RealArrayIndividual@6ad5c04e[genotype={2.0561664989623667,5.12,4.14465184750389,4.03102557975332,0.12941472744865834,0.0,0.0,0.246384492246416,5.12,0.682383832510659,0.0,2.117404297292845,1.180388523895652,0.0,0.0,0.0,0.0,0.0,0.0,0.0,1.7045879511101791,0.0,0.0,2.0676836825922567,0.0,1.09781295259494,0.0,1.7543668264184866,1.155427364718767,0.9868118379710216},fitness=net.sf.jclec.fitness.SimpleValueFitness@725bef66[value=185.4394959231876]]
Average fitness = 185.4394959231876
Fitness variance = 0.0
Generation 380 Report
Best individual: net.sf.jclec.realarray.RealArrayIndividual@2aaf7cc2[genotype={2.0561664989623667,5.12,4.14465184750389,4.03102557975332,0.12941472744865834,0.0,0.0,0.246384492246416,5.12,0.682383832510659,0.0,2.117404297292845,1.180388523895652,0.0,0.0,0.0,0.0,0.0,0.0,0.0,1.7045879511101791,0.0,0.0,2.0676836825922567,0.0,1.09781295259494,0.0,1.7543668264184866,1.155427364718767,0.9868118379710216},fitness=net.sf.jclec.fitness.SimpleValueFitness@1888ff2c[value=185.4394959231876]]
Worst individual: net.sf.jclec.realarray.RealArrayIndividual@2aaf7cc2[genotype={2.0561664989623667,5.12,4.14465184750389,4.03102557975332,0.12941472744865834,0.0,0.0,0.246384492246416,5.12,0.682383832510659,0.0,2.117404297292845,1.180388523895652,0.0,0.0,0.0,0.0,0.0,0.0,0.0,1.7045879511101791,0.0,0.0,2.0676836825922567,0.0,1.09781295259494,0.0,1.7543668264184866,1.155427364718767,0.9868118379710216},fitness=net.sf.jclec.fitness.SimpleValueFitness@1888ff2c[value=185.4394959231876]]
Median individual: net.sf.jclec.realarray.RealArrayIndividual@2aaf7cc2[genotype={2.0561664989623667,5.12,4.14465184750389,4.03102557975332,0.12941472744865834,0.0,0.0,0.246384492246416,5.12,0.682383832510659,0.0,2.117404297292845,1.180388523895652,0.0,0.0,0.0,0.0,0.0,0.0,0.0,1.7045879511101791,0.0,0.0,2.0676836825922567,0.0,1.09781295259494,0.0,1.7543668264184866,1.155427364718767,0.9868118379710216},fitness=net.sf.jclec.fitness.SimpleValueFitness@1888ff2c[value=185.4394959231876]]
Average fitness = 185.4394959231876
Fitness variance = 0.0
Generation 390 Report
Best individual: net.sf.jclec.realarray.RealArrayIndividual@35851384[genotype={2.0561664989623667,5.12,4.14465184750389,4.03102557975332,0.12941472744865834,0.0,0.0,0.246384492246416,5.12,0.682383832510659,0.0,2.117404297292845,1.180388523895652,0.0,0.0,0.0,0.0,0.0,0.0,0.0,1.7045879511101791,0.0,0.0,2.0676836825922567,0.0,1.09781295259494,0.0,1.7543668264184866,1.155427364718767,0.9868118379710216},fitness=net.sf.jclec.fitness.SimpleValueFitness@6adca536[value=185.4394959231876]]
Worst individual: net.sf.jclec.realarray.RealArrayIndividual@35851384[genotype={2.0561664989623667,5.12,4.14465184750389,4.03102557975332,0.12941472744865834,0.0,0.0,0.246384492246416,5.12,0.682383832510659,0.0,2.117404297292845,1.180388523895652,0.0,0.0,0.0,0.0,0.0,0.0,0.0,1.7045879511101791,0.0,0.0,2.0676836825922567,0.0,1.09781295259494,0.0,1.7543668264184866,1.155427364718767,0.9868118379710216},fitness=net.sf.jclec.fitness.SimpleValueFitness@6adca536[value=185.4394959231876]]
Median individual: net.sf.jclec.realarray.RealArrayIndividual@35851384[genotype={2.0561664989623667,5.12,4.14465184750389,4.03102557975332,0.12941472744865834,0.0,0.0,0.246384492246416,5.12,0.682383832510659,0.0,2.117404297292845,1.180388523895652,0.0,0.0,0.0,0.0,0.0,0.0,0.0,1.7045879511101791,0.0,0.0,2.0676836825922567,0.0,1.09781295259494,0.0,1.7543668264184866,1.155427364718767,0.9868118379710216},fitness=net.sf.jclec.fitness.SimpleValueFitness@6adca536[value=185.4394959231876]]
Average fitness = 185.4394959231876
Fitness variance = 0.0
Generation 400 Report
Best individual: net.sf.jclec.realarray.RealArrayIndividual@357246de[genotype={2.0561664989623667,5.12,4.14465184750389,4.03102557975332,0.12941472744865834,0.0,0.0,0.246384492246416,5.12,0.682383832510659,0.0,2.117404297292845,1.180388523895652,0.0,0.0,0.0,0.0,0.0,0.0,0.0,1.7045879511101791,0.0,0.0,2.0676836825922567,0.0,1.09781295259494,0.0,1.7543668264184866,1.155427364718767,0.9868118379710216},fitness=net.sf.jclec.fitness.SimpleValueFitness@256216b3[value=185.4394959231876]]
Worst individual: net.sf.jclec.realarray.RealArrayIndividual@357246de[genotype={2.0561664989623667,5.12,4.14465184750389,4.03102557975332,0.12941472744865834,0.0,0.0,0.246384492246416,5.12,0.682383832510659,0.0,2.117404297292845,1.180388523895652,0.0,0.0,0.0,0.0,0.0,0.0,0.0,1.7045879511101791,0.0,0.0,2.0676836825922567,0.0,1.09781295259494,0.0,1.7543668264184866,1.155427364718767,0.9868118379710216},fitness=net.sf.jclec.fitness.SimpleValueFitness@256216b3[value=185.4394959231876]]
Median individual: net.sf.jclec.realarray.RealArrayIndividual@357246de[genotype={2.0561664989623667,5.12,4.14465184750389,4.03102557975332,0.12941472744865834,0.0,0.0,0.246384492246416,5.12,0.682383832510659,0.0,2.117404297292845,1.180388523895652,0.0,0.0,0.0,0.0,0.0,0.0,0.0,1.7045879511101791,0.0,0.0,2.0676836825922567,0.0,1.09781295259494,0.0,1.7543668264184866,1.155427364718767,0.9868118379710216},fitness=net.sf.jclec.fitness.SimpleValueFitness@256216b3[value=185.4394959231876]]
Average fitness = 185.4394959231876
Fitness variance = 0.0
Generation 410 Report
Best individual: net.sf.jclec.realarray.RealArrayIndividual@2a18f23c[genotype={2.0561664989623667,5.12,4.14465184750389,4.03102557975332,0.12941472744865834,0.0,0.0,0.246384492246416,5.12,0.682383832510659,0.0,2.117404297292845,1.180388523895652,0.0,0.0,0.0,0.0,0.0,0.0,0.0,1.7045879511101791,0.0,0.0,2.0676836825922567,0.0,1.09781295259494,0.0,1.7543668264184866,1.155427364718767,0.9868118379710216},fitness=net.sf.jclec.fitness.SimpleValueFitness@16c0663d[value=185.4394959231876]]
Worst individual: net.sf.jclec.realarray.RealArrayIndividual@2a18f23c[genotype={2.0561664989623667,5.12,4.14465184750389,4.03102557975332,0.12941472744865834,0.0,0.0,0.246384492246416,5.12,0.682383832510659,0.0,2.117404297292845,1.180388523895652,0.0,0.0,0.0,0.0,0.0,0.0,0.0,1.7045879511101791,0.0,0.0,2.0676836825922567,0.0,1.09781295259494,0.0,1.7543668264184866,1.155427364718767,0.9868118379710216},fitness=net.sf.jclec.fitness.SimpleValueFitness@16c0663d[value=185.4394959231876]]
Median individual: net.sf.jclec.realarray.RealArrayIndividual@2a18f23c[genotype={2.0561664989623667,5.12,4.14465184750389,4.03102557975332,0.12941472744865834,0.0,0.0,0.246384492246416,5.12,0.682383832510659,0.0,2.117404297292845,1.180388523895652,0.0,0.0,0.0,0.0,0.0,0.0,0.0,1.7045879511101791,0.0,0.0,2.0676836825922567,0.0,1.09781295259494,0.0,1.7543668264184866,1.155427364718767,0.9868118379710216},fitness=net.sf.jclec.fitness.SimpleValueFitness@16c0663d[value=185.4394959231876]]
Average fitness = 185.4394959231876
Fitness variance = 0.0
Generation 420 Report
Best individual: net.sf.jclec.realarray.RealArrayIndividual@23223dd8[genotype={2.0561664989623667,5.12,4.14465184750389,4.03102557975332,0.12941472744865834,0.0,0.0,0.246384492246416,5.12,0.682383832510659,0.0,2.117404297292845,1.180388523895652,0.0,0.0,0.0,0.0,0.0,0.0,0.0,1.7045879511101791,0.0,0.0,2.0676836825922567,0.0,0.0,0.0,1.7543668264184866,1.155427364718767,0.9868118379710216},fitness=net.sf.jclec.fitness.SimpleValueFitness@1b40d5f0[value=182.40447745564217]]
Worst individual: net.sf.jclec.realarray.RealArrayIndividual@23223dd8[genotype={2.0561664989623667,5.12,4.14465184750389,4.03102557975332,0.12941472744865834,0.0,0.0,0.246384492246416,5.12,0.682383832510659,0.0,2.117404297292845,1.180388523895652,0.0,0.0,0.0,0.0,0.0,0.0,0.0,1.7045879511101791,0.0,0.0,2.0676836825922567,0.0,0.0,0.0,1.7543668264184866,1.155427364718767,0.9868118379710216},fitness=net.sf.jclec.fitness.SimpleValueFitness@1b40d5f0[value=182.40447745564217]]
Median individual: net.sf.jclec.realarray.RealArrayIndividual@23223dd8[genotype={2.0561664989623667,5.12,4.14465184750389,4.03102557975332,0.12941472744865834,0.0,0.0,0.246384492246416,5.12,0.682383832510659,0.0,2.117404297292845,1.180388523895652,0.0,0.0,0.0,0.0,0.0,0.0,0.0,1.7045879511101791,0.0,0.0,2.0676836825922567,0.0,0.0,0.0,1.7543668264184866,1.155427364718767,0.9868118379710216},fitness=net.sf.jclec.fitness.SimpleValueFitness@1b40d5f0[value=182.40447745564217]]
Average fitness = 182.40447745564217
Fitness variance = 0.0
Generation 430 Report
Best individual: net.sf.jclec.realarray.RealArrayIndividual@ea4a92b[genotype={2.0561664989623667,5.12,4.14465184750389,4.03102557975332,0.12941472744865834,0.0,0.0,0.246384492246416,5.12,0.682383832510659,0.0,2.117404297292845,1.180388523895652,0.0,0.0,0.0,0.0,0.0,0.0,0.0,1.7045879511101791,0.0,0.0,2.0676836825922567,0.0,0.0,0.0,1.7543668264184866,1.155427364718767,0.9868118379710216},fitness=net.sf.jclec.fitness.SimpleValueFitness@47f37ef1[value=182.40447745564217]]
Worst individual: net.sf.jclec.realarray.RealArrayIndividual@ea4a92b[genotype={2.0561664989623667,5.12,4.14465184750389,4.03102557975332,0.12941472744865834,0.0,0.0,0.246384492246416,5.12,0.682383832510659,0.0,2.117404297292845,1.180388523895652,0.0,0.0,0.0,0.0,0.0,0.0,0.0,1.7045879511101791,0.0,0.0,2.0676836825922567,0.0,0.0,0.0,1.7543668264184866,1.155427364718767,0.9868118379710216},fitness=net.sf.jclec.fitness.SimpleValueFitness@47f37ef1[value=182.40447745564217]]
Median individual: net.sf.jclec.realarray.RealArrayIndividual@ea4a92b[genotype={2.0561664989623667,5.12,4.14465184750389,4.03102557975332,0.12941472744865834,0.0,0.0,0.246384492246416,5.12,0.682383832510659,0.0,2.117404297292845,1.180388523895652,0.0,0.0,0.0,0.0,0.0,0.0,0.0,1.7045879511101791,0.0,0.0,2.0676836825922567,0.0,0.0,0.0,1.7543668264184866,1.155427364718767,0.9868118379710216},fitness=net.sf.jclec.fitness.SimpleValueFitness@47f37ef1[value=182.40447745564217]]
Average fitness = 182.40447745564217
Fitness variance = 0.0
Generation 440 Report
Best individual: net.sf.jclec.realarray.RealArrayIndividual@5a01ccaa[genotype={2.0561664989623667,5.12,4.14465184750389,4.03102557975332,0.12941472744865834,0.0,0.0,0.246384492246416,5.12,0.682383832510659,0.0,2.117404297292845,1.180388523895652,0.0,0.0,0.0,0.0,0.0,0.0,0.0,1.7045879511101791,0.0,0.0,2.0676836825922567,0.0,0.0,0.0,1.7543668264184866,1.155427364718767,0.9868118379710216},fitness=net.sf.jclec.fitness.SimpleValueFitness@19bb089b[value=182.40447745564217]]
Worst individual: net.sf.jclec.realarray.RealArrayIndividual@5a01ccaa[genotype={2.0561664989623667,5.12,4.14465184750389,4.03102557975332,0.12941472744865834,0.0,0.0,0.246384492246416,5.12,0.682383832510659,0.0,2.117404297292845,1.180388523895652,0.0,0.0,0.0,0.0,0.0,0.0,0.0,1.7045879511101791,0.0,0.0,2.0676836825922567,0.0,0.0,0.0,1.7543668264184866,1.155427364718767,0.9868118379710216},fitness=net.sf.jclec.fitness.SimpleValueFitness@19bb089b[value=182.40447745564217]]
Median individual: net.sf.jclec.realarray.RealArrayIndividual@5a01ccaa[genotype={2.0561664989623667,5.12,4.14465184750389,4.03102557975332,0.12941472744865834,0.0,0.0,0.246384492246416,5.12,0.682383832510659,0.0,2.117404297292845,1.180388523895652,0.0,0.0,0.0,0.0,0.0,0.0,0.0,1.7045879511101791,0.0,0.0,2.0676836825922567,0.0,0.0,0.0,1.7543668264184866,1.155427364718767,0.9868118379710216},fitness=net.sf.jclec.fitness.SimpleValueFitness@19bb089b[value=182.40447745564217]]
Average fitness = 182.40447745564217
Fitness variance = 0.0
Generation 450 Report
Best individual: net.sf.jclec.realarray.RealArrayIndividual@4563e9ab[genotype={2.0561664989623667,5.12,4.14465184750389,4.03102557975332,0.12941472744865834,0.0,0.0,0.246384492246416,5.12,0.682383832510659,0.0,2.117404297292845,1.180388523895652,0.0,0.0,0.0,0.0,0.0,0.0,0.0,1.7045879511101791,0.0,0.0,2.0676836825922567,0.0,0.0,0.0,1.7543668264184866,1.155427364718767,0.9868118379710216},fitness=net.sf.jclec.fitness.SimpleValueFitness@5e025e70[value=182.40447745564217]]
Worst individual: net.sf.jclec.realarray.RealArrayIndividual@4563e9ab[genotype={2.0561664989623667,5.12,4.14465184750389,4.03102557975332,0.12941472744865834,0.0,0.0,0.246384492246416,5.12,0.682383832510659,0.0,2.117404297292845,1.180388523895652,0.0,0.0,0.0,0.0,0.0,0.0,0.0,1.7045879511101791,0.0,0.0,2.0676836825922567,0.0,0.0,0.0,1.7543668264184866,1.155427364718767,0.9868118379710216},fitness=net.sf.jclec.fitness.SimpleValueFitness@5e025e70[value=182.40447745564217]]
Median individual: net.sf.jclec.realarray.RealArrayIndividual@4563e9ab[genotype={2.0561664989623667,5.12,4.14465184750389,4.03102557975332,0.12941472744865834,0.0,0.0,0.246384492246416,5.12,0.682383832510659,0.0,2.117404297292845,1.180388523895652,0.0,0.0,0.0,0.0,0.0,0.0,0.0,1.7045879511101791,0.0,0.0,2.0676836825922567,0.0,0.0,0.0,1.7543668264184866,1.155427364718767,0.9868118379710216},fitness=net.sf.jclec.fitness.SimpleValueFitness@5e025e70[value=182.40447745564217]]
Average fitness = 182.40447745564217
Fitness variance = 0.0
Generation 460 Report
Best individual: net.sf.jclec.realarray.RealArrayIndividual@1fbc7afb[genotype={2.0561664989623667,5.12,4.14465184750389,4.03102557975332,0.12941472744865834,0.0,0.0,0.246384492246416,5.12,0.682383832510659,0.0,2.117404297292845,1.180388523895652,0.0,0.0,0.0,0.0,0.0,0.0,0.0,1.7045879511101791,0.0,0.0,2.0676836825922567,0.0,0.0,0.0,1.7543668264184866,1.155427364718767,0.9868118379710216},fitness=net.sf.jclec.fitness.SimpleValueFitness@4cdbe50f[value=182.40447745564217]]
Worst individual: net.sf.jclec.realarray.RealArrayIndividual@1fbc7afb[genotype={2.0561664989623667,5.12,4.14465184750389,4.03102557975332,0.12941472744865834,0.0,0.0,0.246384492246416,5.12,0.682383832510659,0.0,2.117404297292845,1.180388523895652,0.0,0.0,0.0,0.0,0.0,0.0,0.0,1.7045879511101791,0.0,0.0,2.0676836825922567,0.0,0.0,0.0,1.7543668264184866,1.155427364718767,0.9868118379710216},fitness=net.sf.jclec.fitness.SimpleValueFitness@4cdbe50f[value=182.40447745564217]]
Median individual: net.sf.jclec.realarray.RealArrayIndividual@1fbc7afb[genotype={2.0561664989623667,5.12,4.14465184750389,4.03102557975332,0.12941472744865834,0.0,0.0,0.246384492246416,5.12,0.682383832510659,0.0,2.117404297292845,1.180388523895652,0.0,0.0,0.0,0.0,0.0,0.0,0.0,1.7045879511101791,0.0,0.0,2.0676836825922567,0.0,0.0,0.0,1.7543668264184866,1.155427364718767,0.9868118379710216},fitness=net.sf.jclec.fitness.SimpleValueFitness@4cdbe50f[value=182.40447745564217]]
Average fitness = 182.40447745564217
Fitness variance = 0.0
Generation 470 Report
Best individual: net.sf.jclec.realarray.RealArrayIndividual@66d33a[genotype={2.0561664989623667,5.12,4.14465184750389,4.03102557975332,0.12941472744865834,0.0,0.0,0.246384492246416,5.12,0.682383832510659,0.0,2.117404297292845,1.180388523895652,0.0,0.0,0.0,0.0,0.0,0.0,0.0,1.7045879511101791,0.0,0.0,2.0676836825922567,0.0,0.0,0.0,1.7543668264184866,1.155427364718767,0.9868118379710216},fitness=net.sf.jclec.fitness.SimpleValueFitness@7e0babb1[value=182.40447745564217]]
Worst individual: net.sf.jclec.realarray.RealArrayIndividual@66d33a[genotype={2.0561664989623667,5.12,4.14465184750389,4.03102557975332,0.12941472744865834,0.0,0.0,0.246384492246416,5.12,0.682383832510659,0.0,2.117404297292845,1.180388523895652,0.0,0.0,0.0,0.0,0.0,0.0,0.0,1.7045879511101791,0.0,0.0,2.0676836825922567,0.0,0.0,0.0,1.7543668264184866,1.155427364718767,0.9868118379710216},fitness=net.sf.jclec.fitness.SimpleValueFitness@7e0babb1[value=182.40447745564217]]
Median individual: net.sf.jclec.realarray.RealArrayIndividual@66d33a[genotype={2.0561664989623667,5.12,4.14465184750389,4.03102557975332,0.12941472744865834,0.0,0.0,0.246384492246416,5.12,0.682383832510659,0.0,2.117404297292845,1.180388523895652,0.0,0.0,0.0,0.0,0.0,0.0,0.0,1.7045879511101791,0.0,0.0,2.0676836825922567,0.0,0.0,0.0,1.7543668264184866,1.155427364718767,0.9868118379710216},fitness=net.sf.jclec.fitness.SimpleValueFitness@7e0babb1[value=182.40447745564217]]
Average fitness = 182.40447745564217
Fitness variance = 0.0
Generation 480 Report
Best individual: net.sf.jclec.realarray.RealArrayIndividual@6debcae2[genotype={2.0561664989623667,5.12,4.14465184750389,4.03102557975332,0.12941472744865834,0.0,0.0,0.246384492246416,5.12,0.682383832510659,0.0,2.117404297292845,1.180388523895652,0.0,0.0,0.0,0.0,0.0,0.0,0.0,1.7045879511101791,0.0,0.0,2.0676836825922567,0.0,0.0,0.0,1.7543668264184866,1.155427364718767,0.9868118379710216},fitness=net.sf.jclec.fitness.SimpleValueFitness@2ff4f00f[value=182.40447745564217]]
Worst individual: net.sf.jclec.realarray.RealArrayIndividual@6debcae2[genotype={2.0561664989623667,5.12,4.14465184750389,4.03102557975332,0.12941472744865834,0.0,0.0,0.246384492246416,5.12,0.682383832510659,0.0,2.117404297292845,1.180388523895652,0.0,0.0,0.0,0.0,0.0,0.0,0.0,1.7045879511101791,0.0,0.0,2.0676836825922567,0.0,0.0,0.0,1.7543668264184866,1.155427364718767,0.9868118379710216},fitness=net.sf.jclec.fitness.SimpleValueFitness@2ff4f00f[value=182.40447745564217]]
Median individual: net.sf.jclec.realarray.RealArrayIndividual@6debcae2[genotype={2.0561664989623667,5.12,4.14465184750389,4.03102557975332,0.12941472744865834,0.0,0.0,0.246384492246416,5.12,0.682383832510659,0.0,2.117404297292845,1.180388523895652,0.0,0.0,0.0,0.0,0.0,0.0,0.0,1.7045879511101791,0.0,0.0,2.0676836825922567,0.0,0.0,0.0,1.7543668264184866,1.155427364718767,0.9868118379710216},fitness=net.sf.jclec.fitness.SimpleValueFitness@2ff4f00f[value=182.40447745564217]]
Average fitness = 182.40447745564217
Fitness variance = 0.0
Generation 490 Report
Best individual: net.sf.jclec.realarray.RealArrayIndividual@c818063[genotype={2.0561664989623667,5.12,4.14465184750389,4.03102557975332,0.12941472744865834,0.0,0.0,0.246384492246416,5.12,0.682383832510659,0.0,2.117404297292845,1.180388523895652,0.0,0.0,0.0,0.0,0.0,0.0,0.0,1.7045879511101791,0.0,0.0,2.0676836825922567,0.0,0.0,0.0,1.7543668264184866,1.155427364718767,0.9868118379710216},fitness=net.sf.jclec.fitness.SimpleValueFitness@75bd9247[value=182.40447745564217]]
Worst individual: net.sf.jclec.realarray.RealArrayIndividual@c818063[genotype={2.0561664989623667,5.12,4.14465184750389,4.03102557975332,0.12941472744865834,0.0,0.0,0.246384492246416,5.12,0.682383832510659,0.0,2.117404297292845,1.180388523895652,0.0,0.0,0.0,0.0,0.0,0.0,0.0,1.7045879511101791,0.0,0.0,2.0676836825922567,0.0,0.0,0.0,1.7543668264184866,1.155427364718767,0.9868118379710216},fitness=net.sf.jclec.fitness.SimpleValueFitness@75bd9247[value=182.40447745564217]]
Median individual: net.sf.jclec.realarray.RealArrayIndividual@c818063[genotype={2.0561664989623667,5.12,4.14465184750389,4.03102557975332,0.12941472744865834,0.0,0.0,0.246384492246416,5.12,0.682383832510659,0.0,2.117404297292845,1.180388523895652,0.0,0.0,0.0,0.0,0.0,0.0,0.0,1.7045879511101791,0.0,0.0,2.0676836825922567,0.0,0.0,0.0,1.7543668264184866,1.155427364718767,0.9868118379710216},fitness=net.sf.jclec.fitness.SimpleValueFitness@75bd9247[value=182.40447745564217]]
Average fitness = 182.40447745564217
Fitness variance = 0.0
Generation 500 Report
Best individual: net.sf.jclec.realarray.RealArrayIndividual@7d417077[genotype={2.0561664989623667,5.12,4.14465184750389,4.03102557975332,0.12941472744865834,0.0,0.0,0.246384492246416,5.12,0.682383832510659,0.0,2.117404297292845,1.180388523895652,0.0,0.0,0.0,0.0,0.0,0.0,0.0,1.7045879511101791,0.0,0.0,2.0676836825922567,0.0,0.0,0.0,1.7543668264184866,1.155427364718767,0.9868118379710216},fitness=net.sf.jclec.fitness.SimpleValueFitness@35bbe5e8[value=182.40447745564217]]
Worst individual: net.sf.jclec.realarray.RealArrayIndividual@7d417077[genotype={2.0561664989623667,5.12,4.14465184750389,4.03102557975332,0.12941472744865834,0.0,0.0,0.246384492246416,5.12,0.682383832510659,0.0,2.117404297292845,1.180388523895652,0.0,0.0,0.0,0.0,0.0,0.0,0.0,1.7045879511101791,0.0,0.0,2.0676836825922567,0.0,0.0,0.0,1.7543668264184866,1.155427364718767,0.9868118379710216},fitness=net.sf.jclec.fitness.SimpleValueFitness@35bbe5e8[value=182.40447745564217]]
Median individual: net.sf.jclec.realarray.RealArrayIndividual@7d417077[genotype={2.0561664989623667,5.12,4.14465184750389,4.03102557975332,0.12941472744865834,0.0,0.0,0.246384492246416,5.12,0.682383832510659,0.0,2.117404297292845,1.180388523895652,0.0,0.0,0.0,0.0,0.0,0.0,0.0,1.7045879511101791,0.0,0.0,2.0676836825922567,0.0,0.0,0.0,1.7543668264184866,1.155427364718767,0.9868118379710216},fitness=net.sf.jclec.fitness.SimpleValueFitness@35bbe5e8[value=182.40447745564217]]
Average fitness = 182.40447745564217
Fitness variance = 0.0
