Sun Nov 04 15.11.06 CET 2018
Generation 0 Report
Best individual: net.sf.jclec.realarray.RealArrayIndividual@58d25a40[genotype={0.2791387109545749,1.6015548379641775,2.783035730877263,3.2045338955754814,0.8686338899859714,0.3994666184586788,1.0361569162500477,3.563044685681675,2.506543521059123,1.8551968269561028,3.2201753444995833,0.22548986334285467,0.893223195580199,3.615550125440575,3.9787871586946935,1.853882725701108,2.7829287238476743,0.20957453583691624,2.794529385441638,1.609286910051452,4.229803496255494,4.369815418616488,0.8890721682644507,3.096931878101009,0.04914992943260775,2.2073945265658224,0.232411049978645,2.786632797377741,1.4413433086340055,0.7324057492565832},fitness=net.sf.jclec.fitness.SimpleValueFitness@726f3b58[value=444.32996252218123]]
Worst individual: net.sf.jclec.realarray.RealArrayIndividual@5577140b[genotype={1.6072652396548568,4.999630222693996,3.7206076205602305,4.301363375601591,0.3155380168134805,2.423327135333758,4.084936653851742,3.5920729424123654,4.996353612230237,3.3278079057790566,4.463184754905451,0.28661193675183516,3.6571476741055027,4.903611943862282,2.9364724983459913,4.453559534344334,1.3734571235217998,3.1852916274423633,0.05522610338057114,4.230049816033021,4.7476053459058765,0.661609853657812,4.255838159688647,4.1696053020182715,4.10955281014708,0.3570078780207048,2.434928254691406,4.480644393500082,3.379311637003115,0.26280513764484764},fitness=net.sf.jclec.fitness.SimpleValueFitness@67f89fa3[value=699.1442970123288]]
Median individual: net.sf.jclec.realarray.RealArrayIndividual@26f0a63f[genotype={2.8462992800221025,4.641829800763597,4.131025584284292,0.0796770046016722,0.0871273088361129,4.67304295163877,0.5833728210192165,1.122952348799191,4.174680043996953,3.257976685156225,4.534774100404541,2.7424999293154015,1.0189200035297123,1.1619649464697432,2.7299554138405786,2.46022277861998,3.4434773215447056,0.8924941449240362,3.5520360460459863,1.9096446510109564,1.6711220576871741,4.298572345118565,2.6430363016501555,0.8477084963110667,0.12298089839443867,2.6274015022204056,0.3992997659799184,0.12604817734004123,3.2654243810913393,0.7183541732128819},fitness=net.sf.jclec.fitness.SimpleValueFitness@53bd815b[value=517.5482284114486]]
Average fitness = 551.3200299251864
Fitness variance = 2953.544254422828
Generation 10 Report
Best individual: net.sf.jclec.realarray.RealArrayIndividual@4ca8195f[genotype={0.0,2.0880075046311872,1.9397369300208365,0.1479200376617407,0.45042978419860524,0.07311292161639873,3.0925769882138225,2.889561826033626,4.079256093833868,4.9781788189497815,3.571185222230614,1.938229585252914,0.0,2.890609007326447,0.06437917463820571,2.053133189583915,1.9068411260055518,3.265555942151178,0.9283524766280294,1.0633095302021447,2.8111028702829426,0.027014996301475108,0.8027593943381607,0.6817528231267608,0.0,5.005278115777891,2.2418664284084593,1.0992238284663305,1.6295882525171748,3.3091296408969697},fitness=net.sf.jclec.fitness.SimpleValueFitness@61baa894[value=305.987411416957]]
Worst individual: net.sf.jclec.realarray.RealArrayIndividual@4ca8195f[genotype={0.0,2.0880075046311872,1.9397369300208365,0.1479200376617407,0.45042978419860524,0.07311292161639873,3.0925769882138225,2.889561826033626,4.079256093833868,4.9781788189497815,3.571185222230614,1.938229585252914,0.0,2.890609007326447,0.06437917463820571,2.053133189583915,1.9068411260055518,3.265555942151178,0.9283524766280294,1.0633095302021447,2.8111028702829426,0.027014996301475108,0.8027593943381607,0.6817528231267608,0.0,5.005278115777891,2.2418664284084593,1.0992238284663305,1.6295882525171748,3.3091296408969697},fitness=net.sf.jclec.fitness.SimpleValueFitness@61baa894[value=305.987411416957]]
Median individual: net.sf.jclec.realarray.RealArrayIndividual@4ca8195f[genotype={0.0,2.0880075046311872,1.9397369300208365,0.1479200376617407,0.45042978419860524,0.07311292161639873,3.0925769882138225,2.889561826033626,4.079256093833868,4.9781788189497815,3.571185222230614,1.938229585252914,0.0,2.890609007326447,0.06437917463820571,2.053133189583915,1.9068411260055518,3.265555942151178,0.9283524766280294,1.0633095302021447,2.8111028702829426,0.027014996301475108,0.8027593943381607,0.6817528231267608,0.0,5.005278115777891,2.2418664284084593,1.0992238284663305,1.6295882525171748,3.3091296408969697},fitness=net.sf.jclec.fitness.SimpleValueFitness@61baa894[value=305.987411416957]]
Average fitness = 305.987411416957
Fitness variance = 0.0
Generation 20 Report
Best individual: net.sf.jclec.realarray.RealArrayIndividual@b065c63[genotype={0.0,2.0880075046311872,1.9397369300208365,0.1479200376617407,0.45042978419860524,0.07311292161639873,3.0925769882138225,2.889561826033626,4.079256093833868,4.9781788189497815,3.571185222230614,1.938229585252914,0.0,2.890609007326447,0.06437917463820571,2.053133189583915,1.9068411260055518,3.265555942151178,0.9283524766280294,1.0633095302021447,2.8111028702829426,0.027014996301475108,0.8027593943381607,0.6817528231267608,0.0,5.005278115777891,2.2418664284084593,1.0992238284663305,1.6295882525171748,3.3091296408969697},fitness=net.sf.jclec.fitness.SimpleValueFitness@490d6c15[value=305.987411416957]]
Worst individual: net.sf.jclec.realarray.RealArrayIndividual@b065c63[genotype={0.0,2.0880075046311872,1.9397369300208365,0.1479200376617407,0.45042978419860524,0.07311292161639873,3.0925769882138225,2.889561826033626,4.079256093833868,4.9781788189497815,3.571185222230614,1.938229585252914,0.0,2.890609007326447,0.06437917463820571,2.053133189583915,1.9068411260055518,3.265555942151178,0.9283524766280294,1.0633095302021447,2.8111028702829426,0.027014996301475108,0.8027593943381607,0.6817528231267608,0.0,5.005278115777891,2.2418664284084593,1.0992238284663305,1.6295882525171748,3.3091296408969697},fitness=net.sf.jclec.fitness.SimpleValueFitness@490d6c15[value=305.987411416957]]
Median individual: net.sf.jclec.realarray.RealArrayIndividual@b065c63[genotype={0.0,2.0880075046311872,1.9397369300208365,0.1479200376617407,0.45042978419860524,0.07311292161639873,3.0925769882138225,2.889561826033626,4.079256093833868,4.9781788189497815,3.571185222230614,1.938229585252914,0.0,2.890609007326447,0.06437917463820571,2.053133189583915,1.9068411260055518,3.265555942151178,0.9283524766280294,1.0633095302021447,2.8111028702829426,0.027014996301475108,0.8027593943381607,0.6817528231267608,0.0,5.005278115777891,2.2418664284084593,1.0992238284663305,1.6295882525171748,3.3091296408969697},fitness=net.sf.jclec.fitness.SimpleValueFitness@490d6c15[value=305.987411416957]]
Average fitness = 305.987411416957
Fitness variance = 0.0
Generation 30 Report
Best individual: net.sf.jclec.realarray.RealArrayIndividual@7d4793a8[genotype={0.0,2.0880075046311872,1.9397369300208365,0.1479200376617407,0.45042978419860524,0.07311292161639873,3.0925769882138225,2.889561826033626,4.079256093833868,4.9781788189497815,3.571185222230614,1.938229585252914,0.0,2.890609007326447,0.06437917463820571,2.053133189583915,1.9068411260055518,3.265555942151178,0.9283524766280294,1.0633095302021447,1.058519496233893,0.027014996301475108,0.8027593943381607,0.6817528231267608,0.0,5.005278115777891,2.2418664284084593,1.0992238284663305,1.6295882525171748,3.3091296408969697},fitness=net.sf.jclec.fitness.SimpleValueFitness@5479e3f[value=293.61955537562085]]
Worst individual: net.sf.jclec.realarray.RealArrayIndividual@7d4793a8[genotype={0.0,2.0880075046311872,1.9397369300208365,0.1479200376617407,0.45042978419860524,0.07311292161639873,3.0925769882138225,2.889561826033626,4.079256093833868,4.9781788189497815,3.571185222230614,1.938229585252914,0.0,2.890609007326447,0.06437917463820571,2.053133189583915,1.9068411260055518,3.265555942151178,0.9283524766280294,1.0633095302021447,1.058519496233893,0.027014996301475108,0.8027593943381607,0.6817528231267608,0.0,5.005278115777891,2.2418664284084593,1.0992238284663305,1.6295882525171748,3.3091296408969697},fitness=net.sf.jclec.fitness.SimpleValueFitness@5479e3f[value=293.61955537562085]]
Median individual: net.sf.jclec.realarray.RealArrayIndividual@7d4793a8[genotype={0.0,2.0880075046311872,1.9397369300208365,0.1479200376617407,0.45042978419860524,0.07311292161639873,3.0925769882138225,2.889561826033626,4.079256093833868,4.9781788189497815,3.571185222230614,1.938229585252914,0.0,2.890609007326447,0.06437917463820571,2.053133189583915,1.9068411260055518,3.265555942151178,0.9283524766280294,1.0633095302021447,1.058519496233893,0.027014996301475108,0.8027593943381607,0.6817528231267608,0.0,5.005278115777891,2.2418664284084593,1.0992238284663305,1.6295882525171748,3.3091296408969697},fitness=net.sf.jclec.fitness.SimpleValueFitness@5479e3f[value=293.61955537562085]]
Average fitness = 293.61955537562085
Fitness variance = 0.0
Generation 40 Report
Best individual: net.sf.jclec.realarray.RealArrayIndividual@27082746[genotype={0.0,2.0880075046311872,1.9397369300208365,0.1479200376617407,0.45042978419860524,0.07311292161639873,3.0925769882138225,2.889561826033626,4.079256093833868,4.9781788189497815,3.571185222230614,1.938229585252914,0.0,2.890609007326447,0.06437917463820571,2.053133189583915,1.9068411260055518,3.265555942151178,0.9283524766280294,1.0633095302021447,1.058519496233893,0.027014996301475108,0.8027593943381607,0.6817528231267608,0.0,5.005278115777891,2.2418664284084593,1.0992238284663305,1.6295882525171748,3.3091296408969697},fitness=net.sf.jclec.fitness.SimpleValueFitness@7bfcd12c[value=293.61955537562085]]
Worst individual: net.sf.jclec.realarray.RealArrayIndividual@27082746[genotype={0.0,2.0880075046311872,1.9397369300208365,0.1479200376617407,0.45042978419860524,0.07311292161639873,3.0925769882138225,2.889561826033626,4.079256093833868,4.9781788189497815,3.571185222230614,1.938229585252914,0.0,2.890609007326447,0.06437917463820571,2.053133189583915,1.9068411260055518,3.265555942151178,0.9283524766280294,1.0633095302021447,1.058519496233893,0.027014996301475108,0.8027593943381607,0.6817528231267608,0.0,5.005278115777891,2.2418664284084593,1.0992238284663305,1.6295882525171748,3.3091296408969697},fitness=net.sf.jclec.fitness.SimpleValueFitness@7bfcd12c[value=293.61955537562085]]
Median individual: net.sf.jclec.realarray.RealArrayIndividual@27082746[genotype={0.0,2.0880075046311872,1.9397369300208365,0.1479200376617407,0.45042978419860524,0.07311292161639873,3.0925769882138225,2.889561826033626,4.079256093833868,4.9781788189497815,3.571185222230614,1.938229585252914,0.0,2.890609007326447,0.06437917463820571,2.053133189583915,1.9068411260055518,3.265555942151178,0.9283524766280294,1.0633095302021447,1.058519496233893,0.027014996301475108,0.8027593943381607,0.6817528231267608,0.0,5.005278115777891,2.2418664284084593,1.0992238284663305,1.6295882525171748,3.3091296408969697},fitness=net.sf.jclec.fitness.SimpleValueFitness@7bfcd12c[value=293.61955537562085]]
Average fitness = 293.61955537562085
Fitness variance = 0.0
Generation 50 Report
Best individual: net.sf.jclec.realarray.RealArrayIndividual@42f30e0a[genotype={0.0,2.0880075046311872,1.9397369300208365,0.1479200376617407,0.45042978419860524,0.07311292161639873,3.0925769882138225,2.889561826033626,4.079256093833868,4.9781788189497815,3.571185222230614,1.938229585252914,0.0,2.890609007326447,0.06437917463820571,2.053133189583915,1.9068411260055518,3.265555942151178,0.9283524766280294,1.0633095302021447,1.058519496233893,0.027014996301475108,0.8027593943381607,0.6817528231267608,0.0,5.005278115777891,2.2418664284084593,1.0992238284663305,1.6295882525171748,3.3091296408969697},fitness=net.sf.jclec.fitness.SimpleValueFitness@5b1d2887[value=293.61955537562085]]
Worst individual: net.sf.jclec.realarray.RealArrayIndividual@42f30e0a[genotype={0.0,2.0880075046311872,1.9397369300208365,0.1479200376617407,0.45042978419860524,0.07311292161639873,3.0925769882138225,2.889561826033626,4.079256093833868,4.9781788189497815,3.571185222230614,1.938229585252914,0.0,2.890609007326447,0.06437917463820571,2.053133189583915,1.9068411260055518,3.265555942151178,0.9283524766280294,1.0633095302021447,1.058519496233893,0.027014996301475108,0.8027593943381607,0.6817528231267608,0.0,5.005278115777891,2.2418664284084593,1.0992238284663305,1.6295882525171748,3.3091296408969697},fitness=net.sf.jclec.fitness.SimpleValueFitness@5b1d2887[value=293.61955537562085]]
Median individual: net.sf.jclec.realarray.RealArrayIndividual@42f30e0a[genotype={0.0,2.0880075046311872,1.9397369300208365,0.1479200376617407,0.45042978419860524,0.07311292161639873,3.0925769882138225,2.889561826033626,4.079256093833868,4.9781788189497815,3.571185222230614,1.938229585252914,0.0,2.890609007326447,0.06437917463820571,2.053133189583915,1.9068411260055518,3.265555942151178,0.9283524766280294,1.0633095302021447,1.058519496233893,0.027014996301475108,0.8027593943381607,0.6817528231267608,0.0,5.005278115777891,2.2418664284084593,1.0992238284663305,1.6295882525171748,3.3091296408969697},fitness=net.sf.jclec.fitness.SimpleValueFitness@5b1d2887[value=293.61955537562085]]
Average fitness = 293.61955537562085
Fitness variance = 0.0
Generation 60 Report
Best individual: net.sf.jclec.realarray.RealArrayIndividual@46f5f779[genotype={0.0,2.0880075046311872,1.9397369300208365,0.1479200376617407,0.45042978419860524,0.07311292161639873,3.0925769882138225,2.889561826033626,4.079256093833868,4.9781788189497815,3.571185222230614,1.938229585252914,0.0,2.890609007326447,0.06437917463820571,2.053133189583915,1.9068411260055518,3.265555942151178,0.9283524766280294,1.0633095302021447,1.058519496233893,0.027014996301475108,0.8027593943381607,0.6817528231267608,0.0,5.005278115777891,2.2418664284084593,1.0992238284663305,1.6295882525171748,3.3091296408969697},fitness=net.sf.jclec.fitness.SimpleValueFitness@18e8568[value=293.61955537562085]]
Worst individual: net.sf.jclec.realarray.RealArrayIndividual@46f5f779[genotype={0.0,2.0880075046311872,1.9397369300208365,0.1479200376617407,0.45042978419860524,0.07311292161639873,3.0925769882138225,2.889561826033626,4.079256093833868,4.9781788189497815,3.571185222230614,1.938229585252914,0.0,2.890609007326447,0.06437917463820571,2.053133189583915,1.9068411260055518,3.265555942151178,0.9283524766280294,1.0633095302021447,1.058519496233893,0.027014996301475108,0.8027593943381607,0.6817528231267608,0.0,5.005278115777891,2.2418664284084593,1.0992238284663305,1.6295882525171748,3.3091296408969697},fitness=net.sf.jclec.fitness.SimpleValueFitness@18e8568[value=293.61955537562085]]
Median individual: net.sf.jclec.realarray.RealArrayIndividual@46f5f779[genotype={0.0,2.0880075046311872,1.9397369300208365,0.1479200376617407,0.45042978419860524,0.07311292161639873,3.0925769882138225,2.889561826033626,4.079256093833868,4.9781788189497815,3.571185222230614,1.938229585252914,0.0,2.890609007326447,0.06437917463820571,2.053133189583915,1.9068411260055518,3.265555942151178,0.9283524766280294,1.0633095302021447,1.058519496233893,0.027014996301475108,0.8027593943381607,0.6817528231267608,0.0,5.005278115777891,2.2418664284084593,1.0992238284663305,1.6295882525171748,3.3091296408969697},fitness=net.sf.jclec.fitness.SimpleValueFitness@18e8568[value=293.61955537562085]]
Average fitness = 293.61955537562085
Fitness variance = 0.0
Generation 70 Report
Best individual: net.sf.jclec.realarray.RealArrayIndividual@33e5ccce[genotype={0.0,2.0880075046311872,1.9397369300208365,0.1479200376617407,0.45042978419860524,0.07311292161639873,3.091536325832611,2.889561826033626,4.079256093833868,4.9781788189497815,3.571185222230614,1.938229585252914,0.0,2.890609007326447,0.06437917463820571,2.05294160876755,1.9068411260055518,3.265555942151178,0.9283524766280294,1.0633095302021447,1.058519496233893,0.027014996301475108,0.8027593943381607,0.6817528231267608,0.0,5.005278115777891,2.2418664284084593,1.0992238284663305,1.6295882525171748,3.3091296408969697},fitness=net.sf.jclec.fitness.SimpleValueFitness@270421f5[value=293.5726492315119]]
Worst individual: net.sf.jclec.realarray.RealArrayIndividual@33e5ccce[genotype={0.0,2.0880075046311872,1.9397369300208365,0.1479200376617407,0.45042978419860524,0.07311292161639873,3.091536325832611,2.889561826033626,4.079256093833868,4.9781788189497815,3.571185222230614,1.938229585252914,0.0,2.890609007326447,0.06437917463820571,2.05294160876755,1.9068411260055518,3.265555942151178,0.9283524766280294,1.0633095302021447,1.058519496233893,0.027014996301475108,0.8027593943381607,0.6817528231267608,0.0,5.005278115777891,2.2418664284084593,1.0992238284663305,1.6295882525171748,3.3091296408969697},fitness=net.sf.jclec.fitness.SimpleValueFitness@270421f5[value=293.5726492315119]]
Median individual: net.sf.jclec.realarray.RealArrayIndividual@33e5ccce[genotype={0.0,2.0880075046311872,1.9397369300208365,0.1479200376617407,0.45042978419860524,0.07311292161639873,3.091536325832611,2.889561826033626,4.079256093833868,4.9781788189497815,3.571185222230614,1.938229585252914,0.0,2.890609007326447,0.06437917463820571,2.05294160876755,1.9068411260055518,3.265555942151178,0.9283524766280294,1.0633095302021447,1.058519496233893,0.027014996301475108,0.8027593943381607,0.6817528231267608,0.0,5.005278115777891,2.2418664284084593,1.0992238284663305,1.6295882525171748,3.3091296408969697},fitness=net.sf.jclec.fitness.SimpleValueFitness@270421f5[value=293.5726492315119]]
Average fitness = 293.5726492315119
Fitness variance = 0.0
Generation 80 Report
Best individual: net.sf.jclec.realarray.RealArrayIndividual@52d455b8[genotype={0.0,2.0880075046311872,1.9408032077889767,0.1479200376617407,0.45042978419860524,0.07311292161639873,3.091536325832611,2.889561826033626,4.079256093833868,4.9781788189497815,3.571185222230614,1.938229585252914,0.0,2.890609007326447,0.06437917463820571,2.05294160876755,1.9068411260055518,3.265555942151178,0.9276091618538049,1.0633095302021447,1.058519496233893,0.027014996301475108,0.8027593943381607,0.6817528231267608,0.0,5.005278115777891,2.2418664284084593,1.0992238284663305,1.6295882525171748,3.3091296408969697},fitness=net.sf.jclec.fitness.SimpleValueFitness@18ef96[value=293.57127026628353]]
Worst individual: net.sf.jclec.realarray.RealArrayIndividual@52d455b8[genotype={0.0,2.0880075046311872,1.9408032077889767,0.1479200376617407,0.45042978419860524,0.07311292161639873,3.091536325832611,2.889561826033626,4.079256093833868,4.9781788189497815,3.571185222230614,1.938229585252914,0.0,2.890609007326447,0.06437917463820571,2.05294160876755,1.9068411260055518,3.265555942151178,0.9276091618538049,1.0633095302021447,1.058519496233893,0.027014996301475108,0.8027593943381607,0.6817528231267608,0.0,5.005278115777891,2.2418664284084593,1.0992238284663305,1.6295882525171748,3.3091296408969697},fitness=net.sf.jclec.fitness.SimpleValueFitness@18ef96[value=293.57127026628353]]
Median individual: net.sf.jclec.realarray.RealArrayIndividual@52d455b8[genotype={0.0,2.0880075046311872,1.9408032077889767,0.1479200376617407,0.45042978419860524,0.07311292161639873,3.091536325832611,2.889561826033626,4.079256093833868,4.9781788189497815,3.571185222230614,1.938229585252914,0.0,2.890609007326447,0.06437917463820571,2.05294160876755,1.9068411260055518,3.265555942151178,0.9276091618538049,1.0633095302021447,1.058519496233893,0.027014996301475108,0.8027593943381607,0.6817528231267608,0.0,5.005278115777891,2.2418664284084593,1.0992238284663305,1.6295882525171748,3.3091296408969697},fitness=net.sf.jclec.fitness.SimpleValueFitness@18ef96[value=293.57127026628353]]
Average fitness = 293.57127026628353
Fitness variance = 0.0
Generation 90 Report
Best individual: net.sf.jclec.realarray.RealArrayIndividual@6956de9[genotype={0.0,2.0880075046311872,1.9408032077889767,0.1479200376617407,0.45042978419860524,0.07311292161639873,3.091536325832611,2.889561826033626,4.079256093833868,4.9781788189497815,3.571185222230614,1.938229585252914,0.0,2.890609007326447,0.06437917463820571,2.05294160876755,1.9068411260055518,3.265555942151178,0.9276091618538049,1.0633095302021447,1.058519496233893,0.027014996301475108,0.8027593943381607,0.6817528231267608,0.0,5.005278115777891,2.2418664284084593,1.0992238284663305,1.6295882525171748,3.3091296408969697},fitness=net.sf.jclec.fitness.SimpleValueFitness@6aceb1a5[value=293.57127026628353]]
Worst individual: net.sf.jclec.realarray.RealArrayIndividual@6956de9[genotype={0.0,2.0880075046311872,1.9408032077889767,0.1479200376617407,0.45042978419860524,0.07311292161639873,3.091536325832611,2.889561826033626,4.079256093833868,4.9781788189497815,3.571185222230614,1.938229585252914,0.0,2.890609007326447,0.06437917463820571,2.05294160876755,1.9068411260055518,3.265555942151178,0.9276091618538049,1.0633095302021447,1.058519496233893,0.027014996301475108,0.8027593943381607,0.6817528231267608,0.0,5.005278115777891,2.2418664284084593,1.0992238284663305,1.6295882525171748,3.3091296408969697},fitness=net.sf.jclec.fitness.SimpleValueFitness@6aceb1a5[value=293.57127026628353]]
Median individual: net.sf.jclec.realarray.RealArrayIndividual@6956de9[genotype={0.0,2.0880075046311872,1.9408032077889767,0.1479200376617407,0.45042978419860524,0.07311292161639873,3.091536325832611,2.889561826033626,4.079256093833868,4.9781788189497815,3.571185222230614,1.938229585252914,0.0,2.890609007326447,0.06437917463820571,2.05294160876755,1.9068411260055518,3.265555942151178,0.9276091618538049,1.0633095302021447,1.058519496233893,0.027014996301475108,0.8027593943381607,0.6817528231267608,0.0,5.005278115777891,2.2418664284084593,1.0992238284663305,1.6295882525171748,3.3091296408969697},fitness=net.sf.jclec.fitness.SimpleValueFitness@6aceb1a5[value=293.57127026628353]]
Average fitness = 293.57127026628353
Fitness variance = 0.0
Generation 100 Report
Best individual: net.sf.jclec.realarray.RealArrayIndividual@2d6d8735[genotype={0.0,2.0880075046311872,1.9408032077889767,0.1479200376617407,0.45042978419860524,0.07311292161639873,3.091536325832611,2.889561826033626,4.079256093833868,4.9781788189497815,3.571185222230614,1.938229585252914,0.0,2.890609007326447,0.06437917463820571,2.05294160876755,1.9068411260055518,3.265555942151178,0.9276091618538049,1.0633095302021447,1.058519496233893,0.027014996301475108,0.8027593943381607,0.6817528231267608,0.0,5.005278115777891,2.2418664284084593,1.0992238284663305,1.6295882525171748,3.3091296408969697},fitness=net.sf.jclec.fitness.SimpleValueFitness@12bc6874[value=293.57127026628353]]
Worst individual: net.sf.jclec.realarray.RealArrayIndividual@2d6d8735[genotype={0.0,2.0880075046311872,1.9408032077889767,0.1479200376617407,0.45042978419860524,0.07311292161639873,3.091536325832611,2.889561826033626,4.079256093833868,4.9781788189497815,3.571185222230614,1.938229585252914,0.0,2.890609007326447,0.06437917463820571,2.05294160876755,1.9068411260055518,3.265555942151178,0.9276091618538049,1.0633095302021447,1.058519496233893,0.027014996301475108,0.8027593943381607,0.6817528231267608,0.0,5.005278115777891,2.2418664284084593,1.0992238284663305,1.6295882525171748,3.3091296408969697},fitness=net.sf.jclec.fitness.SimpleValueFitness@12bc6874[value=293.57127026628353]]
Median individual: net.sf.jclec.realarray.RealArrayIndividual@2d6d8735[genotype={0.0,2.0880075046311872,1.9408032077889767,0.1479200376617407,0.45042978419860524,0.07311292161639873,3.091536325832611,2.889561826033626,4.079256093833868,4.9781788189497815,3.571185222230614,1.938229585252914,0.0,2.890609007326447,0.06437917463820571,2.05294160876755,1.9068411260055518,3.265555942151178,0.9276091618538049,1.0633095302021447,1.058519496233893,0.027014996301475108,0.8027593943381607,0.6817528231267608,0.0,5.005278115777891,2.2418664284084593,1.0992238284663305,1.6295882525171748,3.3091296408969697},fitness=net.sf.jclec.fitness.SimpleValueFitness@12bc6874[value=293.57127026628353]]
Average fitness = 293.57127026628353
Fitness variance = 0.0
Generation 110 Report
Best individual: net.sf.jclec.realarray.RealArrayIndividual@de0a01f[genotype={0.0,2.0880075046311872,1.9408032077889767,0.1479200376617407,0.45042978419860524,0.07311292161639873,3.091536325832611,2.889561826033626,4.079256093833868,4.9781788189497815,3.571185222230614,1.938229585252914,0.0,2.890609007326447,0.06437917463820571,2.05294160876755,1.9068411260055518,3.265555942151178,0.9276091618538049,1.0633095302021447,1.058519496233893,0.027014996301475108,0.8027593943381607,0.6817528231267608,0.0,5.005278115777891,2.2418664284084593,1.0992238284663305,1.6295882525171748,3.3091296408969697},fitness=net.sf.jclec.fitness.SimpleValueFitness@1ef7fe8e[value=293.57127026628353]]
Worst individual: net.sf.jclec.realarray.RealArrayIndividual@de0a01f[genotype={0.0,2.0880075046311872,1.9408032077889767,0.1479200376617407,0.45042978419860524,0.07311292161639873,3.091536325832611,2.889561826033626,4.079256093833868,4.9781788189497815,3.571185222230614,1.938229585252914,0.0,2.890609007326447,0.06437917463820571,2.05294160876755,1.9068411260055518,3.265555942151178,0.9276091618538049,1.0633095302021447,1.058519496233893,0.027014996301475108,0.8027593943381607,0.6817528231267608,0.0,5.005278115777891,2.2418664284084593,1.0992238284663305,1.6295882525171748,3.3091296408969697},fitness=net.sf.jclec.fitness.SimpleValueFitness@1ef7fe8e[value=293.57127026628353]]
Median individual: net.sf.jclec.realarray.RealArrayIndividual@de0a01f[genotype={0.0,2.0880075046311872,1.9408032077889767,0.1479200376617407,0.45042978419860524,0.07311292161639873,3.091536325832611,2.889561826033626,4.079256093833868,4.9781788189497815,3.571185222230614,1.938229585252914,0.0,2.890609007326447,0.06437917463820571,2.05294160876755,1.9068411260055518,3.265555942151178,0.9276091618538049,1.0633095302021447,1.058519496233893,0.027014996301475108,0.8027593943381607,0.6817528231267608,0.0,5.005278115777891,2.2418664284084593,1.0992238284663305,1.6295882525171748,3.3091296408969697},fitness=net.sf.jclec.fitness.SimpleValueFitness@1ef7fe8e[value=293.57127026628353]]
Average fitness = 293.57127026628353
Fitness variance = 0.0
Generation 120 Report
Best individual: net.sf.jclec.realarray.RealArrayIndividual@6f79caec[genotype={0.0,2.0880075046311872,1.9408032077889767,0.1479200376617407,0.45042978419860524,0.07311292161639873,3.091536325832611,2.889561826033626,4.079256093833868,4.9781788189497815,3.570916094601304,1.938229585252914,0.0,2.890609007326447,0.06437917463820571,2.05294160876755,1.9068411260055518,3.2654060850090043,0.9276091618538049,1.0633095302021447,1.058519496233893,0.027014996301475108,0.8027593943381607,0.6817528231267608,0.0,5.005278115777891,2.2418664284084593,1.0992238284663305,1.6295882525171748,3.3091296408969697},fitness=net.sf.jclec.fitness.SimpleValueFitness@5d3411d[value=293.566298809588]]
Worst individual: net.sf.jclec.realarray.RealArrayIndividual@6f79caec[genotype={0.0,2.0880075046311872,1.9408032077889767,0.1479200376617407,0.45042978419860524,0.07311292161639873,3.091536325832611,2.889561826033626,4.079256093833868,4.9781788189497815,3.570916094601304,1.938229585252914,0.0,2.890609007326447,0.06437917463820571,2.05294160876755,1.9068411260055518,3.2654060850090043,0.9276091618538049,1.0633095302021447,1.058519496233893,0.027014996301475108,0.8027593943381607,0.6817528231267608,0.0,5.005278115777891,2.2418664284084593,1.0992238284663305,1.6295882525171748,3.3091296408969697},fitness=net.sf.jclec.fitness.SimpleValueFitness@5d3411d[value=293.566298809588]]
Median individual: net.sf.jclec.realarray.RealArrayIndividual@6f79caec[genotype={0.0,2.0880075046311872,1.9408032077889767,0.1479200376617407,0.45042978419860524,0.07311292161639873,3.091536325832611,2.889561826033626,4.079256093833868,4.9781788189497815,3.570916094601304,1.938229585252914,0.0,2.890609007326447,0.06437917463820571,2.05294160876755,1.9068411260055518,3.2654060850090043,0.9276091618538049,1.0633095302021447,1.058519496233893,0.027014996301475108,0.8027593943381607,0.6817528231267608,0.0,5.005278115777891,2.2418664284084593,1.0992238284663305,1.6295882525171748,3.3091296408969697},fitness=net.sf.jclec.fitness.SimpleValueFitness@5d3411d[value=293.566298809588]]
Average fitness = 293.566298809588
Fitness variance = 0.0
Generation 130 Report
Best individual: net.sf.jclec.realarray.RealArrayIndividual@2471cca7[genotype={0.0,2.0721012839708637,1.9408032077889767,0.1479200376617407,0.45042978419860524,0.073211525453055,3.091536325832611,2.889561826033626,4.079256093833868,4.9781788189497815,3.570916094601304,1.938229585252914,0.0,2.890609007326447,0.06437917463820571,2.05294160876755,1.9068411260055518,3.2654060850090043,0.9280147382716682,1.0633095302021447,1.058519496233893,0.027014996301475108,0.8027593943381607,0.6817528231267608,0.0,5.005278115777891,2.2418664284084593,1.0992238284663305,1.6295882525171748,3.316240745021829},fitness=net.sf.jclec.fitness.SimpleValueFitness@6979e8cb[value=293.47057813239303]]
Worst individual: net.sf.jclec.realarray.RealArrayIndividual@2471cca7[genotype={0.0,2.0721012839708637,1.9408032077889767,0.1479200376617407,0.45042978419860524,0.073211525453055,3.091536325832611,2.889561826033626,4.079256093833868,4.9781788189497815,3.570916094601304,1.938229585252914,0.0,2.890609007326447,0.06437917463820571,2.05294160876755,1.9068411260055518,3.2654060850090043,0.9280147382716682,1.0633095302021447,1.058519496233893,0.027014996301475108,0.8027593943381607,0.6817528231267608,0.0,5.005278115777891,2.2418664284084593,1.0992238284663305,1.6295882525171748,3.316240745021829},fitness=net.sf.jclec.fitness.SimpleValueFitness@6979e8cb[value=293.47057813239303]]
Median individual: net.sf.jclec.realarray.RealArrayIndividual@2471cca7[genotype={0.0,2.0721012839708637,1.9408032077889767,0.1479200376617407,0.45042978419860524,0.073211525453055,3.091536325832611,2.889561826033626,4.079256093833868,4.9781788189497815,3.570916094601304,1.938229585252914,0.0,2.890609007326447,0.06437917463820571,2.05294160876755,1.9068411260055518,3.2654060850090043,0.9280147382716682,1.0633095302021447,1.058519496233893,0.027014996301475108,0.8027593943381607,0.6817528231267608,0.0,5.005278115777891,2.2418664284084593,1.0992238284663305,1.6295882525171748,3.316240745021829},fitness=net.sf.jclec.fitness.SimpleValueFitness@6979e8cb[value=293.47057813239303]]
Average fitness = 293.47057813239303
Fitness variance = 0.0
Generation 140 Report
Best individual: net.sf.jclec.realarray.RealArrayIndividual@763d9750[genotype={0.0,2.0721012839708637,1.9408032077889767,0.1479200376617407,0.45042978419860524,0.073211525453055,3.091536325832611,2.889561826033626,4.079256093833868,4.9781788189497815,3.570916094601304,1.938229585252914,0.0,2.890609007326447,0.06437917463820571,2.05294160876755,1.9068411260055518,3.2654060850090043,0.9280147382716682,1.0633095302021447,1.058519496233893,0.027014996301475108,0.8027593943381607,0.6817528231267608,0.0,5.005278115777891,2.2418664284084593,1.0992238284663305,1.6295882525171748,3.316240745021829},fitness=net.sf.jclec.fitness.SimpleValueFitness@2be94b0f[value=293.47057813239303]]
Worst individual: net.sf.jclec.realarray.RealArrayIndividual@763d9750[genotype={0.0,2.0721012839708637,1.9408032077889767,0.1479200376617407,0.45042978419860524,0.073211525453055,3.091536325832611,2.889561826033626,4.079256093833868,4.9781788189497815,3.570916094601304,1.938229585252914,0.0,2.890609007326447,0.06437917463820571,2.05294160876755,1.9068411260055518,3.2654060850090043,0.9280147382716682,1.0633095302021447,1.058519496233893,0.027014996301475108,0.8027593943381607,0.6817528231267608,0.0,5.005278115777891,2.2418664284084593,1.0992238284663305,1.6295882525171748,3.316240745021829},fitness=net.sf.jclec.fitness.SimpleValueFitness@2be94b0f[value=293.47057813239303]]
Median individual: net.sf.jclec.realarray.RealArrayIndividual@763d9750[genotype={0.0,2.0721012839708637,1.9408032077889767,0.1479200376617407,0.45042978419860524,0.073211525453055,3.091536325832611,2.889561826033626,4.079256093833868,4.9781788189497815,3.570916094601304,1.938229585252914,0.0,2.890609007326447,0.06437917463820571,2.05294160876755,1.9068411260055518,3.2654060850090043,0.9280147382716682,1.0633095302021447,1.058519496233893,0.027014996301475108,0.8027593943381607,0.6817528231267608,0.0,5.005278115777891,2.2418664284084593,1.0992238284663305,1.6295882525171748,3.316240745021829},fitness=net.sf.jclec.fitness.SimpleValueFitness@2be94b0f[value=293.47057813239303]]
Average fitness = 293.47057813239303
Fitness variance = 0.0
Generation 150 Report
Best individual: net.sf.jclec.realarray.RealArrayIndividual@d70c109[genotype={0.0,2.0721012839708637,1.9408032077889767,0.1479200376617407,0.45042978419860524,0.073211525453055,3.091536325832611,2.889561826033626,4.079256093833868,4.9781788189497815,3.570916094601304,1.938229585252914,0.0,2.890609007326447,0.06437917463820571,2.05294160876755,1.9068411260055518,3.2654060850090043,0.9280147382716682,1.0633095302021447,1.058519496233893,0.027014996301475108,0.8027593943381607,0.6817528231267608,0.0,5.005278115777891,2.2418664284084593,1.0992238284663305,1.6295882525171748,3.316240745021829},fitness=net.sf.jclec.fitness.SimpleValueFitness@50675690[value=293.47057813239303]]
Worst individual: net.sf.jclec.realarray.RealArrayIndividual@d70c109[genotype={0.0,2.0721012839708637,1.9408032077889767,0.1479200376617407,0.45042978419860524,0.073211525453055,3.091536325832611,2.889561826033626,4.079256093833868,4.9781788189497815,3.570916094601304,1.938229585252914,0.0,2.890609007326447,0.06437917463820571,2.05294160876755,1.9068411260055518,3.2654060850090043,0.9280147382716682,1.0633095302021447,1.058519496233893,0.027014996301475108,0.8027593943381607,0.6817528231267608,0.0,5.005278115777891,2.2418664284084593,1.0992238284663305,1.6295882525171748,3.316240745021829},fitness=net.sf.jclec.fitness.SimpleValueFitness@50675690[value=293.47057813239303]]
Median individual: net.sf.jclec.realarray.RealArrayIndividual@d70c109[genotype={0.0,2.0721012839708637,1.9408032077889767,0.1479200376617407,0.45042978419860524,0.073211525453055,3.091536325832611,2.889561826033626,4.079256093833868,4.9781788189497815,3.570916094601304,1.938229585252914,0.0,2.890609007326447,0.06437917463820571,2.05294160876755,1.9068411260055518,3.2654060850090043,0.9280147382716682,1.0633095302021447,1.058519496233893,0.027014996301475108,0.8027593943381607,0.6817528231267608,0.0,5.005278115777891,2.2418664284084593,1.0992238284663305,1.6295882525171748,3.316240745021829},fitness=net.sf.jclec.fitness.SimpleValueFitness@50675690[value=293.47057813239303]]
Average fitness = 293.47057813239303
Fitness variance = 0.0
Generation 160 Report
Best individual: net.sf.jclec.realarray.RealArrayIndividual@31b7dea0[genotype={0.0,2.0721012839708637,1.9408032077889767,0.1479200376617407,0.45042978419860524,0.073211525453055,3.091536325832611,2.889561826033626,4.079256093833868,4.9781788189497815,3.570916094601304,1.938229585252914,0.0,2.890609007326447,0.06437917463820571,2.05294160876755,1.9068411260055518,3.2654060850090043,0.9280147382716682,1.0633095302021447,1.058519496233893,0.027014996301475108,0.8027593943381607,0.6817528231267608,0.0,5.005278115777891,2.2418664284084593,1.0992238284663305,1.6295882525171748,3.316240745021829},fitness=net.sf.jclec.fitness.SimpleValueFitness@47d384ee[value=293.47057813239303]]
Worst individual: net.sf.jclec.realarray.RealArrayIndividual@31b7dea0[genotype={0.0,2.0721012839708637,1.9408032077889767,0.1479200376617407,0.45042978419860524,0.073211525453055,3.091536325832611,2.889561826033626,4.079256093833868,4.9781788189497815,3.570916094601304,1.938229585252914,0.0,2.890609007326447,0.06437917463820571,2.05294160876755,1.9068411260055518,3.2654060850090043,0.9280147382716682,1.0633095302021447,1.058519496233893,0.027014996301475108,0.8027593943381607,0.6817528231267608,0.0,5.005278115777891,2.2418664284084593,1.0992238284663305,1.6295882525171748,3.316240745021829},fitness=net.sf.jclec.fitness.SimpleValueFitness@47d384ee[value=293.47057813239303]]
Median individual: net.sf.jclec.realarray.RealArrayIndividual@31b7dea0[genotype={0.0,2.0721012839708637,1.9408032077889767,0.1479200376617407,0.45042978419860524,0.073211525453055,3.091536325832611,2.889561826033626,4.079256093833868,4.9781788189497815,3.570916094601304,1.938229585252914,0.0,2.890609007326447,0.06437917463820571,2.05294160876755,1.9068411260055518,3.2654060850090043,0.9280147382716682,1.0633095302021447,1.058519496233893,0.027014996301475108,0.8027593943381607,0.6817528231267608,0.0,5.005278115777891,2.2418664284084593,1.0992238284663305,1.6295882525171748,3.316240745021829},fitness=net.sf.jclec.fitness.SimpleValueFitness@47d384ee[value=293.47057813239303]]
Average fitness = 293.47057813239303
Fitness variance = 0.0
Generation 170 Report
Best individual: net.sf.jclec.realarray.RealArrayIndividual@2d6a9952[genotype={0.0,2.0721012839708637,1.9408032077889767,0.0,0.45042978419860524,0.073211525453055,3.091536325832611,2.889561826033626,4.079256093833868,4.9781788189497815,3.570916094601304,1.938229585252914,0.0,2.890609007326447,0.06437917463820571,2.05294160876755,1.9068411260055518,3.2654060850090043,0.9280147382716682,1.0633095302021447,0.0,0.027014996301475108,0.8027593943381607,0.6817528231267608,0.0,5.005278115777891,2.2418664284084593,1.0992238284663305,1.6295882525171748,3.316240745021829},fitness=net.sf.jclec.fitness.SimpleValueFitness@3930015a[value=287.6429166288307]]
Worst individual: net.sf.jclec.realarray.RealArrayIndividual@2d6a9952[genotype={0.0,2.0721012839708637,1.9408032077889767,0.0,0.45042978419860524,0.073211525453055,3.091536325832611,2.889561826033626,4.079256093833868,4.9781788189497815,3.570916094601304,1.938229585252914,0.0,2.890609007326447,0.06437917463820571,2.05294160876755,1.9068411260055518,3.2654060850090043,0.9280147382716682,1.0633095302021447,0.0,0.027014996301475108,0.8027593943381607,0.6817528231267608,0.0,5.005278115777891,2.2418664284084593,1.0992238284663305,1.6295882525171748,3.316240745021829},fitness=net.sf.jclec.fitness.SimpleValueFitness@3930015a[value=287.6429166288307]]
Median individual: net.sf.jclec.realarray.RealArrayIndividual@2d6a9952[genotype={0.0,2.0721012839708637,1.9408032077889767,0.0,0.45042978419860524,0.073211525453055,3.091536325832611,2.889561826033626,4.079256093833868,4.9781788189497815,3.570916094601304,1.938229585252914,0.0,2.890609007326447,0.06437917463820571,2.05294160876755,1.9068411260055518,3.2654060850090043,0.9280147382716682,1.0633095302021447,0.0,0.027014996301475108,0.8027593943381607,0.6817528231267608,0.0,5.005278115777891,2.2418664284084593,1.0992238284663305,1.6295882525171748,3.316240745021829},fitness=net.sf.jclec.fitness.SimpleValueFitness@3930015a[value=287.6429166288307]]
Average fitness = 287.6429166288307
Fitness variance = 0.0
Generation 180 Report
Best individual: net.sf.jclec.realarray.RealArrayIndividual@629f0666[genotype={0.0,2.0721012839708637,1.9408032077889767,0.0,0.45042978419860524,0.073211525453055,3.091536325832611,2.889561826033626,4.079256093833868,4.9781788189497815,3.570916094601304,1.938229585252914,0.0,2.890609007326447,0.06437917463820571,2.05294160876755,1.9068411260055518,3.2654060850090043,0.9280147382716682,1.0633095302021447,0.0,0.027014996301475108,0.8027593943381607,0.6817528231267608,0.0,5.005278115777891,2.2418664284084593,1.0992238284663305,1.6295882525171748,3.316240745021829},fitness=net.sf.jclec.fitness.SimpleValueFitness@1ff8b8f[value=287.6429166288307]]
Worst individual: net.sf.jclec.realarray.RealArrayIndividual@629f0666[genotype={0.0,2.0721012839708637,1.9408032077889767,0.0,0.45042978419860524,0.073211525453055,3.091536325832611,2.889561826033626,4.079256093833868,4.9781788189497815,3.570916094601304,1.938229585252914,0.0,2.890609007326447,0.06437917463820571,2.05294160876755,1.9068411260055518,3.2654060850090043,0.9280147382716682,1.0633095302021447,0.0,0.027014996301475108,0.8027593943381607,0.6817528231267608,0.0,5.005278115777891,2.2418664284084593,1.0992238284663305,1.6295882525171748,3.316240745021829},fitness=net.sf.jclec.fitness.SimpleValueFitness@1ff8b8f[value=287.6429166288307]]
Median individual: net.sf.jclec.realarray.RealArrayIndividual@629f0666[genotype={0.0,2.0721012839708637,1.9408032077889767,0.0,0.45042978419860524,0.073211525453055,3.091536325832611,2.889561826033626,4.079256093833868,4.9781788189497815,3.570916094601304,1.938229585252914,0.0,2.890609007326447,0.06437917463820571,2.05294160876755,1.9068411260055518,3.2654060850090043,0.9280147382716682,1.0633095302021447,0.0,0.027014996301475108,0.8027593943381607,0.6817528231267608,0.0,5.005278115777891,2.2418664284084593,1.0992238284663305,1.6295882525171748,3.316240745021829},fitness=net.sf.jclec.fitness.SimpleValueFitness@1ff8b8f[value=287.6429166288307]]
Average fitness = 287.6429166288307
Fitness variance = 0.0
Generation 190 Report
Best individual: net.sf.jclec.realarray.RealArrayIndividual@387c703b[genotype={0.0,2.0721012839708637,1.9408032077889767,0.0,0.45042978419860524,0.073211525453055,3.091536325832611,2.889561826033626,4.079256093833868,4.9781788189497815,3.570916094601304,1.938229585252914,0.0,2.890609007326447,0.06437917463820571,2.05294160876755,1.9068411260055518,3.2654060850090043,0.9280147382716682,1.0633095302021447,0.0,0.027014996301475108,0.8027593943381607,0.6817528231267608,0.0,5.005278115777891,2.2418664284084593,1.0992238284663305,1.0058495934930418,3.316240745021829},fitness=net.sf.jclec.fitness.SimpleValueFitness@c39f790[value=269.1415385392315]]
Worst individual: net.sf.jclec.realarray.RealArrayIndividual@387c703b[genotype={0.0,2.0721012839708637,1.9408032077889767,0.0,0.45042978419860524,0.073211525453055,3.091536325832611,2.889561826033626,4.079256093833868,4.9781788189497815,3.570916094601304,1.938229585252914,0.0,2.890609007326447,0.06437917463820571,2.05294160876755,1.9068411260055518,3.2654060850090043,0.9280147382716682,1.0633095302021447,0.0,0.027014996301475108,0.8027593943381607,0.6817528231267608,0.0,5.005278115777891,2.2418664284084593,1.0992238284663305,1.0058495934930418,3.316240745021829},fitness=net.sf.jclec.fitness.SimpleValueFitness@c39f790[value=269.1415385392315]]
Median individual: net.sf.jclec.realarray.RealArrayIndividual@387c703b[genotype={0.0,2.0721012839708637,1.9408032077889767,0.0,0.45042978419860524,0.073211525453055,3.091536325832611,2.889561826033626,4.079256093833868,4.9781788189497815,3.570916094601304,1.938229585252914,0.0,2.890609007326447,0.06437917463820571,2.05294160876755,1.9068411260055518,3.2654060850090043,0.9280147382716682,1.0633095302021447,0.0,0.027014996301475108,0.8027593943381607,0.6817528231267608,0.0,5.005278115777891,2.2418664284084593,1.0992238284663305,1.0058495934930418,3.316240745021829},fitness=net.sf.jclec.fitness.SimpleValueFitness@c39f790[value=269.1415385392315]]
Average fitness = 269.1415385392315
Fitness variance = 0.0
Generation 200 Report
Best individual: net.sf.jclec.realarray.RealArrayIndividual@71e7a66b[genotype={0.0,2.0721012839708637,1.9408032077889767,0.0,0.45042978419860524,0.073211525453055,3.091536325832611,2.889561826033626,4.079256093833868,4.9781788189497815,3.570916094601304,1.938229585252914,0.0,2.890609007326447,0.06437917463820571,2.05294160876755,1.9068411260055518,3.2654060850090043,0.0,1.0633095302021447,0.0,0.027014996301475108,0.8027593943381607,0.6817528231267608,0.0,5.005278115777891,2.2418664284084593,1.0992238284663305,1.0058495934930418,3.316240745021829},fitness=net.sf.jclec.fitness.SimpleValueFitness@5f150435[value=267.2747844454713]]
Worst individual: net.sf.jclec.realarray.RealArrayIndividual@71e7a66b[genotype={0.0,2.0721012839708637,1.9408032077889767,0.0,0.45042978419860524,0.073211525453055,3.091536325832611,2.889561826033626,4.079256093833868,4.9781788189497815,3.570916094601304,1.938229585252914,0.0,2.890609007326447,0.06437917463820571,2.05294160876755,1.9068411260055518,3.2654060850090043,0.0,1.0633095302021447,0.0,0.027014996301475108,0.8027593943381607,0.6817528231267608,0.0,5.005278115777891,2.2418664284084593,1.0992238284663305,1.0058495934930418,3.316240745021829},fitness=net.sf.jclec.fitness.SimpleValueFitness@5f150435[value=267.2747844454713]]
Median individual: net.sf.jclec.realarray.RealArrayIndividual@71e7a66b[genotype={0.0,2.0721012839708637,1.9408032077889767,0.0,0.45042978419860524,0.073211525453055,3.091536325832611,2.889561826033626,4.079256093833868,4.9781788189497815,3.570916094601304,1.938229585252914,0.0,2.890609007326447,0.06437917463820571,2.05294160876755,1.9068411260055518,3.2654060850090043,0.0,1.0633095302021447,0.0,0.027014996301475108,0.8027593943381607,0.6817528231267608,0.0,5.005278115777891,2.2418664284084593,1.0992238284663305,1.0058495934930418,3.316240745021829},fitness=net.sf.jclec.fitness.SimpleValueFitness@5f150435[value=267.2747844454713]]
Average fitness = 267.2747844454713
Fitness variance = 0.0
Generation 210 Report
Best individual: net.sf.jclec.realarray.RealArrayIndividual@1c53fd30[genotype={0.0,0.0,1.9408032077889767,0.0,0.45042978419860524,0.073211525453055,3.091536325832611,2.889561826033626,4.079256093833868,4.9781788189497815,3.570916094601304,1.938229585252914,0.0,2.890609007326447,0.06437917463820571,2.05294160876755,1.9068411260055518,3.2654060850090043,0.0,1.0633095302021447,0.0,0.027014996301475108,0.8027593943381607,0.6817528231267608,0.0,5.005278115777891,2.2418664284084593,1.0992238284663305,1.0058495934930418,3.316240745021829},fitness=net.sf.jclec.fitness.SimpleValueFitness@75412c2f[value=261.9724496656942]]
Worst individual: net.sf.jclec.realarray.RealArrayIndividual@1c53fd30[genotype={0.0,0.0,1.9408032077889767,0.0,0.45042978419860524,0.073211525453055,3.091536325832611,2.889561826033626,4.079256093833868,4.9781788189497815,3.570916094601304,1.938229585252914,0.0,2.890609007326447,0.06437917463820571,2.05294160876755,1.9068411260055518,3.2654060850090043,0.0,1.0633095302021447,0.0,0.027014996301475108,0.8027593943381607,0.6817528231267608,0.0,5.005278115777891,2.2418664284084593,1.0992238284663305,1.0058495934930418,3.316240745021829},fitness=net.sf.jclec.fitness.SimpleValueFitness@75412c2f[value=261.9724496656942]]
Median individual: net.sf.jclec.realarray.RealArrayIndividual@1c53fd30[genotype={0.0,0.0,1.9408032077889767,0.0,0.45042978419860524,0.073211525453055,3.091536325832611,2.889561826033626,4.079256093833868,4.9781788189497815,3.570916094601304,1.938229585252914,0.0,2.890609007326447,0.06437917463820571,2.05294160876755,1.9068411260055518,3.2654060850090043,0.0,1.0633095302021447,0.0,0.027014996301475108,0.8027593943381607,0.6817528231267608,0.0,5.005278115777891,2.2418664284084593,1.0992238284663305,1.0058495934930418,3.316240745021829},fitness=net.sf.jclec.fitness.SimpleValueFitness@75412c2f[value=261.9724496656942]]
Average fitness = 261.9724496656942
Fitness variance = 0.0
Generation 220 Report
Best individual: net.sf.jclec.realarray.RealArrayIndividual@282ba1e[genotype={0.0,0.0,1.9408032077889767,0.0,0.45042978419860524,0.073211525453055,3.091536325832611,2.889561826033626,4.079256093833868,4.9781788189497815,3.570916094601304,1.938229585252914,0.0,2.890609007326447,0.06437917463820571,2.05294160876755,1.9068411260055518,3.2654060850090043,0.0,1.0633095302021447,0.0,0.027014996301475108,0.8027593943381607,0.6817528231267608,0.0,5.005278115777891,2.2418664284084593,1.0992238284663305,1.0058495934930418,3.316240745021829},fitness=net.sf.jclec.fitness.SimpleValueFitness@f5f2bb7[value=261.9724496656942]]
Worst individual: net.sf.jclec.realarray.RealArrayIndividual@282ba1e[genotype={0.0,0.0,1.9408032077889767,0.0,0.45042978419860524,0.073211525453055,3.091536325832611,2.889561826033626,4.079256093833868,4.9781788189497815,3.570916094601304,1.938229585252914,0.0,2.890609007326447,0.06437917463820571,2.05294160876755,1.9068411260055518,3.2654060850090043,0.0,1.0633095302021447,0.0,0.027014996301475108,0.8027593943381607,0.6817528231267608,0.0,5.005278115777891,2.2418664284084593,1.0992238284663305,1.0058495934930418,3.316240745021829},fitness=net.sf.jclec.fitness.SimpleValueFitness@f5f2bb7[value=261.9724496656942]]
Median individual: net.sf.jclec.realarray.RealArrayIndividual@282ba1e[genotype={0.0,0.0,1.9408032077889767,0.0,0.45042978419860524,0.073211525453055,3.091536325832611,2.889561826033626,4.079256093833868,4.9781788189497815,3.570916094601304,1.938229585252914,0.0,2.890609007326447,0.06437917463820571,2.05294160876755,1.9068411260055518,3.2654060850090043,0.0,1.0633095302021447,0.0,0.027014996301475108,0.8027593943381607,0.6817528231267608,0.0,5.005278115777891,2.2418664284084593,1.0992238284663305,1.0058495934930418,3.316240745021829},fitness=net.sf.jclec.fitness.SimpleValueFitness@f5f2bb7[value=261.9724496656942]]
Average fitness = 261.9724496656942
Fitness variance = 0.0
Generation 230 Report
Best individual: net.sf.jclec.realarray.RealArrayIndividual@73035e27[genotype={0.0,0.0,1.9408032077889767,0.0,0.45042978419860524,0.073211525453055,3.091536325832611,2.889561826033626,4.079256093833868,4.9781788189497815,3.570916094601304,1.938229585252914,0.0,2.890609007326447,0.06437917463820571,2.05294160876755,1.9068411260055518,3.2654060850090043,0.0,0.0,0.0,0.027014996301475108,0.8027593943381607,0.6817528231267608,0.0,5.005278115777891,2.2418664284084593,1.0992238284663305,1.0058495934930418,3.316240745021829},fitness=net.sf.jclec.fitness.SimpleValueFitness@3ecf72fd[value=260.06103348776907]]
Worst individual: net.sf.jclec.realarray.RealArrayIndividual@73035e27[genotype={0.0,0.0,1.9408032077889767,0.0,0.45042978419860524,0.073211525453055,3.091536325832611,2.889561826033626,4.079256093833868,4.9781788189497815,3.570916094601304,1.938229585252914,0.0,2.890609007326447,0.06437917463820571,2.05294160876755,1.9068411260055518,3.2654060850090043,0.0,0.0,0.0,0.027014996301475108,0.8027593943381607,0.6817528231267608,0.0,5.005278115777891,2.2418664284084593,1.0992238284663305,1.0058495934930418,3.316240745021829},fitness=net.sf.jclec.fitness.SimpleValueFitness@3ecf72fd[value=260.06103348776907]]
Median individual: net.sf.jclec.realarray.RealArrayIndividual@73035e27[genotype={0.0,0.0,1.9408032077889767,0.0,0.45042978419860524,0.073211525453055,3.091536325832611,2.889561826033626,4.079256093833868,4.9781788189497815,3.570916094601304,1.938229585252914,0.0,2.890609007326447,0.06437917463820571,2.05294160876755,1.9068411260055518,3.2654060850090043,0.0,0.0,0.0,0.027014996301475108,0.8027593943381607,0.6817528231267608,0.0,5.005278115777891,2.2418664284084593,1.0992238284663305,1.0058495934930418,3.316240745021829},fitness=net.sf.jclec.fitness.SimpleValueFitness@3ecf72fd[value=260.06103348776907]]
Average fitness = 260.06103348776907
Fitness variance = 0.0
Generation 240 Report
Best individual: net.sf.jclec.realarray.RealArrayIndividual@483bf400[genotype={0.0,0.0,1.9408032077889767,0.0,0.45042978419860524,0.073211525453055,3.091536325832611,2.889561826033626,4.079256093833868,4.9781788189497815,3.570916094601304,1.938229585252914,0.0,2.890609007326447,0.06437917463820571,2.05294160876755,1.9068411260055518,3.2654060850090043,0.0,0.0,0.0,0.027014996301475108,0.8027593943381607,0.6817528231267608,0.0,5.005278115777891,2.2418664284084593,1.0992238284663305,1.0058495934930418,3.316240745021829},fitness=net.sf.jclec.fitness.SimpleValueFitness@77f03bb1[value=260.06103348776907]]
Worst individual: net.sf.jclec.realarray.RealArrayIndividual@483bf400[genotype={0.0,0.0,1.9408032077889767,0.0,0.45042978419860524,0.073211525453055,3.091536325832611,2.889561826033626,4.079256093833868,4.9781788189497815,3.570916094601304,1.938229585252914,0.0,2.890609007326447,0.06437917463820571,2.05294160876755,1.9068411260055518,3.2654060850090043,0.0,0.0,0.0,0.027014996301475108,0.8027593943381607,0.6817528231267608,0.0,5.005278115777891,2.2418664284084593,1.0992238284663305,1.0058495934930418,3.316240745021829},fitness=net.sf.jclec.fitness.SimpleValueFitness@77f03bb1[value=260.06103348776907]]
Median individual: net.sf.jclec.realarray.RealArrayIndividual@483bf400[genotype={0.0,0.0,1.9408032077889767,0.0,0.45042978419860524,0.073211525453055,3.091536325832611,2.889561826033626,4.079256093833868,4.9781788189497815,3.570916094601304,1.938229585252914,0.0,2.890609007326447,0.06437917463820571,2.05294160876755,1.9068411260055518,3.2654060850090043,0.0,0.0,0.0,0.027014996301475108,0.8027593943381607,0.6817528231267608,0.0,5.005278115777891,2.2418664284084593,1.0992238284663305,1.0058495934930418,3.316240745021829},fitness=net.sf.jclec.fitness.SimpleValueFitness@77f03bb1[value=260.06103348776907]]
Average fitness = 260.06103348776907
Fitness variance = 0.0
Generation 250 Report
Best individual: net.sf.jclec.realarray.RealArrayIndividual@326de728[genotype={0.0,0.0,1.9408032077889767,0.0,0.45042978419860524,0.073211525453055,3.091536325832611,2.889561826033626,4.079256093833868,4.9781788189497815,3.570916094601304,1.938229585252914,0.0,2.890609007326447,0.06437917463820571,2.05294160876755,1.9068411260055518,3.2654060850090043,0.0,0.0,0.0,0.027014996301475108,0.8027593943381607,0.6817528231267608,0.0,5.005278115777891,2.2418664284084593,1.0992238284663305,1.0058495934930418,3.316240745021829},fitness=net.sf.jclec.fitness.SimpleValueFitness@7a92922[value=260.06103348776907]]
Worst individual: net.sf.jclec.realarray.RealArrayIndividual@326de728[genotype={0.0,0.0,1.9408032077889767,0.0,0.45042978419860524,0.073211525453055,3.091536325832611,2.889561826033626,4.079256093833868,4.9781788189497815,3.570916094601304,1.938229585252914,0.0,2.890609007326447,0.06437917463820571,2.05294160876755,1.9068411260055518,3.2654060850090043,0.0,0.0,0.0,0.027014996301475108,0.8027593943381607,0.6817528231267608,0.0,5.005278115777891,2.2418664284084593,1.0992238284663305,1.0058495934930418,3.316240745021829},fitness=net.sf.jclec.fitness.SimpleValueFitness@7a92922[value=260.06103348776907]]
Median individual: net.sf.jclec.realarray.RealArrayIndividual@326de728[genotype={0.0,0.0,1.9408032077889767,0.0,0.45042978419860524,0.073211525453055,3.091536325832611,2.889561826033626,4.079256093833868,4.9781788189497815,3.570916094601304,1.938229585252914,0.0,2.890609007326447,0.06437917463820571,2.05294160876755,1.9068411260055518,3.2654060850090043,0.0,0.0,0.0,0.027014996301475108,0.8027593943381607,0.6817528231267608,0.0,5.005278115777891,2.2418664284084593,1.0992238284663305,1.0058495934930418,3.316240745021829},fitness=net.sf.jclec.fitness.SimpleValueFitness@7a92922[value=260.06103348776907]]
Average fitness = 260.06103348776907
Fitness variance = 0.0
Generation 260 Report
Best individual: net.sf.jclec.realarray.RealArrayIndividual@71f2a7d5[genotype={0.0,0.0,1.9408032077889767,0.0,0.0,0.073211525453055,3.091536325832611,2.889561826033626,4.079256093833868,0.0,3.570916094601304,1.938229585252914,0.0,2.890609007326447,0.06437917463820571,2.05294160876755,1.9068411260055518,3.2654060850090043,0.0,0.0,0.0,0.027014996301475108,0.8027593943381607,0.6817528231267608,0.0,5.005278115777891,2.2418664284084593,0.0,1.0058495934930418,0.0},fitness=net.sf.jclec.fitness.SimpleValueFitness@5474c6c[value=187.33325218917727]]
Worst individual: net.sf.jclec.realarray.RealArrayIndividual@71f2a7d5[genotype={0.0,0.0,1.9408032077889767,0.0,0.0,0.073211525453055,3.091536325832611,2.889561826033626,4.079256093833868,0.0,3.570916094601304,1.938229585252914,0.0,2.890609007326447,0.06437917463820571,2.05294160876755,1.9068411260055518,3.2654060850090043,0.0,0.0,0.0,0.027014996301475108,0.8027593943381607,0.6817528231267608,0.0,5.005278115777891,2.2418664284084593,0.0,1.0058495934930418,0.0},fitness=net.sf.jclec.fitness.SimpleValueFitness@5474c6c[value=187.33325218917727]]
Median individual: net.sf.jclec.realarray.RealArrayIndividual@71f2a7d5[genotype={0.0,0.0,1.9408032077889767,0.0,0.0,0.073211525453055,3.091536325832611,2.889561826033626,4.079256093833868,0.0,3.570916094601304,1.938229585252914,0.0,2.890609007326447,0.06437917463820571,2.05294160876755,1.9068411260055518,3.2654060850090043,0.0,0.0,0.0,0.027014996301475108,0.8027593943381607,0.6817528231267608,0.0,5.005278115777891,2.2418664284084593,0.0,1.0058495934930418,0.0},fitness=net.sf.jclec.fitness.SimpleValueFitness@5474c6c[value=187.33325218917727]]
Average fitness = 187.33325218917727
Fitness variance = 0.0
Generation 270 Report
Best individual: net.sf.jclec.realarray.RealArrayIndividual@4b6995df[genotype={0.0,0.0,1.9408032077889767,0.0,0.0,0.073211525453055,3.091536325832611,2.889561826033626,0.0,0.0,3.570916094601304,1.938229585252914,0.0,2.890609007326447,0.06437917463820571,2.05294160876755,1.9068411260055518,3.2654060850090043,0.0,0.0,0.0,0.027014996301475108,0.8027593943381607,0.6817528231267608,0.0,5.005278115777891,2.2418664284084593,0.0,1.0058495934930418,0.0},fitness=net.sf.jclec.fitness.SimpleValueFitness@591f989e[value=169.47841055431488]]
Worst individual: net.sf.jclec.realarray.RealArrayIndividual@4b6995df[genotype={0.0,0.0,1.9408032077889767,0.0,0.0,0.073211525453055,3.091536325832611,2.889561826033626,0.0,0.0,3.570916094601304,1.938229585252914,0.0,2.890609007326447,0.06437917463820571,2.05294160876755,1.9068411260055518,3.2654060850090043,0.0,0.0,0.0,0.027014996301475108,0.8027593943381607,0.6817528231267608,0.0,5.005278115777891,2.2418664284084593,0.0,1.0058495934930418,0.0},fitness=net.sf.jclec.fitness.SimpleValueFitness@591f989e[value=169.47841055431488]]
Median individual: net.sf.jclec.realarray.RealArrayIndividual@4b6995df[genotype={0.0,0.0,1.9408032077889767,0.0,0.0,0.073211525453055,3.091536325832611,2.889561826033626,0.0,0.0,3.570916094601304,1.938229585252914,0.0,2.890609007326447,0.06437917463820571,2.05294160876755,1.9068411260055518,3.2654060850090043,0.0,0.0,0.0,0.027014996301475108,0.8027593943381607,0.6817528231267608,0.0,5.005278115777891,2.2418664284084593,0.0,1.0058495934930418,0.0},fitness=net.sf.jclec.fitness.SimpleValueFitness@591f989e[value=169.47841055431488]]
Average fitness = 169.47841055431488
Fitness variance = 0.0
Generation 280 Report
Best individual: net.sf.jclec.realarray.RealArrayIndividual@66048bfd[genotype={0.0,0.0,1.9408032077889767,0.0,0.0,0.073211525453055,3.091536325832611,2.889561826033626,0.0,0.0,3.570916094601304,0.0,0.0,2.890609007326447,0.06437917463820571,0.0,1.9068411260055518,3.2654060850090043,0.0,0.0,0.0,0.027014996301475108,0.8027593943381607,0.6817528231267608,0.0,5.005278115777891,2.2418664284084593,0.0,1.0058495934930418,0.0},fitness=net.sf.jclec.fitness.SimpleValueFitness@445b84c0[value=160.21517764864436]]
Worst individual: net.sf.jclec.realarray.RealArrayIndividual@66048bfd[genotype={0.0,0.0,1.9408032077889767,0.0,0.0,0.073211525453055,3.091536325832611,2.889561826033626,0.0,0.0,3.570916094601304,0.0,0.0,2.890609007326447,0.06437917463820571,0.0,1.9068411260055518,3.2654060850090043,0.0,0.0,0.0,0.027014996301475108,0.8027593943381607,0.6817528231267608,0.0,5.005278115777891,2.2418664284084593,0.0,1.0058495934930418,0.0},fitness=net.sf.jclec.fitness.SimpleValueFitness@445b84c0[value=160.21517764864436]]
Median individual: net.sf.jclec.realarray.RealArrayIndividual@66048bfd[genotype={0.0,0.0,1.9408032077889767,0.0,0.0,0.073211525453055,3.091536325832611,2.889561826033626,0.0,0.0,3.570916094601304,0.0,0.0,2.890609007326447,0.06437917463820571,0.0,1.9068411260055518,3.2654060850090043,0.0,0.0,0.0,0.027014996301475108,0.8027593943381607,0.6817528231267608,0.0,5.005278115777891,2.2418664284084593,0.0,1.0058495934930418,0.0},fitness=net.sf.jclec.fitness.SimpleValueFitness@445b84c0[value=160.21517764864436]]
Average fitness = 160.21517764864436
Fitness variance = 0.0
Generation 290 Report
Best individual: net.sf.jclec.realarray.RealArrayIndividual@61a52fbd[genotype={0.0,0.0,1.9408032077889767,0.0,0.0,0.073211525453055,3.091536325832611,2.889561826033626,0.0,0.0,3.570916094601304,0.0,0.0,2.890609007326447,0.06437917463820571,0.0,1.9068411260055518,3.2654060850090043,0.0,0.0,0.0,0.027014996301475108,0.8027593943381607,0.6817528231267608,0.0,5.005278115777891,2.2418664284084593,0.0,1.0058495934930418,0.0},fitness=net.sf.jclec.fitness.SimpleValueFitness@63d4e2ba[value=160.21517764864436]]
Worst individual: net.sf.jclec.realarray.RealArrayIndividual@61a52fbd[genotype={0.0,0.0,1.9408032077889767,0.0,0.0,0.073211525453055,3.091536325832611,2.889561826033626,0.0,0.0,3.570916094601304,0.0,0.0,2.890609007326447,0.06437917463820571,0.0,1.9068411260055518,3.2654060850090043,0.0,0.0,0.0,0.027014996301475108,0.8027593943381607,0.6817528231267608,0.0,5.005278115777891,2.2418664284084593,0.0,1.0058495934930418,0.0},fitness=net.sf.jclec.fitness.SimpleValueFitness@63d4e2ba[value=160.21517764864436]]
Median individual: net.sf.jclec.realarray.RealArrayIndividual@61a52fbd[genotype={0.0,0.0,1.9408032077889767,0.0,0.0,0.073211525453055,3.091536325832611,2.889561826033626,0.0,0.0,3.570916094601304,0.0,0.0,2.890609007326447,0.06437917463820571,0.0,1.9068411260055518,3.2654060850090043,0.0,0.0,0.0,0.027014996301475108,0.8027593943381607,0.6817528231267608,0.0,5.005278115777891,2.2418664284084593,0.0,1.0058495934930418,0.0},fitness=net.sf.jclec.fitness.SimpleValueFitness@63d4e2ba[value=160.21517764864436]]
Average fitness = 160.21517764864436
Fitness variance = 0.0
Generation 300 Report
Best individual: net.sf.jclec.realarray.RealArrayIndividual@7bb11784[genotype={0.0,0.0,1.9408032077889767,0.0,0.0,0.073211525453055,3.091536325832611,2.889561826033626,0.0,0.0,3.570916094601304,0.0,0.0,2.890609007326447,0.06437917463820571,0.0,1.9068411260055518,3.2654060850090043,0.0,0.0,0.0,0.027014996301475108,0.8027593943381607,0.6817528231267608,0.0,5.005278115777891,2.2418664284084593,0.0,1.0058495934930418,0.0},fitness=net.sf.jclec.fitness.SimpleValueFitness@7006c658[value=160.21517764864436]]
Worst individual: net.sf.jclec.realarray.RealArrayIndividual@7bb11784[genotype={0.0,0.0,1.9408032077889767,0.0,0.0,0.073211525453055,3.091536325832611,2.889561826033626,0.0,0.0,3.570916094601304,0.0,0.0,2.890609007326447,0.06437917463820571,0.0,1.9068411260055518,3.2654060850090043,0.0,0.0,0.0,0.027014996301475108,0.8027593943381607,0.6817528231267608,0.0,5.005278115777891,2.2418664284084593,0.0,1.0058495934930418,0.0},fitness=net.sf.jclec.fitness.SimpleValueFitness@7006c658[value=160.21517764864436]]
Median individual: net.sf.jclec.realarray.RealArrayIndividual@7bb11784[genotype={0.0,0.0,1.9408032077889767,0.0,0.0,0.073211525453055,3.091536325832611,2.889561826033626,0.0,0.0,3.570916094601304,0.0,0.0,2.890609007326447,0.06437917463820571,0.0,1.9068411260055518,3.2654060850090043,0.0,0.0,0.0,0.027014996301475108,0.8027593943381607,0.6817528231267608,0.0,5.005278115777891,2.2418664284084593,0.0,1.0058495934930418,0.0},fitness=net.sf.jclec.fitness.SimpleValueFitness@7006c658[value=160.21517764864436]]
Average fitness = 160.21517764864436
Fitness variance = 0.0
Generation 310 Report
Best individual: net.sf.jclec.realarray.RealArrayIndividual@34033bd0[genotype={0.0,0.0,1.9408032077889767,0.0,0.0,0.073211525453055,3.091536325832611,2.889561826033626,0.0,0.0,3.570916094601304,0.0,0.0,0.0,0.06437917463820571,0.0,1.9068411260055518,3.2654060850090043,0.0,0.0,0.0,0.0,0.8027593943381607,0.6817528231267608,0.0,5.005278115777891,2.2418664284084593,0.0,1.0058495934930418,0.0},fitness=net.sf.jclec.fitness.SimpleValueFitness@7cdbc5d3[value=149.44458125552526]]
Worst individual: net.sf.jclec.realarray.RealArrayIndividual@34033bd0[genotype={0.0,0.0,1.9408032077889767,0.0,0.0,0.073211525453055,3.091536325832611,2.889561826033626,0.0,0.0,3.570916094601304,0.0,0.0,0.0,0.06437917463820571,0.0,1.9068411260055518,3.2654060850090043,0.0,0.0,0.0,0.0,0.8027593943381607,0.6817528231267608,0.0,5.005278115777891,2.2418664284084593,0.0,1.0058495934930418,0.0},fitness=net.sf.jclec.fitness.SimpleValueFitness@7cdbc5d3[value=149.44458125552526]]
Median individual: net.sf.jclec.realarray.RealArrayIndividual@34033bd0[genotype={0.0,0.0,1.9408032077889767,0.0,0.0,0.073211525453055,3.091536325832611,2.889561826033626,0.0,0.0,3.570916094601304,0.0,0.0,0.0,0.06437917463820571,0.0,1.9068411260055518,3.2654060850090043,0.0,0.0,0.0,0.0,0.8027593943381607,0.6817528231267608,0.0,5.005278115777891,2.2418664284084593,0.0,1.0058495934930418,0.0},fitness=net.sf.jclec.fitness.SimpleValueFitness@7cdbc5d3[value=149.44458125552526]]
Average fitness = 149.44458125552526
Fitness variance = 0.0
Generation 320 Report
Best individual: net.sf.jclec.realarray.RealArrayIndividual@3aa9e816[genotype={0.0,0.0,1.9408032077889767,0.0,0.0,0.073211525453055,3.091536325832611,2.889561826033626,0.0,0.0,0.0,0.0,0.0,0.0,0.06437917463820571,0.0,1.9068411260055518,3.2654060850090043,0.0,0.0,0.0,0.0,0.8027593943381607,0.6817528231267608,0.0,5.005278115777891,2.2418664284084593,0.0,1.0058495934930418,0.0},fitness=net.sf.jclec.fitness.SimpleValueFitness@3834d63f[value=117.6695265541313]]
Worst individual: net.sf.jclec.realarray.RealArrayIndividual@3aa9e816[genotype={0.0,0.0,1.9408032077889767,0.0,0.0,0.073211525453055,3.091536325832611,2.889561826033626,0.0,0.0,0.0,0.0,0.0,0.0,0.06437917463820571,0.0,1.9068411260055518,3.2654060850090043,0.0,0.0,0.0,0.0,0.8027593943381607,0.6817528231267608,0.0,5.005278115777891,2.2418664284084593,0.0,1.0058495934930418,0.0},fitness=net.sf.jclec.fitness.SimpleValueFitness@3834d63f[value=117.6695265541313]]
Median individual: net.sf.jclec.realarray.RealArrayIndividual@3aa9e816[genotype={0.0,0.0,1.9408032077889767,0.0,0.0,0.073211525453055,3.091536325832611,2.889561826033626,0.0,0.0,0.0,0.0,0.0,0.0,0.06437917463820571,0.0,1.9068411260055518,3.2654060850090043,0.0,0.0,0.0,0.0,0.8027593943381607,0.6817528231267608,0.0,5.005278115777891,2.2418664284084593,0.0,1.0058495934930418,0.0},fitness=net.sf.jclec.fitness.SimpleValueFitness@3834d63f[value=117.6695265541313]]
Average fitness = 117.6695265541313
Fitness variance = 0.0
Generation 330 Report
Best individual: net.sf.jclec.realarray.RealArrayIndividual@1ae369b7[genotype={0.0,0.0,1.9408032077889767,0.0,0.0,0.073211525453055,3.091536325832611,2.889561826033626,0.0,0.0,0.0,0.0,0.0,0.0,0.06437917463820571,0.0,1.9068411260055518,3.2654060850090043,0.0,0.0,0.0,0.0,0.8027593943381607,0.6817528231267608,0.0,5.005278115777891,2.2418664284084593,0.0,1.0058495934930418,0.0},fitness=net.sf.jclec.fitness.SimpleValueFitness@34340fab[value=117.6695265541313]]
Worst individual: net.sf.jclec.realarray.RealArrayIndividual@1ae369b7[genotype={0.0,0.0,1.9408032077889767,0.0,0.0,0.073211525453055,3.091536325832611,2.889561826033626,0.0,0.0,0.0,0.0,0.0,0.0,0.06437917463820571,0.0,1.9068411260055518,3.2654060850090043,0.0,0.0,0.0,0.0,0.8027593943381607,0.6817528231267608,0.0,5.005278115777891,2.2418664284084593,0.0,1.0058495934930418,0.0},fitness=net.sf.jclec.fitness.SimpleValueFitness@34340fab[value=117.6695265541313]]
Median individual: net.sf.jclec.realarray.RealArrayIndividual@1ae369b7[genotype={0.0,0.0,1.9408032077889767,0.0,0.0,0.073211525453055,3.091536325832611,2.889561826033626,0.0,0.0,0.0,0.0,0.0,0.0,0.06437917463820571,0.0,1.9068411260055518,3.2654060850090043,0.0,0.0,0.0,0.0,0.8027593943381607,0.6817528231267608,0.0,5.005278115777891,2.2418664284084593,0.0,1.0058495934930418,0.0},fitness=net.sf.jclec.fitness.SimpleValueFitness@34340fab[value=117.6695265541313]]
Average fitness = 117.6695265541313
Fitness variance = 0.0
Generation 340 Report
Best individual: net.sf.jclec.realarray.RealArrayIndividual@2aafb23c[genotype={0.0,0.0,1.9408032077889767,0.0,0.0,0.073211525453055,3.091536325832611,2.889561826033626,0.0,0.0,0.0,0.0,0.0,0.0,0.06437917463820571,0.0,1.9068411260055518,3.2654060850090043,0.0,0.0,0.0,0.0,0.8027593943381607,0.6817528231267608,0.0,5.005278115777891,2.2418664284084593,0.0,1.0058495934930418,0.0},fitness=net.sf.jclec.fitness.SimpleValueFitness@3ab39c39[value=117.6695265541313]]
Worst individual: net.sf.jclec.realarray.RealArrayIndividual@2aafb23c[genotype={0.0,0.0,1.9408032077889767,0.0,0.0,0.073211525453055,3.091536325832611,2.889561826033626,0.0,0.0,0.0,0.0,0.0,0.0,0.06437917463820571,0.0,1.9068411260055518,3.2654060850090043,0.0,0.0,0.0,0.0,0.8027593943381607,0.6817528231267608,0.0,5.005278115777891,2.2418664284084593,0.0,1.0058495934930418,0.0},fitness=net.sf.jclec.fitness.SimpleValueFitness@3ab39c39[value=117.6695265541313]]
Median individual: net.sf.jclec.realarray.RealArrayIndividual@2aafb23c[genotype={0.0,0.0,1.9408032077889767,0.0,0.0,0.073211525453055,3.091536325832611,2.889561826033626,0.0,0.0,0.0,0.0,0.0,0.0,0.06437917463820571,0.0,1.9068411260055518,3.2654060850090043,0.0,0.0,0.0,0.0,0.8027593943381607,0.6817528231267608,0.0,5.005278115777891,2.2418664284084593,0.0,1.0058495934930418,0.0},fitness=net.sf.jclec.fitness.SimpleValueFitness@3ab39c39[value=117.6695265541313]]
Average fitness = 117.6695265541313
Fitness variance = 0.0
Generation 350 Report
Best individual: net.sf.jclec.realarray.RealArrayIndividual@2eee9593[genotype={0.0,0.0,1.9408032077889767,0.0,0.0,0.073211525453055,3.091536325832611,2.889561826033626,0.0,0.0,0.0,0.0,0.0,0.0,0.06437917463820571,0.0,1.9068411260055518,3.2654060850090043,0.0,0.0,0.0,0.0,0.8027593943381607,0.6817528231267608,0.0,5.005278115777891,2.2418664284084593,0.0,1.0058495934930418,0.0},fitness=net.sf.jclec.fitness.SimpleValueFitness@546a03af[value=117.6695265541313]]
Worst individual: net.sf.jclec.realarray.RealArrayIndividual@2eee9593[genotype={0.0,0.0,1.9408032077889767,0.0,0.0,0.073211525453055,3.091536325832611,2.889561826033626,0.0,0.0,0.0,0.0,0.0,0.0,0.06437917463820571,0.0,1.9068411260055518,3.2654060850090043,0.0,0.0,0.0,0.0,0.8027593943381607,0.6817528231267608,0.0,5.005278115777891,2.2418664284084593,0.0,1.0058495934930418,0.0},fitness=net.sf.jclec.fitness.SimpleValueFitness@546a03af[value=117.6695265541313]]
Median individual: net.sf.jclec.realarray.RealArrayIndividual@2eee9593[genotype={0.0,0.0,1.9408032077889767,0.0,0.0,0.073211525453055,3.091536325832611,2.889561826033626,0.0,0.0,0.0,0.0,0.0,0.0,0.06437917463820571,0.0,1.9068411260055518,3.2654060850090043,0.0,0.0,0.0,0.0,0.8027593943381607,0.6817528231267608,0.0,5.005278115777891,2.2418664284084593,0.0,1.0058495934930418,0.0},fitness=net.sf.jclec.fitness.SimpleValueFitness@546a03af[value=117.6695265541313]]
Average fitness = 117.6695265541313
Fitness variance = 0.0
Generation 360 Report
Best individual: net.sf.jclec.realarray.RealArrayIndividual@721e0f4f[genotype={0.0,0.0,1.9408032077889767,0.0,0.0,0.073211525453055,3.091536325832611,2.889561826033626,0.0,0.0,0.0,0.0,0.0,0.0,0.06437917463820571,0.0,1.9068411260055518,3.2654060850090043,0.0,0.0,0.0,0.0,0.8027593943381607,0.6817528231267608,0.0,5.005278115777891,2.2418664284084593,0.0,1.0058495934930418,0.0},fitness=net.sf.jclec.fitness.SimpleValueFitness@6ea6d14e[value=117.6695265541313]]
Worst individual: net.sf.jclec.realarray.RealArrayIndividual@721e0f4f[genotype={0.0,0.0,1.9408032077889767,0.0,0.0,0.073211525453055,3.091536325832611,2.889561826033626,0.0,0.0,0.0,0.0,0.0,0.0,0.06437917463820571,0.0,1.9068411260055518,3.2654060850090043,0.0,0.0,0.0,0.0,0.8027593943381607,0.6817528231267608,0.0,5.005278115777891,2.2418664284084593,0.0,1.0058495934930418,0.0},fitness=net.sf.jclec.fitness.SimpleValueFitness@6ea6d14e[value=117.6695265541313]]
Median individual: net.sf.jclec.realarray.RealArrayIndividual@721e0f4f[genotype={0.0,0.0,1.9408032077889767,0.0,0.0,0.073211525453055,3.091536325832611,2.889561826033626,0.0,0.0,0.0,0.0,0.0,0.0,0.06437917463820571,0.0,1.9068411260055518,3.2654060850090043,0.0,0.0,0.0,0.0,0.8027593943381607,0.6817528231267608,0.0,5.005278115777891,2.2418664284084593,0.0,1.0058495934930418,0.0},fitness=net.sf.jclec.fitness.SimpleValueFitness@6ea6d14e[value=117.6695265541313]]
Average fitness = 117.6695265541313
Fitness variance = 0.0
Generation 370 Report
Best individual: net.sf.jclec.realarray.RealArrayIndividual@6ad5c04e[genotype={0.0,0.0,1.9408032077889767,0.0,0.0,0.073211525453055,3.091536325832611,2.889561826033626,0.0,0.0,0.0,0.0,0.0,0.0,0.06437917463820571,0.0,1.9068411260055518,3.2654060850090043,0.0,0.0,0.0,0.0,0.8027593943381607,0.6817528231267608,0.0,5.005278115777891,2.2418664284084593,0.0,1.0058495934930418,0.0},fitness=net.sf.jclec.fitness.SimpleValueFitness@725bef66[value=117.6695265541313]]
Worst individual: net.sf.jclec.realarray.RealArrayIndividual@6ad5c04e[genotype={0.0,0.0,1.9408032077889767,0.0,0.0,0.073211525453055,3.091536325832611,2.889561826033626,0.0,0.0,0.0,0.0,0.0,0.0,0.06437917463820571,0.0,1.9068411260055518,3.2654060850090043,0.0,0.0,0.0,0.0,0.8027593943381607,0.6817528231267608,0.0,5.005278115777891,2.2418664284084593,0.0,1.0058495934930418,0.0},fitness=net.sf.jclec.fitness.SimpleValueFitness@725bef66[value=117.6695265541313]]
Median individual: net.sf.jclec.realarray.RealArrayIndividual@6ad5c04e[genotype={0.0,0.0,1.9408032077889767,0.0,0.0,0.073211525453055,3.091536325832611,2.889561826033626,0.0,0.0,0.0,0.0,0.0,0.0,0.06437917463820571,0.0,1.9068411260055518,3.2654060850090043,0.0,0.0,0.0,0.0,0.8027593943381607,0.6817528231267608,0.0,5.005278115777891,2.2418664284084593,0.0,1.0058495934930418,0.0},fitness=net.sf.jclec.fitness.SimpleValueFitness@725bef66[value=117.6695265541313]]
Average fitness = 117.6695265541313
Fitness variance = 0.0
Generation 380 Report
Best individual: net.sf.jclec.realarray.RealArrayIndividual@2aaf7cc2[genotype={0.0,0.0,1.9408032077889767,0.0,0.0,0.073211525453055,3.091536325832611,2.889561826033626,0.0,0.0,0.0,0.0,0.0,0.0,0.06437917463820571,0.0,1.9068411260055518,3.2654060850090043,0.0,0.0,0.0,0.0,0.8027593943381607,0.6817528231267608,0.0,5.005278115777891,2.2418664284084593,0.0,1.0058495934930418,0.0},fitness=net.sf.jclec.fitness.SimpleValueFitness@1888ff2c[value=117.6695265541313]]
Worst individual: net.sf.jclec.realarray.RealArrayIndividual@2aaf7cc2[genotype={0.0,0.0,1.9408032077889767,0.0,0.0,0.073211525453055,3.091536325832611,2.889561826033626,0.0,0.0,0.0,0.0,0.0,0.0,0.06437917463820571,0.0,1.9068411260055518,3.2654060850090043,0.0,0.0,0.0,0.0,0.8027593943381607,0.6817528231267608,0.0,5.005278115777891,2.2418664284084593,0.0,1.0058495934930418,0.0},fitness=net.sf.jclec.fitness.SimpleValueFitness@1888ff2c[value=117.6695265541313]]
Median individual: net.sf.jclec.realarray.RealArrayIndividual@2aaf7cc2[genotype={0.0,0.0,1.9408032077889767,0.0,0.0,0.073211525453055,3.091536325832611,2.889561826033626,0.0,0.0,0.0,0.0,0.0,0.0,0.06437917463820571,0.0,1.9068411260055518,3.2654060850090043,0.0,0.0,0.0,0.0,0.8027593943381607,0.6817528231267608,0.0,5.005278115777891,2.2418664284084593,0.0,1.0058495934930418,0.0},fitness=net.sf.jclec.fitness.SimpleValueFitness@1888ff2c[value=117.6695265541313]]
Average fitness = 117.6695265541313
Fitness variance = 0.0
Generation 390 Report
Best individual: net.sf.jclec.realarray.RealArrayIndividual@35851384[genotype={0.0,0.0,1.9408032077889767,0.0,0.0,0.073211525453055,3.091536325832611,2.889561826033626,0.0,0.0,0.0,0.0,0.0,0.0,0.06437917463820571,0.0,1.9068411260055518,3.2654060850090043,0.0,0.0,0.0,0.0,0.8027593943381607,0.6817528231267608,0.0,5.005278115777891,2.2418664284084593,0.0,1.0058495934930418,0.0},fitness=net.sf.jclec.fitness.SimpleValueFitness@6adca536[value=117.6695265541313]]
Worst individual: net.sf.jclec.realarray.RealArrayIndividual@35851384[genotype={0.0,0.0,1.9408032077889767,0.0,0.0,0.073211525453055,3.091536325832611,2.889561826033626,0.0,0.0,0.0,0.0,0.0,0.0,0.06437917463820571,0.0,1.9068411260055518,3.2654060850090043,0.0,0.0,0.0,0.0,0.8027593943381607,0.6817528231267608,0.0,5.005278115777891,2.2418664284084593,0.0,1.0058495934930418,0.0},fitness=net.sf.jclec.fitness.SimpleValueFitness@6adca536[value=117.6695265541313]]
Median individual: net.sf.jclec.realarray.RealArrayIndividual@35851384[genotype={0.0,0.0,1.9408032077889767,0.0,0.0,0.073211525453055,3.091536325832611,2.889561826033626,0.0,0.0,0.0,0.0,0.0,0.0,0.06437917463820571,0.0,1.9068411260055518,3.2654060850090043,0.0,0.0,0.0,0.0,0.8027593943381607,0.6817528231267608,0.0,5.005278115777891,2.2418664284084593,0.0,1.0058495934930418,0.0},fitness=net.sf.jclec.fitness.SimpleValueFitness@6adca536[value=117.6695265541313]]
Average fitness = 117.6695265541313
Fitness variance = 0.0
Generation 400 Report
Best individual: net.sf.jclec.realarray.RealArrayIndividual@357246de[genotype={0.0,0.0,1.9408032077889767,0.0,0.0,0.073211525453055,3.091536325832611,0.0,0.0,0.0,0.0,0.0,0.0,0.0,0.06437917463820571,0.0,1.9068411260055518,3.2654060850090043,0.0,0.0,0.0,0.0,0.8027593943381607,0.6817528231267608,0.0,5.005278115777891,2.2418664284084593,0.0,1.0058495934930418,0.0},fitness=net.sf.jclec.fitness.SimpleValueFitness@256216b3[value=107.00751315646161]]
Worst individual: net.sf.jclec.realarray.RealArrayIndividual@357246de[genotype={0.0,0.0,1.9408032077889767,0.0,0.0,0.073211525453055,3.091536325832611,0.0,0.0,0.0,0.0,0.0,0.0,0.0,0.06437917463820571,0.0,1.9068411260055518,3.2654060850090043,0.0,0.0,0.0,0.0,0.8027593943381607,0.6817528231267608,0.0,5.005278115777891,2.2418664284084593,0.0,1.0058495934930418,0.0},fitness=net.sf.jclec.fitness.SimpleValueFitness@256216b3[value=107.00751315646161]]
Median individual: net.sf.jclec.realarray.RealArrayIndividual@357246de[genotype={0.0,0.0,1.9408032077889767,0.0,0.0,0.073211525453055,3.091536325832611,0.0,0.0,0.0,0.0,0.0,0.0,0.0,0.06437917463820571,0.0,1.9068411260055518,3.2654060850090043,0.0,0.0,0.0,0.0,0.8027593943381607,0.6817528231267608,0.0,5.005278115777891,2.2418664284084593,0.0,1.0058495934930418,0.0},fitness=net.sf.jclec.fitness.SimpleValueFitness@256216b3[value=107.00751315646161]]
Average fitness = 107.00751315646161
Fitness variance = 0.0
Generation 410 Report
Best individual: net.sf.jclec.realarray.RealArrayIndividual@2a18f23c[genotype={0.0,0.0,1.9408032077889767,0.0,0.0,0.073211525453055,3.091536325832611,0.0,0.0,0.0,0.0,0.0,0.0,0.0,0.06437917463820571,0.0,1.9068411260055518,3.2654060850090043,0.0,0.0,0.0,0.0,0.8027593943381607,0.6817528231267608,0.0,5.005278115777891,2.2418664284084593,0.0,1.0058495934930418,0.0},fitness=net.sf.jclec.fitness.SimpleValueFitness@16c0663d[value=107.00751315646161]]
Worst individual: net.sf.jclec.realarray.RealArrayIndividual@2a18f23c[genotype={0.0,0.0,1.9408032077889767,0.0,0.0,0.073211525453055,3.091536325832611,0.0,0.0,0.0,0.0,0.0,0.0,0.0,0.06437917463820571,0.0,1.9068411260055518,3.2654060850090043,0.0,0.0,0.0,0.0,0.8027593943381607,0.6817528231267608,0.0,5.005278115777891,2.2418664284084593,0.0,1.0058495934930418,0.0},fitness=net.sf.jclec.fitness.SimpleValueFitness@16c0663d[value=107.00751315646161]]
Median individual: net.sf.jclec.realarray.RealArrayIndividual@2a18f23c[genotype={0.0,0.0,1.9408032077889767,0.0,0.0,0.073211525453055,3.091536325832611,0.0,0.0,0.0,0.0,0.0,0.0,0.0,0.06437917463820571,0.0,1.9068411260055518,3.2654060850090043,0.0,0.0,0.0,0.0,0.8027593943381607,0.6817528231267608,0.0,5.005278115777891,2.2418664284084593,0.0,1.0058495934930418,0.0},fitness=net.sf.jclec.fitness.SimpleValueFitness@16c0663d[value=107.00751315646161]]
Average fitness = 107.00751315646161
Fitness variance = 0.0
Generation 420 Report
Best individual: net.sf.jclec.realarray.RealArrayIndividual@23223dd8[genotype={0.0,0.0,1.9408032077889767,0.0,0.0,0.073211525453055,3.091536325832611,0.0,0.0,0.0,0.0,0.0,0.0,0.0,0.06437917463820571,0.0,1.9068411260055518,3.2654060850090043,0.0,0.0,0.0,0.0,0.8027593943381607,0.6817528231267608,0.0,5.005278115777891,2.2418664284084593,0.0,1.0058495934930418,0.0},fitness=net.sf.jclec.fitness.SimpleValueFitness@1b40d5f0[value=107.00751315646161]]
Worst individual: net.sf.jclec.realarray.RealArrayIndividual@23223dd8[genotype={0.0,0.0,1.9408032077889767,0.0,0.0,0.073211525453055,3.091536325832611,0.0,0.0,0.0,0.0,0.0,0.0,0.0,0.06437917463820571,0.0,1.9068411260055518,3.2654060850090043,0.0,0.0,0.0,0.0,0.8027593943381607,0.6817528231267608,0.0,5.005278115777891,2.2418664284084593,0.0,1.0058495934930418,0.0},fitness=net.sf.jclec.fitness.SimpleValueFitness@1b40d5f0[value=107.00751315646161]]
Median individual: net.sf.jclec.realarray.RealArrayIndividual@23223dd8[genotype={0.0,0.0,1.9408032077889767,0.0,0.0,0.073211525453055,3.091536325832611,0.0,0.0,0.0,0.0,0.0,0.0,0.0,0.06437917463820571,0.0,1.9068411260055518,3.2654060850090043,0.0,0.0,0.0,0.0,0.8027593943381607,0.6817528231267608,0.0,5.005278115777891,2.2418664284084593,0.0,1.0058495934930418,0.0},fitness=net.sf.jclec.fitness.SimpleValueFitness@1b40d5f0[value=107.00751315646161]]
Average fitness = 107.00751315646161
Fitness variance = 0.0
Generation 430 Report
Best individual: net.sf.jclec.realarray.RealArrayIndividual@ea4a92b[genotype={0.0,0.0,1.9408032077889767,0.0,0.0,0.073211525453055,3.091536325832611,0.0,0.0,0.0,0.0,0.0,0.0,0.0,0.06437917463820571,0.0,1.9068411260055518,3.2654060850090043,0.0,0.0,0.0,0.0,0.8027593943381607,0.6817528231267608,0.0,5.005278115777891,2.2418664284084593,0.0,1.0058495934930418,0.0},fitness=net.sf.jclec.fitness.SimpleValueFitness@47f37ef1[value=107.00751315646161]]
Worst individual: net.sf.jclec.realarray.RealArrayIndividual@ea4a92b[genotype={0.0,0.0,1.9408032077889767,0.0,0.0,0.073211525453055,3.091536325832611,0.0,0.0,0.0,0.0,0.0,0.0,0.0,0.06437917463820571,0.0,1.9068411260055518,3.2654060850090043,0.0,0.0,0.0,0.0,0.8027593943381607,0.6817528231267608,0.0,5.005278115777891,2.2418664284084593,0.0,1.0058495934930418,0.0},fitness=net.sf.jclec.fitness.SimpleValueFitness@47f37ef1[value=107.00751315646161]]
Median individual: net.sf.jclec.realarray.RealArrayIndividual@ea4a92b[genotype={0.0,0.0,1.9408032077889767,0.0,0.0,0.073211525453055,3.091536325832611,0.0,0.0,0.0,0.0,0.0,0.0,0.0,0.06437917463820571,0.0,1.9068411260055518,3.2654060850090043,0.0,0.0,0.0,0.0,0.8027593943381607,0.6817528231267608,0.0,5.005278115777891,2.2418664284084593,0.0,1.0058495934930418,0.0},fitness=net.sf.jclec.fitness.SimpleValueFitness@47f37ef1[value=107.00751315646161]]
Average fitness = 107.00751315646161
Fitness variance = 0.0
Generation 440 Report
Best individual: net.sf.jclec.realarray.RealArrayIndividual@5a01ccaa[genotype={0.0,0.0,1.9408032077889767,0.0,0.0,0.073211525453055,3.091536325832611,0.0,0.0,0.0,0.0,0.0,0.0,0.0,0.06437917463820571,0.0,1.9068411260055518,3.2654060850090043,0.0,0.0,0.0,0.0,0.8027593943381607,0.6817528231267608,0.0,5.005278115777891,2.2418664284084593,0.0,1.0058495934930418,0.0},fitness=net.sf.jclec.fitness.SimpleValueFitness@19bb089b[value=107.00751315646161]]
Worst individual: net.sf.jclec.realarray.RealArrayIndividual@5a01ccaa[genotype={0.0,0.0,1.9408032077889767,0.0,0.0,0.073211525453055,3.091536325832611,0.0,0.0,0.0,0.0,0.0,0.0,0.0,0.06437917463820571,0.0,1.9068411260055518,3.2654060850090043,0.0,0.0,0.0,0.0,0.8027593943381607,0.6817528231267608,0.0,5.005278115777891,2.2418664284084593,0.0,1.0058495934930418,0.0},fitness=net.sf.jclec.fitness.SimpleValueFitness@19bb089b[value=107.00751315646161]]
Median individual: net.sf.jclec.realarray.RealArrayIndividual@5a01ccaa[genotype={0.0,0.0,1.9408032077889767,0.0,0.0,0.073211525453055,3.091536325832611,0.0,0.0,0.0,0.0,0.0,0.0,0.0,0.06437917463820571,0.0,1.9068411260055518,3.2654060850090043,0.0,0.0,0.0,0.0,0.8027593943381607,0.6817528231267608,0.0,5.005278115777891,2.2418664284084593,0.0,1.0058495934930418,0.0},fitness=net.sf.jclec.fitness.SimpleValueFitness@19bb089b[value=107.00751315646161]]
Average fitness = 107.00751315646161
Fitness variance = 0.0
Generation 450 Report
Best individual: net.sf.jclec.realarray.RealArrayIndividual@4563e9ab[genotype={0.0,0.0,1.9408032077889767,0.0,0.0,0.073211525453055,3.091536325832611,0.0,0.0,0.0,0.0,0.0,0.0,0.0,0.06437917463820571,0.0,1.9068411260055518,3.2654060850090043,0.0,0.0,0.0,0.0,0.8027593943381607,0.6817528231267608,0.0,5.005278115777891,2.2418664284084593,0.0,1.0058495934930418,0.0},fitness=net.sf.jclec.fitness.SimpleValueFitness@5e025e70[value=107.00751315646161]]
Worst individual: net.sf.jclec.realarray.RealArrayIndividual@4563e9ab[genotype={0.0,0.0,1.9408032077889767,0.0,0.0,0.073211525453055,3.091536325832611,0.0,0.0,0.0,0.0,0.0,0.0,0.0,0.06437917463820571,0.0,1.9068411260055518,3.2654060850090043,0.0,0.0,0.0,0.0,0.8027593943381607,0.6817528231267608,0.0,5.005278115777891,2.2418664284084593,0.0,1.0058495934930418,0.0},fitness=net.sf.jclec.fitness.SimpleValueFitness@5e025e70[value=107.00751315646161]]
Median individual: net.sf.jclec.realarray.RealArrayIndividual@4563e9ab[genotype={0.0,0.0,1.9408032077889767,0.0,0.0,0.073211525453055,3.091536325832611,0.0,0.0,0.0,0.0,0.0,0.0,0.0,0.06437917463820571,0.0,1.9068411260055518,3.2654060850090043,0.0,0.0,0.0,0.0,0.8027593943381607,0.6817528231267608,0.0,5.005278115777891,2.2418664284084593,0.0,1.0058495934930418,0.0},fitness=net.sf.jclec.fitness.SimpleValueFitness@5e025e70[value=107.00751315646161]]
Average fitness = 107.00751315646161
Fitness variance = 0.0
Generation 460 Report
Best individual: net.sf.jclec.realarray.RealArrayIndividual@1fbc7afb[genotype={0.0,0.0,1.9408032077889767,0.0,0.0,0.073211525453055,3.091536325832611,0.0,0.0,0.0,0.0,0.0,0.0,0.0,0.06437917463820571,0.0,1.9068411260055518,3.2654060850090043,0.0,0.0,0.0,0.0,0.8027593943381607,0.6817528231267608,0.0,5.005278115777891,2.2418664284084593,0.0,1.0058495934930418,0.0},fitness=net.sf.jclec.fitness.SimpleValueFitness@4cdbe50f[value=107.00751315646161]]
Worst individual: net.sf.jclec.realarray.RealArrayIndividual@1fbc7afb[genotype={0.0,0.0,1.9408032077889767,0.0,0.0,0.073211525453055,3.091536325832611,0.0,0.0,0.0,0.0,0.0,0.0,0.0,0.06437917463820571,0.0,1.9068411260055518,3.2654060850090043,0.0,0.0,0.0,0.0,0.8027593943381607,0.6817528231267608,0.0,5.005278115777891,2.2418664284084593,0.0,1.0058495934930418,0.0},fitness=net.sf.jclec.fitness.SimpleValueFitness@4cdbe50f[value=107.00751315646161]]
Median individual: net.sf.jclec.realarray.RealArrayIndividual@1fbc7afb[genotype={0.0,0.0,1.9408032077889767,0.0,0.0,0.073211525453055,3.091536325832611,0.0,0.0,0.0,0.0,0.0,0.0,0.0,0.06437917463820571,0.0,1.9068411260055518,3.2654060850090043,0.0,0.0,0.0,0.0,0.8027593943381607,0.6817528231267608,0.0,5.005278115777891,2.2418664284084593,0.0,1.0058495934930418,0.0},fitness=net.sf.jclec.fitness.SimpleValueFitness@4cdbe50f[value=107.00751315646161]]
Average fitness = 107.00751315646161
Fitness variance = 0.0
Generation 470 Report
Best individual: net.sf.jclec.realarray.RealArrayIndividual@66d33a[genotype={0.0,0.0,1.9408032077889767,0.0,0.0,0.073211525453055,3.091536325832611,0.0,0.0,0.0,0.0,0.0,0.0,0.0,0.06437917463820571,0.0,1.9068411260055518,3.2654060850090043,0.0,0.0,0.0,0.0,0.8027593943381607,0.6817528231267608,0.0,5.005278115777891,2.2418664284084593,0.0,1.0058495934930418,0.0},fitness=net.sf.jclec.fitness.SimpleValueFitness@7e0babb1[value=107.00751315646161]]
Worst individual: net.sf.jclec.realarray.RealArrayIndividual@66d33a[genotype={0.0,0.0,1.9408032077889767,0.0,0.0,0.073211525453055,3.091536325832611,0.0,0.0,0.0,0.0,0.0,0.0,0.0,0.06437917463820571,0.0,1.9068411260055518,3.2654060850090043,0.0,0.0,0.0,0.0,0.8027593943381607,0.6817528231267608,0.0,5.005278115777891,2.2418664284084593,0.0,1.0058495934930418,0.0},fitness=net.sf.jclec.fitness.SimpleValueFitness@7e0babb1[value=107.00751315646161]]
Median individual: net.sf.jclec.realarray.RealArrayIndividual@66d33a[genotype={0.0,0.0,1.9408032077889767,0.0,0.0,0.073211525453055,3.091536325832611,0.0,0.0,0.0,0.0,0.0,0.0,0.0,0.06437917463820571,0.0,1.9068411260055518,3.2654060850090043,0.0,0.0,0.0,0.0,0.8027593943381607,0.6817528231267608,0.0,5.005278115777891,2.2418664284084593,0.0,1.0058495934930418,0.0},fitness=net.sf.jclec.fitness.SimpleValueFitness@7e0babb1[value=107.00751315646161]]
Average fitness = 107.00751315646161
Fitness variance = 0.0
Generation 480 Report
Best individual: net.sf.jclec.realarray.RealArrayIndividual@6debcae2[genotype={0.0,0.0,1.9408032077889767,0.0,0.0,0.073211525453055,3.091536325832611,0.0,0.0,0.0,0.0,0.0,0.0,0.0,0.06437917463820571,0.0,1.9068411260055518,3.2654060850090043,0.0,0.0,0.0,0.0,0.8027593943381607,0.6817528231267608,0.0,5.005278115777891,2.2418664284084593,0.0,1.0058495934930418,0.0},fitness=net.sf.jclec.fitness.SimpleValueFitness@2ff4f00f[value=107.00751315646161]]
Worst individual: net.sf.jclec.realarray.RealArrayIndividual@6debcae2[genotype={0.0,0.0,1.9408032077889767,0.0,0.0,0.073211525453055,3.091536325832611,0.0,0.0,0.0,0.0,0.0,0.0,0.0,0.06437917463820571,0.0,1.9068411260055518,3.2654060850090043,0.0,0.0,0.0,0.0,0.8027593943381607,0.6817528231267608,0.0,5.005278115777891,2.2418664284084593,0.0,1.0058495934930418,0.0},fitness=net.sf.jclec.fitness.SimpleValueFitness@2ff4f00f[value=107.00751315646161]]
Median individual: net.sf.jclec.realarray.RealArrayIndividual@6debcae2[genotype={0.0,0.0,1.9408032077889767,0.0,0.0,0.073211525453055,3.091536325832611,0.0,0.0,0.0,0.0,0.0,0.0,0.0,0.06437917463820571,0.0,1.9068411260055518,3.2654060850090043,0.0,0.0,0.0,0.0,0.8027593943381607,0.6817528231267608,0.0,5.005278115777891,2.2418664284084593,0.0,1.0058495934930418,0.0},fitness=net.sf.jclec.fitness.SimpleValueFitness@2ff4f00f[value=107.00751315646161]]
Average fitness = 107.00751315646161
Fitness variance = 0.0
Generation 490 Report
Best individual: net.sf.jclec.realarray.RealArrayIndividual@c818063[genotype={0.0,0.0,1.9408032077889767,0.0,0.0,0.073211525453055,3.091536325832611,0.0,0.0,0.0,0.0,0.0,0.0,0.0,0.06437917463820571,0.0,1.9068411260055518,3.2654060850090043,0.0,0.0,0.0,0.0,0.8027593943381607,0.6817528231267608,0.0,5.005278115777891,2.2418664284084593,0.0,1.0058495934930418,0.0},fitness=net.sf.jclec.fitness.SimpleValueFitness@75bd9247[value=107.00751315646161]]
Worst individual: net.sf.jclec.realarray.RealArrayIndividual@c818063[genotype={0.0,0.0,1.9408032077889767,0.0,0.0,0.073211525453055,3.091536325832611,0.0,0.0,0.0,0.0,0.0,0.0,0.0,0.06437917463820571,0.0,1.9068411260055518,3.2654060850090043,0.0,0.0,0.0,0.0,0.8027593943381607,0.6817528231267608,0.0,5.005278115777891,2.2418664284084593,0.0,1.0058495934930418,0.0},fitness=net.sf.jclec.fitness.SimpleValueFitness@75bd9247[value=107.00751315646161]]
Median individual: net.sf.jclec.realarray.RealArrayIndividual@c818063[genotype={0.0,0.0,1.9408032077889767,0.0,0.0,0.073211525453055,3.091536325832611,0.0,0.0,0.0,0.0,0.0,0.0,0.0,0.06437917463820571,0.0,1.9068411260055518,3.2654060850090043,0.0,0.0,0.0,0.0,0.8027593943381607,0.6817528231267608,0.0,5.005278115777891,2.2418664284084593,0.0,1.0058495934930418,0.0},fitness=net.sf.jclec.fitness.SimpleValueFitness@75bd9247[value=107.00751315646161]]
Average fitness = 107.00751315646161
Fitness variance = 0.0
Generation 500 Report
Best individual: net.sf.jclec.realarray.RealArrayIndividual@7d417077[genotype={0.0,0.0,1.9408032077889767,0.0,0.0,0.073211525453055,3.091536325832611,0.0,0.0,0.0,0.0,0.0,0.0,0.0,0.06437917463820571,0.0,1.9068411260055518,3.2654060850090043,0.0,0.0,0.0,0.0,0.8027593943381607,0.6817528231267608,0.0,5.005278115777891,2.2418664284084593,0.0,1.0058495934930418,0.0},fitness=net.sf.jclec.fitness.SimpleValueFitness@35bbe5e8[value=107.00751315646161]]
Worst individual: net.sf.jclec.realarray.RealArrayIndividual@7d417077[genotype={0.0,0.0,1.9408032077889767,0.0,0.0,0.073211525453055,3.091536325832611,0.0,0.0,0.0,0.0,0.0,0.0,0.0,0.06437917463820571,0.0,1.9068411260055518,3.2654060850090043,0.0,0.0,0.0,0.0,0.8027593943381607,0.6817528231267608,0.0,5.005278115777891,2.2418664284084593,0.0,1.0058495934930418,0.0},fitness=net.sf.jclec.fitness.SimpleValueFitness@35bbe5e8[value=107.00751315646161]]
Median individual: net.sf.jclec.realarray.RealArrayIndividual@7d417077[genotype={0.0,0.0,1.9408032077889767,0.0,0.0,0.073211525453055,3.091536325832611,0.0,0.0,0.0,0.0,0.0,0.0,0.0,0.06437917463820571,0.0,1.9068411260055518,3.2654060850090043,0.0,0.0,0.0,0.0,0.8027593943381607,0.6817528231267608,0.0,5.005278115777891,2.2418664284084593,0.0,1.0058495934930418,0.0},fitness=net.sf.jclec.fitness.SimpleValueFitness@35bbe5e8[value=107.00751315646161]]
Average fitness = 107.00751315646161
Fitness variance = 0.0
