Sun Nov 04 15.10.55 CET 2018
Generation 0 Report
Best individual: net.sf.jclec.realarray.RealArrayIndividual@14899482[genotype={2.549579961650935,2.812862978356202,2.9052147989580988,0.0812686107851904,4.3322759330924105,0.6831232209434082,1.195674904988196,2.9309921920480884,4.458697268897518,1.8402674056011517,2.745908442477458,1.8653711255198555,2.355764293507343,1.8885333432913727,0.9532375166358356,1.1665147145647925,2.9280053364597802,0.009175224554283008,1.7350922652146172,0.14755415126529792,3.675344750922138,1.1200163526635634,2.095053748967682,4.304795306237125,0.9226647151662388,3.9890261330681622,3.867064414522517,2.61828533156559,2.2670967719980237,0.9640187335510918},fitness=net.sf.jclec.fitness.SimpleValueFitness@2aae9190[value=400.3011814718467]]
Worst individual: net.sf.jclec.realarray.RealArrayIndividual@3b22cdd0[genotype={4.495071376296111,4.660626624300682,3.1540866853190925,4.308716545720072,4.693102428084263,1.0948043811702535,2.403584486194112,2.383826227789667,1.9001354568545226,4.329997965100481,0.7019545579549435,0.7806261132341669,0.40847623507921815,2.4766795761914886,2.638581788932611,3.6271987473172174,5.013211718349214,3.360153645071635,1.9550047167538405,2.367867739367177,2.713892517151083,2.8782954476002893,3.96039176291437,4.441377427040553,3.443890148094044,3.4348271233261443,0.27718841116157905,0.3981095303327002,3.4237596634412024,4.51258235356478},fitness=net.sf.jclec.fitness.SimpleValueFitness@4d591d15[value=696.8836551950355]]
Median individual: net.sf.jclec.realarray.RealArrayIndividual@26f0a63f[genotype={0.9137628112943017,4.455643744320119,1.2856121056016412,1.965540124107343,2.6670052134744213,0.19773720088139932,2.573622997813464,3.556368402617013,1.5895179442683276,4.407876969317453,1.1002826299157622,4.119185731628511,0.9757644013288171,4.085171396022752,2.0847027655426986,4.581893142178035,1.703888512800089,0.4880859794137068,0.24282920784012135,1.992400063937807,1.250394421326456,3.4700383822204475,1.5803837157898384,0.8568381757629425,0.9470171065961417,1.8710585746532993,1.1159706157635878,2.0322557311847134,3.088532856246563,2.3233172048582116},fitness=net.sf.jclec.fitness.SimpleValueFitness@53bd815b[value=458.1923505393779]]
Average fitness = 562.1311425385721
Fitness variance = 2968.34722812596
Generation 10 Report
Best individual: net.sf.jclec.realarray.RealArrayIndividual@4ca8195f[genotype={2.549579961650935,2.036497501565189,3.090650355198029,0.09909454125262204,0.02615140186026664,1.3107925125785682,1.2101162674512231,2.9309921920480884,1.0973001816914907,1.7939651212492436,0.7762857888350694,1.942186678912736,2.355764293507343,2.81341257531139,0.8068625574400993,1.1665147145647925,1.879218706472064,0.8672995831607558,0.5419624486579245,0.40569770603667354,0.0,1.081077549964114,1.869709249109495,2.1674839772789287,0.9668074469536756,3.963371482264351,2.078391643009504,2.8834769552577346,2.2670967719980237,1.8394283157650138},fitness=net.sf.jclec.fitness.SimpleValueFitness@61baa894[value=279.0106690239884]]
Worst individual: net.sf.jclec.realarray.RealArrayIndividual@4ca8195f[genotype={2.549579961650935,2.036497501565189,3.090650355198029,0.09909454125262204,0.02615140186026664,1.3107925125785682,1.2101162674512231,2.9309921920480884,1.0973001816914907,1.7939651212492436,0.7762857888350694,1.942186678912736,2.355764293507343,2.81341257531139,0.8068625574400993,1.1665147145647925,1.879218706472064,0.8672995831607558,0.5419624486579245,0.40569770603667354,0.0,1.081077549964114,1.869709249109495,2.1674839772789287,0.9668074469536756,3.963371482264351,2.078391643009504,2.8834769552577346,2.2670967719980237,1.8394283157650138},fitness=net.sf.jclec.fitness.SimpleValueFitness@61baa894[value=279.0106690239884]]
Median individual: net.sf.jclec.realarray.RealArrayIndividual@4ca8195f[genotype={2.549579961650935,2.036497501565189,3.090650355198029,0.09909454125262204,0.02615140186026664,1.3107925125785682,1.2101162674512231,2.9309921920480884,1.0973001816914907,1.7939651212492436,0.7762857888350694,1.942186678912736,2.355764293507343,2.81341257531139,0.8068625574400993,1.1665147145647925,1.879218706472064,0.8672995831607558,0.5419624486579245,0.40569770603667354,0.0,1.081077549964114,1.869709249109495,2.1674839772789287,0.9668074469536756,3.963371482264351,2.078391643009504,2.8834769552577346,2.2670967719980237,1.8394283157650138},fitness=net.sf.jclec.fitness.SimpleValueFitness@61baa894[value=279.0106690239884]]
Average fitness = 279.0106690239884
Fitness variance = 0.0
Generation 20 Report
Best individual: net.sf.jclec.realarray.RealArrayIndividual@b065c63[genotype={2.549579961650935,2.036497501565189,3.090650355198029,0.09909454125262204,0.02615140186026664,1.3107925125785682,1.2101162674512231,2.9309921920480884,1.0973001816914907,1.7939651212492436,0.7762857888350694,1.942186678912736,2.355764293507343,2.81341257531139,0.8068625574400993,1.1665147145647925,1.879218706472064,0.8672995831607558,0.5419624486579245,0.40569770603667354,0.0,1.081077549964114,1.869709249109495,2.1674839772789287,0.9668074469536756,3.963371482264351,2.078391643009504,2.8834769552577346,2.2670967719980237,1.8394283157650138},fitness=net.sf.jclec.fitness.SimpleValueFitness@490d6c15[value=279.0106690239884]]
Worst individual: net.sf.jclec.realarray.RealArrayIndividual@b065c63[genotype={2.549579961650935,2.036497501565189,3.090650355198029,0.09909454125262204,0.02615140186026664,1.3107925125785682,1.2101162674512231,2.9309921920480884,1.0973001816914907,1.7939651212492436,0.7762857888350694,1.942186678912736,2.355764293507343,2.81341257531139,0.8068625574400993,1.1665147145647925,1.879218706472064,0.8672995831607558,0.5419624486579245,0.40569770603667354,0.0,1.081077549964114,1.869709249109495,2.1674839772789287,0.9668074469536756,3.963371482264351,2.078391643009504,2.8834769552577346,2.2670967719980237,1.8394283157650138},fitness=net.sf.jclec.fitness.SimpleValueFitness@490d6c15[value=279.0106690239884]]
Median individual: net.sf.jclec.realarray.RealArrayIndividual@b065c63[genotype={2.549579961650935,2.036497501565189,3.090650355198029,0.09909454125262204,0.02615140186026664,1.3107925125785682,1.2101162674512231,2.9309921920480884,1.0973001816914907,1.7939651212492436,0.7762857888350694,1.942186678912736,2.355764293507343,2.81341257531139,0.8068625574400993,1.1665147145647925,1.879218706472064,0.8672995831607558,0.5419624486579245,0.40569770603667354,0.0,1.081077549964114,1.869709249109495,2.1674839772789287,0.9668074469536756,3.963371482264351,2.078391643009504,2.8834769552577346,2.2670967719980237,1.8394283157650138},fitness=net.sf.jclec.fitness.SimpleValueFitness@490d6c15[value=279.0106690239884]]
Average fitness = 279.0106690239884
Fitness variance = 0.0
Generation 30 Report
Best individual: net.sf.jclec.realarray.RealArrayIndividual@7d4793a8[genotype={2.549579961650935,2.036497501565189,3.090650355198029,0.09909454125262204,0.02615140186026664,1.3107925125785682,1.2101162674512231,2.9309921920480884,1.0973001816914907,1.7939651212492436,0.7762857888350694,1.942186678912736,2.355764293507343,2.81341257531139,0.8068625574400993,1.1665147145647925,1.879218706472064,0.8672995831607558,0.5419624486579245,0.40569770603667354,0.0,1.081077549964114,1.869709249109495,2.1674839772789287,0.9668074469536756,3.963371482264351,2.078391643009504,2.8834769552577346,2.2670967719980237,1.8394283157650138},fitness=net.sf.jclec.fitness.SimpleValueFitness@5479e3f[value=279.0106690239884]]
Worst individual: net.sf.jclec.realarray.RealArrayIndividual@7d4793a8[genotype={2.549579961650935,2.036497501565189,3.090650355198029,0.09909454125262204,0.02615140186026664,1.3107925125785682,1.2101162674512231,2.9309921920480884,1.0973001816914907,1.7939651212492436,0.7762857888350694,1.942186678912736,2.355764293507343,2.81341257531139,0.8068625574400993,1.1665147145647925,1.879218706472064,0.8672995831607558,0.5419624486579245,0.40569770603667354,0.0,1.081077549964114,1.869709249109495,2.1674839772789287,0.9668074469536756,3.963371482264351,2.078391643009504,2.8834769552577346,2.2670967719980237,1.8394283157650138},fitness=net.sf.jclec.fitness.SimpleValueFitness@5479e3f[value=279.0106690239884]]
Median individual: net.sf.jclec.realarray.RealArrayIndividual@7d4793a8[genotype={2.549579961650935,2.036497501565189,3.090650355198029,0.09909454125262204,0.02615140186026664,1.3107925125785682,1.2101162674512231,2.9309921920480884,1.0973001816914907,1.7939651212492436,0.7762857888350694,1.942186678912736,2.355764293507343,2.81341257531139,0.8068625574400993,1.1665147145647925,1.879218706472064,0.8672995831607558,0.5419624486579245,0.40569770603667354,0.0,1.081077549964114,1.869709249109495,2.1674839772789287,0.9668074469536756,3.963371482264351,2.078391643009504,2.8834769552577346,2.2670967719980237,1.8394283157650138},fitness=net.sf.jclec.fitness.SimpleValueFitness@5479e3f[value=279.0106690239884]]
Average fitness = 279.0106690239884
Fitness variance = 0.0
Generation 40 Report
Best individual: net.sf.jclec.realarray.RealArrayIndividual@27082746[genotype={2.549579961650935,2.036497501565189,3.090650355198029,0.09909454125262204,0.02615140186026664,1.3107925125785682,1.2101162674512231,2.9309921920480884,1.0973001816914907,1.7939651212492436,0.7762857888350694,1.942186678912736,2.355764293507343,2.81341257531139,0.8068625574400993,1.1665147145647925,1.879218706472064,0.8672995831607558,0.5419624486579245,0.40569770603667354,0.0,1.081077549964114,1.869709249109495,2.1674839772789287,0.9668074469536756,3.963371482264351,2.078391643009504,2.8834769552577346,2.2670967719980237,1.8394283157650138},fitness=net.sf.jclec.fitness.SimpleValueFitness@7bfcd12c[value=279.0106690239884]]
Worst individual: net.sf.jclec.realarray.RealArrayIndividual@27082746[genotype={2.549579961650935,2.036497501565189,3.090650355198029,0.09909454125262204,0.02615140186026664,1.3107925125785682,1.2101162674512231,2.9309921920480884,1.0973001816914907,1.7939651212492436,0.7762857888350694,1.942186678912736,2.355764293507343,2.81341257531139,0.8068625574400993,1.1665147145647925,1.879218706472064,0.8672995831607558,0.5419624486579245,0.40569770603667354,0.0,1.081077549964114,1.869709249109495,2.1674839772789287,0.9668074469536756,3.963371482264351,2.078391643009504,2.8834769552577346,2.2670967719980237,1.8394283157650138},fitness=net.sf.jclec.fitness.SimpleValueFitness@7bfcd12c[value=279.0106690239884]]
Median individual: net.sf.jclec.realarray.RealArrayIndividual@27082746[genotype={2.549579961650935,2.036497501565189,3.090650355198029,0.09909454125262204,0.02615140186026664,1.3107925125785682,1.2101162674512231,2.9309921920480884,1.0973001816914907,1.7939651212492436,0.7762857888350694,1.942186678912736,2.355764293507343,2.81341257531139,0.8068625574400993,1.1665147145647925,1.879218706472064,0.8672995831607558,0.5419624486579245,0.40569770603667354,0.0,1.081077549964114,1.869709249109495,2.1674839772789287,0.9668074469536756,3.963371482264351,2.078391643009504,2.8834769552577346,2.2670967719980237,1.8394283157650138},fitness=net.sf.jclec.fitness.SimpleValueFitness@7bfcd12c[value=279.0106690239884]]
Average fitness = 279.0106690239884
Fitness variance = 0.0
Generation 50 Report
Best individual: net.sf.jclec.realarray.RealArrayIndividual@42f30e0a[genotype={2.549579961650935,2.036497501565189,3.090650355198029,0.09909454125262204,0.02615140186026664,1.3107925125785682,1.2101162674512231,2.9309921920480884,1.0973001816914907,1.7939651212492436,0.7762857888350694,1.942186678912736,2.355764293507343,2.81341257531139,0.8068625574400993,1.1665147145647925,1.879218706472064,0.8672995831607558,0.5419624486579245,0.40569770603667354,0.0,1.081077549964114,1.869709249109495,2.1674839772789287,0.9668074469536756,3.963371482264351,2.078391643009504,2.8834769552577346,2.2670967719980237,1.8394283157650138},fitness=net.sf.jclec.fitness.SimpleValueFitness@5b1d2887[value=279.0106690239884]]
Worst individual: net.sf.jclec.realarray.RealArrayIndividual@42f30e0a[genotype={2.549579961650935,2.036497501565189,3.090650355198029,0.09909454125262204,0.02615140186026664,1.3107925125785682,1.2101162674512231,2.9309921920480884,1.0973001816914907,1.7939651212492436,0.7762857888350694,1.942186678912736,2.355764293507343,2.81341257531139,0.8068625574400993,1.1665147145647925,1.879218706472064,0.8672995831607558,0.5419624486579245,0.40569770603667354,0.0,1.081077549964114,1.869709249109495,2.1674839772789287,0.9668074469536756,3.963371482264351,2.078391643009504,2.8834769552577346,2.2670967719980237,1.8394283157650138},fitness=net.sf.jclec.fitness.SimpleValueFitness@5b1d2887[value=279.0106690239884]]
Median individual: net.sf.jclec.realarray.RealArrayIndividual@42f30e0a[genotype={2.549579961650935,2.036497501565189,3.090650355198029,0.09909454125262204,0.02615140186026664,1.3107925125785682,1.2101162674512231,2.9309921920480884,1.0973001816914907,1.7939651212492436,0.7762857888350694,1.942186678912736,2.355764293507343,2.81341257531139,0.8068625574400993,1.1665147145647925,1.879218706472064,0.8672995831607558,0.5419624486579245,0.40569770603667354,0.0,1.081077549964114,1.869709249109495,2.1674839772789287,0.9668074469536756,3.963371482264351,2.078391643009504,2.8834769552577346,2.2670967719980237,1.8394283157650138},fitness=net.sf.jclec.fitness.SimpleValueFitness@5b1d2887[value=279.0106690239884]]
Average fitness = 279.0106690239884
Fitness variance = 0.0
Generation 60 Report
Best individual: net.sf.jclec.realarray.RealArrayIndividual@46f5f779[genotype={2.569263189451546,2.036497501565189,3.090650355198029,0.09909454125262204,0.025447754756923267,1.3107925125785682,1.1465243599283286,2.9309921920480884,1.0973001816914907,1.7939651212492436,0.7762857888350694,1.942186678912736,2.355764293507343,2.81341257531139,0.8068625574400993,1.1665147145647925,1.879218706472064,1.0999319532134404,0.5419624486579245,0.40569770603667354,0.0,1.081077549964114,1.869709249109495,2.1674839772789287,0.9668074469536756,3.963371482264351,2.078391643009504,2.8834769552577346,2.2670967719980237,1.8394283157650138},fitness=net.sf.jclec.fitness.SimpleValueFitness@18e8568[value=274.0160637947269]]
Worst individual: net.sf.jclec.realarray.RealArrayIndividual@46f5f779[genotype={2.569263189451546,2.036497501565189,3.090650355198029,0.09909454125262204,0.025447754756923267,1.3107925125785682,1.1465243599283286,2.9309921920480884,1.0973001816914907,1.7939651212492436,0.7762857888350694,1.942186678912736,2.355764293507343,2.81341257531139,0.8068625574400993,1.1665147145647925,1.879218706472064,1.0999319532134404,0.5419624486579245,0.40569770603667354,0.0,1.081077549964114,1.869709249109495,2.1674839772789287,0.9668074469536756,3.963371482264351,2.078391643009504,2.8834769552577346,2.2670967719980237,1.8394283157650138},fitness=net.sf.jclec.fitness.SimpleValueFitness@18e8568[value=274.0160637947269]]
Median individual: net.sf.jclec.realarray.RealArrayIndividual@46f5f779[genotype={2.569263189451546,2.036497501565189,3.090650355198029,0.09909454125262204,0.025447754756923267,1.3107925125785682,1.1465243599283286,2.9309921920480884,1.0973001816914907,1.7939651212492436,0.7762857888350694,1.942186678912736,2.355764293507343,2.81341257531139,0.8068625574400993,1.1665147145647925,1.879218706472064,1.0999319532134404,0.5419624486579245,0.40569770603667354,0.0,1.081077549964114,1.869709249109495,2.1674839772789287,0.9668074469536756,3.963371482264351,2.078391643009504,2.8834769552577346,2.2670967719980237,1.8394283157650138},fitness=net.sf.jclec.fitness.SimpleValueFitness@18e8568[value=274.0160637947269]]
Average fitness = 274.0160637947269
Fitness variance = 0.0
Generation 70 Report
Best individual: net.sf.jclec.realarray.RealArrayIndividual@33e5ccce[genotype={2.569263189451546,2.036497501565189,3.090650355198029,0.09909454125262204,0.025447754756923267,1.3107925125785682,1.1465243599283286,2.9309921920480884,1.0973001816914907,1.7939651212492436,0.7762857888350694,1.942186678912736,2.355764293507343,2.81341257531139,0.8068625574400993,1.1665147145647925,1.879218706472064,1.0999319532134404,0.5419624486579245,0.40569770603667354,0.0,1.081077549964114,1.869709249109495,2.1674839772789287,0.9668074469536756,3.963371482264351,2.078391643009504,2.8834769552577346,2.2670967719980237,1.8394283157650138},fitness=net.sf.jclec.fitness.SimpleValueFitness@270421f5[value=274.0160637947269]]
Worst individual: net.sf.jclec.realarray.RealArrayIndividual@33e5ccce[genotype={2.569263189451546,2.036497501565189,3.090650355198029,0.09909454125262204,0.025447754756923267,1.3107925125785682,1.1465243599283286,2.9309921920480884,1.0973001816914907,1.7939651212492436,0.7762857888350694,1.942186678912736,2.355764293507343,2.81341257531139,0.8068625574400993,1.1665147145647925,1.879218706472064,1.0999319532134404,0.5419624486579245,0.40569770603667354,0.0,1.081077549964114,1.869709249109495,2.1674839772789287,0.9668074469536756,3.963371482264351,2.078391643009504,2.8834769552577346,2.2670967719980237,1.8394283157650138},fitness=net.sf.jclec.fitness.SimpleValueFitness@270421f5[value=274.0160637947269]]
Median individual: net.sf.jclec.realarray.RealArrayIndividual@33e5ccce[genotype={2.569263189451546,2.036497501565189,3.090650355198029,0.09909454125262204,0.025447754756923267,1.3107925125785682,1.1465243599283286,2.9309921920480884,1.0973001816914907,1.7939651212492436,0.7762857888350694,1.942186678912736,2.355764293507343,2.81341257531139,0.8068625574400993,1.1665147145647925,1.879218706472064,1.0999319532134404,0.5419624486579245,0.40569770603667354,0.0,1.081077549964114,1.869709249109495,2.1674839772789287,0.9668074469536756,3.963371482264351,2.078391643009504,2.8834769552577346,2.2670967719980237,1.8394283157650138},fitness=net.sf.jclec.fitness.SimpleValueFitness@270421f5[value=274.0160637947269]]
Average fitness = 274.0160637947269
Fitness variance = 0.0
Generation 80 Report
Best individual: net.sf.jclec.realarray.RealArrayIndividual@52d455b8[genotype={2.569263189451546,2.036497501565189,3.090650355198029,0.09909454125262204,0.025447754756923267,1.3107925125785682,1.1465243599283286,2.9309921920480884,1.0973001816914907,1.7952603349835943,0.7762857888350694,1.942186678912736,2.355764293507343,2.81341257531139,0.8068625574400993,1.1663732604989556,1.879218706472064,1.0999319532134404,0.5419624486579245,0.40569770603667354,0.0,1.081077549964114,1.869709249109495,2.1674839772789287,0.9668074469536756,3.963371482264351,2.078391643009504,2.8834769552577346,2.2670967719980237,1.8394283157650138},fitness=net.sf.jclec.fitness.SimpleValueFitness@18ef96[value=273.93448760705644]]
Worst individual: net.sf.jclec.realarray.RealArrayIndividual@52d455b8[genotype={2.569263189451546,2.036497501565189,3.090650355198029,0.09909454125262204,0.025447754756923267,1.3107925125785682,1.1465243599283286,2.9309921920480884,1.0973001816914907,1.7952603349835943,0.7762857888350694,1.942186678912736,2.355764293507343,2.81341257531139,0.8068625574400993,1.1663732604989556,1.879218706472064,1.0999319532134404,0.5419624486579245,0.40569770603667354,0.0,1.081077549964114,1.869709249109495,2.1674839772789287,0.9668074469536756,3.963371482264351,2.078391643009504,2.8834769552577346,2.2670967719980237,1.8394283157650138},fitness=net.sf.jclec.fitness.SimpleValueFitness@18ef96[value=273.93448760705644]]
Median individual: net.sf.jclec.realarray.RealArrayIndividual@52d455b8[genotype={2.569263189451546,2.036497501565189,3.090650355198029,0.09909454125262204,0.025447754756923267,1.3107925125785682,1.1465243599283286,2.9309921920480884,1.0973001816914907,1.7952603349835943,0.7762857888350694,1.942186678912736,2.355764293507343,2.81341257531139,0.8068625574400993,1.1663732604989556,1.879218706472064,1.0999319532134404,0.5419624486579245,0.40569770603667354,0.0,1.081077549964114,1.869709249109495,2.1674839772789287,0.9668074469536756,3.963371482264351,2.078391643009504,2.8834769552577346,2.2670967719980237,1.8394283157650138},fitness=net.sf.jclec.fitness.SimpleValueFitness@18ef96[value=273.93448760705644]]
Average fitness = 273.93448760705644
Fitness variance = 0.0
Generation 90 Report
Best individual: net.sf.jclec.realarray.RealArrayIndividual@6956de9[genotype={2.569263189451546,2.036497501565189,3.090650355198029,0.09909454125262204,0.025447754756923267,1.3107925125785682,1.1465243599283286,2.9309921920480884,1.0973001816914907,1.7952603349835943,0.7762857888350694,1.942186678912736,2.355764293507343,2.81341257531139,0.8068625574400993,1.1663732604989556,1.879218706472064,1.0999319532134404,0.5419624486579245,0.40569770603667354,0.0,1.081077549964114,1.869709249109495,2.1674839772789287,0.9668074469536756,3.963371482264351,2.078391643009504,2.8834769552577346,2.2670967719980237,1.8394283157650138},fitness=net.sf.jclec.fitness.SimpleValueFitness@6aceb1a5[value=273.93448760705644]]
Worst individual: net.sf.jclec.realarray.RealArrayIndividual@6956de9[genotype={2.569263189451546,2.036497501565189,3.090650355198029,0.09909454125262204,0.025447754756923267,1.3107925125785682,1.1465243599283286,2.9309921920480884,1.0973001816914907,1.7952603349835943,0.7762857888350694,1.942186678912736,2.355764293507343,2.81341257531139,0.8068625574400993,1.1663732604989556,1.879218706472064,1.0999319532134404,0.5419624486579245,0.40569770603667354,0.0,1.081077549964114,1.869709249109495,2.1674839772789287,0.9668074469536756,3.963371482264351,2.078391643009504,2.8834769552577346,2.2670967719980237,1.8394283157650138},fitness=net.sf.jclec.fitness.SimpleValueFitness@6aceb1a5[value=273.93448760705644]]
Median individual: net.sf.jclec.realarray.RealArrayIndividual@6956de9[genotype={2.569263189451546,2.036497501565189,3.090650355198029,0.09909454125262204,0.025447754756923267,1.3107925125785682,1.1465243599283286,2.9309921920480884,1.0973001816914907,1.7952603349835943,0.7762857888350694,1.942186678912736,2.355764293507343,2.81341257531139,0.8068625574400993,1.1663732604989556,1.879218706472064,1.0999319532134404,0.5419624486579245,0.40569770603667354,0.0,1.081077549964114,1.869709249109495,2.1674839772789287,0.9668074469536756,3.963371482264351,2.078391643009504,2.8834769552577346,2.2670967719980237,1.8394283157650138},fitness=net.sf.jclec.fitness.SimpleValueFitness@6aceb1a5[value=273.93448760705644]]
Average fitness = 273.93448760705644
Fitness variance = 0.0
Generation 100 Report
Best individual: net.sf.jclec.realarray.RealArrayIndividual@2d6d8735[genotype={2.569263189451546,2.036497501565189,3.090650355198029,0.09909454125262204,0.025447754756923267,1.3107925125785682,1.1465243599283286,2.9309921920480884,1.0973001816914907,1.7952603349835943,0.7762857888350694,1.942186678912736,2.355764293507343,2.81341257531139,0.8068625574400993,1.1663732604989556,1.879218706472064,1.0999319532134404,0.5419624486579245,0.40569770603667354,0.0,1.081077549964114,1.869709249109495,2.1674839772789287,0.9668074469536756,3.963371482264351,2.078391643009504,2.8834769552577346,2.2670967719980237,1.8394283157650138},fitness=net.sf.jclec.fitness.SimpleValueFitness@12bc6874[value=273.93448760705644]]
Worst individual: net.sf.jclec.realarray.RealArrayIndividual@2d6d8735[genotype={2.569263189451546,2.036497501565189,3.090650355198029,0.09909454125262204,0.025447754756923267,1.3107925125785682,1.1465243599283286,2.9309921920480884,1.0973001816914907,1.7952603349835943,0.7762857888350694,1.942186678912736,2.355764293507343,2.81341257531139,0.8068625574400993,1.1663732604989556,1.879218706472064,1.0999319532134404,0.5419624486579245,0.40569770603667354,0.0,1.081077549964114,1.869709249109495,2.1674839772789287,0.9668074469536756,3.963371482264351,2.078391643009504,2.8834769552577346,2.2670967719980237,1.8394283157650138},fitness=net.sf.jclec.fitness.SimpleValueFitness@12bc6874[value=273.93448760705644]]
Median individual: net.sf.jclec.realarray.RealArrayIndividual@2d6d8735[genotype={2.569263189451546,2.036497501565189,3.090650355198029,0.09909454125262204,0.025447754756923267,1.3107925125785682,1.1465243599283286,2.9309921920480884,1.0973001816914907,1.7952603349835943,0.7762857888350694,1.942186678912736,2.355764293507343,2.81341257531139,0.8068625574400993,1.1663732604989556,1.879218706472064,1.0999319532134404,0.5419624486579245,0.40569770603667354,0.0,1.081077549964114,1.869709249109495,2.1674839772789287,0.9668074469536756,3.963371482264351,2.078391643009504,2.8834769552577346,2.2670967719980237,1.8394283157650138},fitness=net.sf.jclec.fitness.SimpleValueFitness@12bc6874[value=273.93448760705644]]
Average fitness = 273.93448760705644
Fitness variance = 0.0
Generation 110 Report
Best individual: net.sf.jclec.realarray.RealArrayIndividual@de0a01f[genotype={2.569263189451546,2.036497501565189,3.090650355198029,0.09909454125262204,0.025447754756923267,1.3107925125785682,1.1465243599283286,2.9309921920480884,1.0973001816914907,1.7952603349835943,0.7762857888350694,1.942186678912736,2.355764293507343,2.81341257531139,0.8068625574400993,1.1663732604989556,1.879218706472064,1.0999319532134404,0.5419624486579245,0.40569770603667354,0.0,1.081077549964114,1.869709249109495,2.1674839772789287,0.9668074469536756,3.963371482264351,2.078391643009504,2.8834769552577346,2.2670967719980237,1.8394283157650138},fitness=net.sf.jclec.fitness.SimpleValueFitness@1ef7fe8e[value=273.93448760705644]]
Worst individual: net.sf.jclec.realarray.RealArrayIndividual@de0a01f[genotype={2.569263189451546,2.036497501565189,3.090650355198029,0.09909454125262204,0.025447754756923267,1.3107925125785682,1.1465243599283286,2.9309921920480884,1.0973001816914907,1.7952603349835943,0.7762857888350694,1.942186678912736,2.355764293507343,2.81341257531139,0.8068625574400993,1.1663732604989556,1.879218706472064,1.0999319532134404,0.5419624486579245,0.40569770603667354,0.0,1.081077549964114,1.869709249109495,2.1674839772789287,0.9668074469536756,3.963371482264351,2.078391643009504,2.8834769552577346,2.2670967719980237,1.8394283157650138},fitness=net.sf.jclec.fitness.SimpleValueFitness@1ef7fe8e[value=273.93448760705644]]
Median individual: net.sf.jclec.realarray.RealArrayIndividual@de0a01f[genotype={2.569263189451546,2.036497501565189,3.090650355198029,0.09909454125262204,0.025447754756923267,1.3107925125785682,1.1465243599283286,2.9309921920480884,1.0973001816914907,1.7952603349835943,0.7762857888350694,1.942186678912736,2.355764293507343,2.81341257531139,0.8068625574400993,1.1663732604989556,1.879218706472064,1.0999319532134404,0.5419624486579245,0.40569770603667354,0.0,1.081077549964114,1.869709249109495,2.1674839772789287,0.9668074469536756,3.963371482264351,2.078391643009504,2.8834769552577346,2.2670967719980237,1.8394283157650138},fitness=net.sf.jclec.fitness.SimpleValueFitness@1ef7fe8e[value=273.93448760705644]]
Average fitness = 273.93448760705644
Fitness variance = 0.0
Generation 120 Report
Best individual: net.sf.jclec.realarray.RealArrayIndividual@6f79caec[genotype={2.569263189451546,2.036497501565189,3.090650355198029,0.09909454125262204,0.025447754756923267,1.3107925125785682,1.1465243599283286,2.9309921920480884,1.0973001816914907,1.7952603349835943,0.7762857888350694,1.942186678912736,2.355764293507343,2.81341257531139,0.8068625574400993,1.1663732604989556,1.879218706472064,1.0999319532134404,0.5419624486579245,0.40569770603667354,0.0,1.081077549964114,1.869709249109495,2.1674839772789287,0.9668074469536756,3.963371482264351,2.078391643009504,2.8834769552577346,2.2670967719980237,1.8394283157650138},fitness=net.sf.jclec.fitness.SimpleValueFitness@5d3411d[value=273.93448760705644]]
Worst individual: net.sf.jclec.realarray.RealArrayIndividual@6f79caec[genotype={2.569263189451546,2.036497501565189,3.090650355198029,0.09909454125262204,0.025447754756923267,1.3107925125785682,1.1465243599283286,2.9309921920480884,1.0973001816914907,1.7952603349835943,0.7762857888350694,1.942186678912736,2.355764293507343,2.81341257531139,0.8068625574400993,1.1663732604989556,1.879218706472064,1.0999319532134404,0.5419624486579245,0.40569770603667354,0.0,1.081077549964114,1.869709249109495,2.1674839772789287,0.9668074469536756,3.963371482264351,2.078391643009504,2.8834769552577346,2.2670967719980237,1.8394283157650138},fitness=net.sf.jclec.fitness.SimpleValueFitness@5d3411d[value=273.93448760705644]]
Median individual: net.sf.jclec.realarray.RealArrayIndividual@6f79caec[genotype={2.569263189451546,2.036497501565189,3.090650355198029,0.09909454125262204,0.025447754756923267,1.3107925125785682,1.1465243599283286,2.9309921920480884,1.0973001816914907,1.7952603349835943,0.7762857888350694,1.942186678912736,2.355764293507343,2.81341257531139,0.8068625574400993,1.1663732604989556,1.879218706472064,1.0999319532134404,0.5419624486579245,0.40569770603667354,0.0,1.081077549964114,1.869709249109495,2.1674839772789287,0.9668074469536756,3.963371482264351,2.078391643009504,2.8834769552577346,2.2670967719980237,1.8394283157650138},fitness=net.sf.jclec.fitness.SimpleValueFitness@5d3411d[value=273.93448760705644]]
Average fitness = 273.93448760705644
Fitness variance = 0.0
Generation 130 Report
Best individual: net.sf.jclec.realarray.RealArrayIndividual@2471cca7[genotype={2.569263189451546,2.036497501565189,3.090650355198029,0.09909454125262204,0.025447754756923267,1.3107925125785682,1.1465243599283286,2.9309921920480884,1.0973001816914907,1.7952603349835943,0.7762857888350694,1.942186678912736,2.355764293507343,2.81341257531139,0.8068625574400993,1.1663732604989556,1.879218706472064,1.0999319532134404,0.5419624486579245,0.40569770603667354,0.0,1.081077549964114,1.869709249109495,2.1674839772789287,0.9668074469536756,3.963371482264351,2.078391643009504,2.8834769552577346,2.2670967719980237,1.8394283157650138},fitness=net.sf.jclec.fitness.SimpleValueFitness@6979e8cb[value=273.93448760705644]]
Worst individual: net.sf.jclec.realarray.RealArrayIndividual@2471cca7[genotype={2.569263189451546,2.036497501565189,3.090650355198029,0.09909454125262204,0.025447754756923267,1.3107925125785682,1.1465243599283286,2.9309921920480884,1.0973001816914907,1.7952603349835943,0.7762857888350694,1.942186678912736,2.355764293507343,2.81341257531139,0.8068625574400993,1.1663732604989556,1.879218706472064,1.0999319532134404,0.5419624486579245,0.40569770603667354,0.0,1.081077549964114,1.869709249109495,2.1674839772789287,0.9668074469536756,3.963371482264351,2.078391643009504,2.8834769552577346,2.2670967719980237,1.8394283157650138},fitness=net.sf.jclec.fitness.SimpleValueFitness@6979e8cb[value=273.93448760705644]]
Median individual: net.sf.jclec.realarray.RealArrayIndividual@2471cca7[genotype={2.569263189451546,2.036497501565189,3.090650355198029,0.09909454125262204,0.025447754756923267,1.3107925125785682,1.1465243599283286,2.9309921920480884,1.0973001816914907,1.7952603349835943,0.7762857888350694,1.942186678912736,2.355764293507343,2.81341257531139,0.8068625574400993,1.1663732604989556,1.879218706472064,1.0999319532134404,0.5419624486579245,0.40569770603667354,0.0,1.081077549964114,1.869709249109495,2.1674839772789287,0.9668074469536756,3.963371482264351,2.078391643009504,2.8834769552577346,2.2670967719980237,1.8394283157650138},fitness=net.sf.jclec.fitness.SimpleValueFitness@6979e8cb[value=273.93448760705644]]
Average fitness = 273.93448760705644
Fitness variance = 0.0
Generation 140 Report
Best individual: net.sf.jclec.realarray.RealArrayIndividual@763d9750[genotype={2.569263189451546,2.036497501565189,3.090650355198029,0.09909454125262204,0.025447754756923267,1.3107925125785682,1.1465243599283286,2.9309921920480884,1.0973001816914907,1.7952603349835943,0.7762857888350694,1.942186678912736,2.355764293507343,2.81341257531139,0.8068625574400993,1.1663732604989556,1.879218706472064,1.0999319532134404,0.5419624486579245,0.40569770603667354,0.0,1.081077549964114,1.869709249109495,2.1674839772789287,0.9668074469536756,3.963371482264351,2.078391643009504,2.8834769552577346,2.2670967719980237,1.8394283157650138},fitness=net.sf.jclec.fitness.SimpleValueFitness@2be94b0f[value=273.93448760705644]]
Worst individual: net.sf.jclec.realarray.RealArrayIndividual@763d9750[genotype={2.569263189451546,2.036497501565189,3.090650355198029,0.09909454125262204,0.025447754756923267,1.3107925125785682,1.1465243599283286,2.9309921920480884,1.0973001816914907,1.7952603349835943,0.7762857888350694,1.942186678912736,2.355764293507343,2.81341257531139,0.8068625574400993,1.1663732604989556,1.879218706472064,1.0999319532134404,0.5419624486579245,0.40569770603667354,0.0,1.081077549964114,1.869709249109495,2.1674839772789287,0.9668074469536756,3.963371482264351,2.078391643009504,2.8834769552577346,2.2670967719980237,1.8394283157650138},fitness=net.sf.jclec.fitness.SimpleValueFitness@2be94b0f[value=273.93448760705644]]
Median individual: net.sf.jclec.realarray.RealArrayIndividual@763d9750[genotype={2.569263189451546,2.036497501565189,3.090650355198029,0.09909454125262204,0.025447754756923267,1.3107925125785682,1.1465243599283286,2.9309921920480884,1.0973001816914907,1.7952603349835943,0.7762857888350694,1.942186678912736,2.355764293507343,2.81341257531139,0.8068625574400993,1.1663732604989556,1.879218706472064,1.0999319532134404,0.5419624486579245,0.40569770603667354,0.0,1.081077549964114,1.869709249109495,2.1674839772789287,0.9668074469536756,3.963371482264351,2.078391643009504,2.8834769552577346,2.2670967719980237,1.8394283157650138},fitness=net.sf.jclec.fitness.SimpleValueFitness@2be94b0f[value=273.93448760705644]]
Average fitness = 273.93448760705644
Fitness variance = 0.0
Generation 150 Report
Best individual: net.sf.jclec.realarray.RealArrayIndividual@d70c109[genotype={2.569263189451546,2.036497501565189,3.090650355198029,0.02245274504140253,0.0,1.3107925125785682,1.1465243599283286,2.9309921920480884,1.0973001816914907,1.7952603349835943,0.7762857888350694,1.942186678912736,2.355764293507343,2.81341257531139,0.8068625574400993,1.1663732604989556,1.879218706472064,1.116436465544313,0.5419624486579245,0.40569770603667354,0.0,1.081077549964114,1.869709249109495,2.1674839772789287,0.9668074469536756,3.963371482264351,2.0873800866676255,2.8834769552577346,2.2670967719980237,1.8394283157650138},fitness=net.sf.jclec.fitness.SimpleValueFitness@50675690[value=273.02634627630886]]
Worst individual: net.sf.jclec.realarray.RealArrayIndividual@d70c109[genotype={2.569263189451546,2.036497501565189,3.090650355198029,0.02245274504140253,0.0,1.3107925125785682,1.1465243599283286,2.9309921920480884,1.0973001816914907,1.7952603349835943,0.7762857888350694,1.942186678912736,2.355764293507343,2.81341257531139,0.8068625574400993,1.1663732604989556,1.879218706472064,1.116436465544313,0.5419624486579245,0.40569770603667354,0.0,1.081077549964114,1.869709249109495,2.1674839772789287,0.9668074469536756,3.963371482264351,2.0873800866676255,2.8834769552577346,2.2670967719980237,1.8394283157650138},fitness=net.sf.jclec.fitness.SimpleValueFitness@50675690[value=273.02634627630886]]
Median individual: net.sf.jclec.realarray.RealArrayIndividual@d70c109[genotype={2.569263189451546,2.036497501565189,3.090650355198029,0.02245274504140253,0.0,1.3107925125785682,1.1465243599283286,2.9309921920480884,1.0973001816914907,1.7952603349835943,0.7762857888350694,1.942186678912736,2.355764293507343,2.81341257531139,0.8068625574400993,1.1663732604989556,1.879218706472064,1.116436465544313,0.5419624486579245,0.40569770603667354,0.0,1.081077549964114,1.869709249109495,2.1674839772789287,0.9668074469536756,3.963371482264351,2.0873800866676255,2.8834769552577346,2.2670967719980237,1.8394283157650138},fitness=net.sf.jclec.fitness.SimpleValueFitness@50675690[value=273.02634627630886]]
Average fitness = 273.02634627630886
Fitness variance = 0.0
Generation 160 Report
Best individual: net.sf.jclec.realarray.RealArrayIndividual@31b7dea0[genotype={2.569263189451546,2.036497501565189,3.090650355198029,0.02245274504140253,0.0,1.3107925125785682,1.1465243599283286,2.9309921920480884,1.0973001816914907,1.7952603349835943,0.7762857888350694,1.942186678912736,2.355764293507343,2.81341257531139,0.8068625574400993,1.1663732604989556,1.879218706472064,1.116436465544313,0.5419624486579245,0.40569770603667354,0.0,1.081077549964114,1.869709249109495,2.1674839772789287,0.9668074469536756,3.963371482264351,2.0873800866676255,2.8834769552577346,2.2670967719980237,1.8394283157650138},fitness=net.sf.jclec.fitness.SimpleValueFitness@47d384ee[value=273.02634627630886]]
Worst individual: net.sf.jclec.realarray.RealArrayIndividual@31b7dea0[genotype={2.569263189451546,2.036497501565189,3.090650355198029,0.02245274504140253,0.0,1.3107925125785682,1.1465243599283286,2.9309921920480884,1.0973001816914907,1.7952603349835943,0.7762857888350694,1.942186678912736,2.355764293507343,2.81341257531139,0.8068625574400993,1.1663732604989556,1.879218706472064,1.116436465544313,0.5419624486579245,0.40569770603667354,0.0,1.081077549964114,1.869709249109495,2.1674839772789287,0.9668074469536756,3.963371482264351,2.0873800866676255,2.8834769552577346,2.2670967719980237,1.8394283157650138},fitness=net.sf.jclec.fitness.SimpleValueFitness@47d384ee[value=273.02634627630886]]
Median individual: net.sf.jclec.realarray.RealArrayIndividual@31b7dea0[genotype={2.569263189451546,2.036497501565189,3.090650355198029,0.02245274504140253,0.0,1.3107925125785682,1.1465243599283286,2.9309921920480884,1.0973001816914907,1.7952603349835943,0.7762857888350694,1.942186678912736,2.355764293507343,2.81341257531139,0.8068625574400993,1.1663732604989556,1.879218706472064,1.116436465544313,0.5419624486579245,0.40569770603667354,0.0,1.081077549964114,1.869709249109495,2.1674839772789287,0.9668074469536756,3.963371482264351,2.0873800866676255,2.8834769552577346,2.2670967719980237,1.8394283157650138},fitness=net.sf.jclec.fitness.SimpleValueFitness@47d384ee[value=273.02634627630886]]
Average fitness = 273.02634627630886
Fitness variance = 0.0
Generation 170 Report
Best individual: net.sf.jclec.realarray.RealArrayIndividual@2d6a9952[genotype={2.569263189451546,2.036497501565189,3.090650355198029,0.02245274504140253,0.0,1.3107925125785682,1.1465243599283286,2.9309921920480884,1.0973001816914907,1.7952603349835943,0.7762857888350694,1.942186678912736,2.355764293507343,2.81341257531139,0.8068625574400993,1.1663732604989556,1.879218706472064,1.116436465544313,0.5419624486579245,0.40569770603667354,0.0,1.081077549964114,1.869709249109495,2.1674839772789287,0.9668074469536756,3.963371482264351,2.0873800866676255,2.8834769552577346,2.2670967719980237,1.8394283157650138},fitness=net.sf.jclec.fitness.SimpleValueFitness@3930015a[value=273.02634627630886]]
Worst individual: net.sf.jclec.realarray.RealArrayIndividual@2d6a9952[genotype={2.569263189451546,2.036497501565189,3.090650355198029,0.02245274504140253,0.0,1.3107925125785682,1.1465243599283286,2.9309921920480884,1.0973001816914907,1.7952603349835943,0.7762857888350694,1.942186678912736,2.355764293507343,2.81341257531139,0.8068625574400993,1.1663732604989556,1.879218706472064,1.116436465544313,0.5419624486579245,0.40569770603667354,0.0,1.081077549964114,1.869709249109495,2.1674839772789287,0.9668074469536756,3.963371482264351,2.0873800866676255,2.8834769552577346,2.2670967719980237,1.8394283157650138},fitness=net.sf.jclec.fitness.SimpleValueFitness@3930015a[value=273.02634627630886]]
Median individual: net.sf.jclec.realarray.RealArrayIndividual@2d6a9952[genotype={2.569263189451546,2.036497501565189,3.090650355198029,0.02245274504140253,0.0,1.3107925125785682,1.1465243599283286,2.9309921920480884,1.0973001816914907,1.7952603349835943,0.7762857888350694,1.942186678912736,2.355764293507343,2.81341257531139,0.8068625574400993,1.1663732604989556,1.879218706472064,1.116436465544313,0.5419624486579245,0.40569770603667354,0.0,1.081077549964114,1.869709249109495,2.1674839772789287,0.9668074469536756,3.963371482264351,2.0873800866676255,2.8834769552577346,2.2670967719980237,1.8394283157650138},fitness=net.sf.jclec.fitness.SimpleValueFitness@3930015a[value=273.02634627630886]]
Average fitness = 273.02634627630886
Fitness variance = 0.0
Generation 180 Report
Best individual: net.sf.jclec.realarray.RealArrayIndividual@629f0666[genotype={2.569263189451546,2.036497501565189,3.090650355198029,0.02245274504140253,0.0,1.3107925125785682,1.1465243599283286,2.9309921920480884,1.0973001816914907,1.7952603349835943,0.7762857888350694,1.942186678912736,2.355764293507343,2.81341257531139,0.8068625574400993,1.1663732604989556,1.879218706472064,1.116436465544313,0.5419624486579245,0.40569770603667354,0.0,1.081077549964114,1.869709249109495,2.1674839772789287,0.9668074469536756,3.963371482264351,2.0873800866676255,2.8834769552577346,2.2670967719980237,1.8394283157650138},fitness=net.sf.jclec.fitness.SimpleValueFitness@1ff8b8f[value=273.02634627630886]]
Worst individual: net.sf.jclec.realarray.RealArrayIndividual@629f0666[genotype={2.569263189451546,2.036497501565189,3.090650355198029,0.02245274504140253,0.0,1.3107925125785682,1.1465243599283286,2.9309921920480884,1.0973001816914907,1.7952603349835943,0.7762857888350694,1.942186678912736,2.355764293507343,2.81341257531139,0.8068625574400993,1.1663732604989556,1.879218706472064,1.116436465544313,0.5419624486579245,0.40569770603667354,0.0,1.081077549964114,1.869709249109495,2.1674839772789287,0.9668074469536756,3.963371482264351,2.0873800866676255,2.8834769552577346,2.2670967719980237,1.8394283157650138},fitness=net.sf.jclec.fitness.SimpleValueFitness@1ff8b8f[value=273.02634627630886]]
Median individual: net.sf.jclec.realarray.RealArrayIndividual@629f0666[genotype={2.569263189451546,2.036497501565189,3.090650355198029,0.02245274504140253,0.0,1.3107925125785682,1.1465243599283286,2.9309921920480884,1.0973001816914907,1.7952603349835943,0.7762857888350694,1.942186678912736,2.355764293507343,2.81341257531139,0.8068625574400993,1.1663732604989556,1.879218706472064,1.116436465544313,0.5419624486579245,0.40569770603667354,0.0,1.081077549964114,1.869709249109495,2.1674839772789287,0.9668074469536756,3.963371482264351,2.0873800866676255,2.8834769552577346,2.2670967719980237,1.8394283157650138},fitness=net.sf.jclec.fitness.SimpleValueFitness@1ff8b8f[value=273.02634627630886]]
Average fitness = 273.02634627630886
Fitness variance = 0.0
Generation 190 Report
Best individual: net.sf.jclec.realarray.RealArrayIndividual@387c703b[genotype={2.569263189451546,2.036497501565189,3.090650355198029,0.02245274504140253,0.0,1.3107925125785682,1.1465243599283286,2.9309921920480884,1.0973001816914907,1.7952603349835943,0.7762857888350694,1.942186678912736,2.355764293507343,2.81341257531139,0.8068625574400993,1.1663732604989556,1.879218706472064,1.116436465544313,0.5419624486579245,0.40569770603667354,0.0,1.081077549964114,1.869709249109495,2.1674839772789287,0.9668074469536756,3.963371482264351,2.0873800866676255,2.8834769552577346,2.2670967719980237,1.8394283157650138},fitness=net.sf.jclec.fitness.SimpleValueFitness@c39f790[value=273.02634627630886]]
Worst individual: net.sf.jclec.realarray.RealArrayIndividual@387c703b[genotype={2.569263189451546,2.036497501565189,3.090650355198029,0.02245274504140253,0.0,1.3107925125785682,1.1465243599283286,2.9309921920480884,1.0973001816914907,1.7952603349835943,0.7762857888350694,1.942186678912736,2.355764293507343,2.81341257531139,0.8068625574400993,1.1663732604989556,1.879218706472064,1.116436465544313,0.5419624486579245,0.40569770603667354,0.0,1.081077549964114,1.869709249109495,2.1674839772789287,0.9668074469536756,3.963371482264351,2.0873800866676255,2.8834769552577346,2.2670967719980237,1.8394283157650138},fitness=net.sf.jclec.fitness.SimpleValueFitness@c39f790[value=273.02634627630886]]
Median individual: net.sf.jclec.realarray.RealArrayIndividual@387c703b[genotype={2.569263189451546,2.036497501565189,3.090650355198029,0.02245274504140253,0.0,1.3107925125785682,1.1465243599283286,2.9309921920480884,1.0973001816914907,1.7952603349835943,0.7762857888350694,1.942186678912736,2.355764293507343,2.81341257531139,0.8068625574400993,1.1663732604989556,1.879218706472064,1.116436465544313,0.5419624486579245,0.40569770603667354,0.0,1.081077549964114,1.869709249109495,2.1674839772789287,0.9668074469536756,3.963371482264351,2.0873800866676255,2.8834769552577346,2.2670967719980237,1.8394283157650138},fitness=net.sf.jclec.fitness.SimpleValueFitness@c39f790[value=273.02634627630886]]
Average fitness = 273.02634627630886
Fitness variance = 0.0
Generation 200 Report
Best individual: net.sf.jclec.realarray.RealArrayIndividual@71e7a66b[genotype={2.569263189451546,2.036497501565189,3.090650355198029,0.02245274504140253,0.0,1.3107925125785682,1.1465243599283286,2.9309921920480884,1.0973001816914907,1.7952603349835943,0.7762857888350694,1.942186678912736,2.355764293507343,2.81341257531139,0.8068625574400993,1.1663732604989556,1.879218706472064,1.116436465544313,0.5419624486579245,0.40569770603667354,0.0,1.081077549964114,1.869709249109495,2.1674839772789287,0.9668074469536756,3.963371482264351,2.0873800866676255,2.8834769552577346,2.2670967719980237,1.8394283157650138},fitness=net.sf.jclec.fitness.SimpleValueFitness@5f150435[value=273.02634627630886]]
Worst individual: net.sf.jclec.realarray.RealArrayIndividual@71e7a66b[genotype={2.569263189451546,2.036497501565189,3.090650355198029,0.02245274504140253,0.0,1.3107925125785682,1.1465243599283286,2.9309921920480884,1.0973001816914907,1.7952603349835943,0.7762857888350694,1.942186678912736,2.355764293507343,2.81341257531139,0.8068625574400993,1.1663732604989556,1.879218706472064,1.116436465544313,0.5419624486579245,0.40569770603667354,0.0,1.081077549964114,1.869709249109495,2.1674839772789287,0.9668074469536756,3.963371482264351,2.0873800866676255,2.8834769552577346,2.2670967719980237,1.8394283157650138},fitness=net.sf.jclec.fitness.SimpleValueFitness@5f150435[value=273.02634627630886]]
Median individual: net.sf.jclec.realarray.RealArrayIndividual@71e7a66b[genotype={2.569263189451546,2.036497501565189,3.090650355198029,0.02245274504140253,0.0,1.3107925125785682,1.1465243599283286,2.9309921920480884,1.0973001816914907,1.7952603349835943,0.7762857888350694,1.942186678912736,2.355764293507343,2.81341257531139,0.8068625574400993,1.1663732604989556,1.879218706472064,1.116436465544313,0.5419624486579245,0.40569770603667354,0.0,1.081077549964114,1.869709249109495,2.1674839772789287,0.9668074469536756,3.963371482264351,2.0873800866676255,2.8834769552577346,2.2670967719980237,1.8394283157650138},fitness=net.sf.jclec.fitness.SimpleValueFitness@5f150435[value=273.02634627630886]]
Average fitness = 273.02634627630886
Fitness variance = 0.0
Generation 210 Report
Best individual: net.sf.jclec.realarray.RealArrayIndividual@1c53fd30[genotype={0.0,2.036497501565189,3.090650355198029,0.02245274504140253,0.0,1.3107925125785682,1.1465243599283286,2.9309921920480884,1.0973001816914907,1.7952603349835943,0.7762857888350694,1.942186678912736,2.355764293507343,2.81341257531139,0.8068625574400993,1.1663732604989556,1.879218706472064,1.116436465544313,0.5419624486579245,0.4892593352815209,0.0,1.081077549964114,1.869709249109495,2.1674839772789287,0.0,3.963371482264351,2.0873800866676255,2.8834769552577346,2.2670967719980237,1.8394283157650138},fitness=net.sf.jclec.fitness.SimpleValueFitness@75412c2f[value=247.96259683800733]]
Worst individual: net.sf.jclec.realarray.RealArrayIndividual@1c53fd30[genotype={0.0,2.036497501565189,3.090650355198029,0.02245274504140253,0.0,1.3107925125785682,1.1465243599283286,2.9309921920480884,1.0973001816914907,1.7952603349835943,0.7762857888350694,1.942186678912736,2.355764293507343,2.81341257531139,0.8068625574400993,1.1663732604989556,1.879218706472064,1.116436465544313,0.5419624486579245,0.4892593352815209,0.0,1.081077549964114,1.869709249109495,2.1674839772789287,0.0,3.963371482264351,2.0873800866676255,2.8834769552577346,2.2670967719980237,1.8394283157650138},fitness=net.sf.jclec.fitness.SimpleValueFitness@75412c2f[value=247.96259683800733]]
Median individual: net.sf.jclec.realarray.RealArrayIndividual@1c53fd30[genotype={0.0,2.036497501565189,3.090650355198029,0.02245274504140253,0.0,1.3107925125785682,1.1465243599283286,2.9309921920480884,1.0973001816914907,1.7952603349835943,0.7762857888350694,1.942186678912736,2.355764293507343,2.81341257531139,0.8068625574400993,1.1663732604989556,1.879218706472064,1.116436465544313,0.5419624486579245,0.4892593352815209,0.0,1.081077549964114,1.869709249109495,2.1674839772789287,0.0,3.963371482264351,2.0873800866676255,2.8834769552577346,2.2670967719980237,1.8394283157650138},fitness=net.sf.jclec.fitness.SimpleValueFitness@75412c2f[value=247.96259683800733]]
Average fitness = 247.96259683800733
Fitness variance = 0.0
Generation 220 Report
Best individual: net.sf.jclec.realarray.RealArrayIndividual@282ba1e[genotype={0.0,2.036497501565189,3.090650355198029,0.02245274504140253,0.0,1.3107925125785682,1.1465243599283286,2.9309921920480884,1.0973001816914907,1.7952603349835943,0.7762857888350694,1.942186678912736,2.355764293507343,2.81341257531139,0.8068625574400993,1.1663732604989556,1.879218706472064,1.116436465544313,0.5419624486579245,0.4892593352815209,0.0,1.081077549964114,1.869709249109495,2.1674839772789287,0.0,3.963371482264351,2.0873800866676255,2.8834769552577346,2.2670967719980237,1.8394283157650138},fitness=net.sf.jclec.fitness.SimpleValueFitness@f5f2bb7[value=247.96259683800733]]
Worst individual: net.sf.jclec.realarray.RealArrayIndividual@282ba1e[genotype={0.0,2.036497501565189,3.090650355198029,0.02245274504140253,0.0,1.3107925125785682,1.1465243599283286,2.9309921920480884,1.0973001816914907,1.7952603349835943,0.7762857888350694,1.942186678912736,2.355764293507343,2.81341257531139,0.8068625574400993,1.1663732604989556,1.879218706472064,1.116436465544313,0.5419624486579245,0.4892593352815209,0.0,1.081077549964114,1.869709249109495,2.1674839772789287,0.0,3.963371482264351,2.0873800866676255,2.8834769552577346,2.2670967719980237,1.8394283157650138},fitness=net.sf.jclec.fitness.SimpleValueFitness@f5f2bb7[value=247.96259683800733]]
Median individual: net.sf.jclec.realarray.RealArrayIndividual@282ba1e[genotype={0.0,2.036497501565189,3.090650355198029,0.02245274504140253,0.0,1.3107925125785682,1.1465243599283286,2.9309921920480884,1.0973001816914907,1.7952603349835943,0.7762857888350694,1.942186678912736,2.355764293507343,2.81341257531139,0.8068625574400993,1.1663732604989556,1.879218706472064,1.116436465544313,0.5419624486579245,0.4892593352815209,0.0,1.081077549964114,1.869709249109495,2.1674839772789287,0.0,3.963371482264351,2.0873800866676255,2.8834769552577346,2.2670967719980237,1.8394283157650138},fitness=net.sf.jclec.fitness.SimpleValueFitness@f5f2bb7[value=247.96259683800733]]
Average fitness = 247.96259683800733
Fitness variance = 0.0
Generation 230 Report
Best individual: net.sf.jclec.realarray.RealArrayIndividual@73035e27[genotype={0.0,2.036497501565189,3.090650355198029,0.02245274504140253,0.0,1.3107925125785682,1.1465243599283286,2.9309921920480884,1.0973001816914907,1.7952603349835943,0.7762857888350694,1.942186678912736,2.355764293507343,2.81341257531139,0.8068625574400993,1.1663732604989556,1.879218706472064,1.116436465544313,0.5419624486579245,0.4892593352815209,0.0,0.0,1.869709249109495,2.1674839772789287,0.0,3.963371482264351,2.0873800866676255,2.8834769552577346,2.2670967719980237,1.8394283157650138},fitness=net.sf.jclec.fitness.SimpleValueFitness@3ecf72fd[value=245.52411750166405]]
Worst individual: net.sf.jclec.realarray.RealArrayIndividual@73035e27[genotype={0.0,2.036497501565189,3.090650355198029,0.02245274504140253,0.0,1.3107925125785682,1.1465243599283286,2.9309921920480884,1.0973001816914907,1.7952603349835943,0.7762857888350694,1.942186678912736,2.355764293507343,2.81341257531139,0.8068625574400993,1.1663732604989556,1.879218706472064,1.116436465544313,0.5419624486579245,0.4892593352815209,0.0,0.0,1.869709249109495,2.1674839772789287,0.0,3.963371482264351,2.0873800866676255,2.8834769552577346,2.2670967719980237,1.8394283157650138},fitness=net.sf.jclec.fitness.SimpleValueFitness@3ecf72fd[value=245.52411750166405]]
Median individual: net.sf.jclec.realarray.RealArrayIndividual@73035e27[genotype={0.0,2.036497501565189,3.090650355198029,0.02245274504140253,0.0,1.3107925125785682,1.1465243599283286,2.9309921920480884,1.0973001816914907,1.7952603349835943,0.7762857888350694,1.942186678912736,2.355764293507343,2.81341257531139,0.8068625574400993,1.1663732604989556,1.879218706472064,1.116436465544313,0.5419624486579245,0.4892593352815209,0.0,0.0,1.869709249109495,2.1674839772789287,0.0,3.963371482264351,2.0873800866676255,2.8834769552577346,2.2670967719980237,1.8394283157650138},fitness=net.sf.jclec.fitness.SimpleValueFitness@3ecf72fd[value=245.52411750166405]]
Average fitness = 245.52411750166405
Fitness variance = 0.0
Generation 240 Report
Best individual: net.sf.jclec.realarray.RealArrayIndividual@483bf400[genotype={0.0,2.036497501565189,3.090650355198029,0.02245274504140253,0.0,1.3107925125785682,1.1465243599283286,2.9309921920480884,1.0973001816914907,1.7952603349835943,0.7762857888350694,1.942186678912736,2.355764293507343,2.81341257531139,0.8068625574400993,1.1663732604989556,1.879218706472064,1.116436465544313,0.5419624486579245,0.4892593352815209,0.0,0.0,1.869709249109495,2.1674839772789287,0.0,3.963371482264351,2.0873800866676255,2.8834769552577346,2.2670967719980237,1.8394283157650138},fitness=net.sf.jclec.fitness.SimpleValueFitness@77f03bb1[value=245.52411750166405]]
Worst individual: net.sf.jclec.realarray.RealArrayIndividual@483bf400[genotype={0.0,2.036497501565189,3.090650355198029,0.02245274504140253,0.0,1.3107925125785682,1.1465243599283286,2.9309921920480884,1.0973001816914907,1.7952603349835943,0.7762857888350694,1.942186678912736,2.355764293507343,2.81341257531139,0.8068625574400993,1.1663732604989556,1.879218706472064,1.116436465544313,0.5419624486579245,0.4892593352815209,0.0,0.0,1.869709249109495,2.1674839772789287,0.0,3.963371482264351,2.0873800866676255,2.8834769552577346,2.2670967719980237,1.8394283157650138},fitness=net.sf.jclec.fitness.SimpleValueFitness@77f03bb1[value=245.52411750166405]]
Median individual: net.sf.jclec.realarray.RealArrayIndividual@483bf400[genotype={0.0,2.036497501565189,3.090650355198029,0.02245274504140253,0.0,1.3107925125785682,1.1465243599283286,2.9309921920480884,1.0973001816914907,1.7952603349835943,0.7762857888350694,1.942186678912736,2.355764293507343,2.81341257531139,0.8068625574400993,1.1663732604989556,1.879218706472064,1.116436465544313,0.5419624486579245,0.4892593352815209,0.0,0.0,1.869709249109495,2.1674839772789287,0.0,3.963371482264351,2.0873800866676255,2.8834769552577346,2.2670967719980237,1.8394283157650138},fitness=net.sf.jclec.fitness.SimpleValueFitness@77f03bb1[value=245.52411750166405]]
Average fitness = 245.52411750166405
Fitness variance = 0.0
Generation 250 Report
Best individual: net.sf.jclec.realarray.RealArrayIndividual@326de728[genotype={0.0,0.0,3.090650355198029,0.02245274504140253,0.0,5.12,1.1465243599283286,2.9309921920480884,1.0973001816914907,0.0,0.7762857888350694,1.942186678912736,2.355764293507343,2.81341257531139,0.8068625574400993,1.1663732604989556,1.879218706472064,1.116436465544313,0.5419624486579245,0.4892593352815209,0.0,0.0,1.869709249109495,2.1674839772789287,0.0,3.963371482264351,2.0873800866676255,2.8834769552577346,2.2670967719980237,0.0},fitness=net.sf.jclec.fitness.SimpleValueFitness@7a92922[value=236.12110902225683]]
Worst individual: net.sf.jclec.realarray.RealArrayIndividual@326de728[genotype={0.0,0.0,3.090650355198029,0.02245274504140253,0.0,5.12,1.1465243599283286,2.9309921920480884,1.0973001816914907,0.0,0.7762857888350694,1.942186678912736,2.355764293507343,2.81341257531139,0.8068625574400993,1.1663732604989556,1.879218706472064,1.116436465544313,0.5419624486579245,0.4892593352815209,0.0,0.0,1.869709249109495,2.1674839772789287,0.0,3.963371482264351,2.0873800866676255,2.8834769552577346,2.2670967719980237,0.0},fitness=net.sf.jclec.fitness.SimpleValueFitness@7a92922[value=236.12110902225683]]
Median individual: net.sf.jclec.realarray.RealArrayIndividual@326de728[genotype={0.0,0.0,3.090650355198029,0.02245274504140253,0.0,5.12,1.1465243599283286,2.9309921920480884,1.0973001816914907,0.0,0.7762857888350694,1.942186678912736,2.355764293507343,2.81341257531139,0.8068625574400993,1.1663732604989556,1.879218706472064,1.116436465544313,0.5419624486579245,0.4892593352815209,0.0,0.0,1.869709249109495,2.1674839772789287,0.0,3.963371482264351,2.0873800866676255,2.8834769552577346,2.2670967719980237,0.0},fitness=net.sf.jclec.fitness.SimpleValueFitness@7a92922[value=236.12110902225683]]
Average fitness = 236.12110902225683
Fitness variance = 0.0
Generation 260 Report
Best individual: net.sf.jclec.realarray.RealArrayIndividual@71f2a7d5[genotype={0.0,0.0,3.090650355198029,0.02245274504140253,0.0,5.12,1.1465243599283286,2.9309921920480884,1.0973001816914907,0.0,0.7762857888350694,1.942186678912736,2.355764293507343,2.81341257531139,0.8068625574400993,1.1663732604989556,1.879218706472064,1.116436465544313,0.5419624486579245,0.4892593352815209,0.0,0.0,1.869709249109495,2.1674839772789287,0.0,3.963371482264351,2.0873800866676255,2.8834769552577346,2.2670967719980237,0.0},fitness=net.sf.jclec.fitness.SimpleValueFitness@5474c6c[value=236.12110902225683]]
Worst individual: net.sf.jclec.realarray.RealArrayIndividual@71f2a7d5[genotype={0.0,0.0,3.090650355198029,0.02245274504140253,0.0,5.12,1.1465243599283286,2.9309921920480884,1.0973001816914907,0.0,0.7762857888350694,1.942186678912736,2.355764293507343,2.81341257531139,0.8068625574400993,1.1663732604989556,1.879218706472064,1.116436465544313,0.5419624486579245,0.4892593352815209,0.0,0.0,1.869709249109495,2.1674839772789287,0.0,3.963371482264351,2.0873800866676255,2.8834769552577346,2.2670967719980237,0.0},fitness=net.sf.jclec.fitness.SimpleValueFitness@5474c6c[value=236.12110902225683]]
Median individual: net.sf.jclec.realarray.RealArrayIndividual@71f2a7d5[genotype={0.0,0.0,3.090650355198029,0.02245274504140253,0.0,5.12,1.1465243599283286,2.9309921920480884,1.0973001816914907,0.0,0.7762857888350694,1.942186678912736,2.355764293507343,2.81341257531139,0.8068625574400993,1.1663732604989556,1.879218706472064,1.116436465544313,0.5419624486579245,0.4892593352815209,0.0,0.0,1.869709249109495,2.1674839772789287,0.0,3.963371482264351,2.0873800866676255,2.8834769552577346,2.2670967719980237,0.0},fitness=net.sf.jclec.fitness.SimpleValueFitness@5474c6c[value=236.12110902225683]]
Average fitness = 236.12110902225683
Fitness variance = 0.0
Generation 270 Report
Best individual: net.sf.jclec.realarray.RealArrayIndividual@4b6995df[genotype={0.0,0.0,3.090650355198029,0.02245274504140253,0.0,5.12,1.1465243599283286,2.9309921920480884,1.0973001816914907,0.0,0.7762857888350694,1.942186678912736,2.355764293507343,2.81341257531139,0.8068625574400993,1.1663732604989556,1.879218706472064,1.116436465544313,0.5419624486579245,0.4892593352815209,0.0,0.0,1.869709249109495,2.1674839772789287,0.0,3.963371482264351,2.0873800866676255,2.8834769552577346,2.2670967719980237,0.0},fitness=net.sf.jclec.fitness.SimpleValueFitness@591f989e[value=236.12110902225683]]
Worst individual: net.sf.jclec.realarray.RealArrayIndividual@4b6995df[genotype={0.0,0.0,3.090650355198029,0.02245274504140253,0.0,5.12,1.1465243599283286,2.9309921920480884,1.0973001816914907,0.0,0.7762857888350694,1.942186678912736,2.355764293507343,2.81341257531139,0.8068625574400993,1.1663732604989556,1.879218706472064,1.116436465544313,0.5419624486579245,0.4892593352815209,0.0,0.0,1.869709249109495,2.1674839772789287,0.0,3.963371482264351,2.0873800866676255,2.8834769552577346,2.2670967719980237,0.0},fitness=net.sf.jclec.fitness.SimpleValueFitness@591f989e[value=236.12110902225683]]
Median individual: net.sf.jclec.realarray.RealArrayIndividual@4b6995df[genotype={0.0,0.0,3.090650355198029,0.02245274504140253,0.0,5.12,1.1465243599283286,2.9309921920480884,1.0973001816914907,0.0,0.7762857888350694,1.942186678912736,2.355764293507343,2.81341257531139,0.8068625574400993,1.1663732604989556,1.879218706472064,1.116436465544313,0.5419624486579245,0.4892593352815209,0.0,0.0,1.869709249109495,2.1674839772789287,0.0,3.963371482264351,2.0873800866676255,2.8834769552577346,2.2670967719980237,0.0},fitness=net.sf.jclec.fitness.SimpleValueFitness@591f989e[value=236.12110902225683]]
Average fitness = 236.12110902225683
Fitness variance = 0.0
Generation 280 Report
Best individual: net.sf.jclec.realarray.RealArrayIndividual@66048bfd[genotype={0.0,0.0,3.090650355198029,0.02245274504140253,0.0,5.12,1.1465243599283286,2.9309921920480884,1.0973001816914907,0.0,0.7762857888350694,0.0,5.12,2.81341257531139,0.8068625574400993,1.1663732604989556,1.879218706472064,1.116436465544313,0.5419624486579245,0.0,0.0,0.0,1.869709249109495,2.1674839772789287,0.0,3.963371482264351,2.0873800866676255,2.8834769552577346,2.2670967719980237,0.0},fitness=net.sf.jclec.fitness.SimpleValueFitness@445b84c0[value=218.68801539174936]]
Worst individual: net.sf.jclec.realarray.RealArrayIndividual@66048bfd[genotype={0.0,0.0,3.090650355198029,0.02245274504140253,0.0,5.12,1.1465243599283286,2.9309921920480884,1.0973001816914907,0.0,0.7762857888350694,0.0,5.12,2.81341257531139,0.8068625574400993,1.1663732604989556,1.879218706472064,1.116436465544313,0.5419624486579245,0.0,0.0,0.0,1.869709249109495,2.1674839772789287,0.0,3.963371482264351,2.0873800866676255,2.8834769552577346,2.2670967719980237,0.0},fitness=net.sf.jclec.fitness.SimpleValueFitness@445b84c0[value=218.68801539174936]]
Median individual: net.sf.jclec.realarray.RealArrayIndividual@66048bfd[genotype={0.0,0.0,3.090650355198029,0.02245274504140253,0.0,5.12,1.1465243599283286,2.9309921920480884,1.0973001816914907,0.0,0.7762857888350694,0.0,5.12,2.81341257531139,0.8068625574400993,1.1663732604989556,1.879218706472064,1.116436465544313,0.5419624486579245,0.0,0.0,0.0,1.869709249109495,2.1674839772789287,0.0,3.963371482264351,2.0873800866676255,2.8834769552577346,2.2670967719980237,0.0},fitness=net.sf.jclec.fitness.SimpleValueFitness@445b84c0[value=218.68801539174936]]
Average fitness = 218.68801539174936
Fitness variance = 0.0
Generation 290 Report
Best individual: net.sf.jclec.realarray.RealArrayIndividual@61a52fbd[genotype={0.0,0.0,3.090650355198029,0.02245274504140253,0.0,5.12,1.1465243599283286,2.9309921920480884,1.0973001816914907,0.0,0.7762857888350694,0.0,5.12,2.81341257531139,0.8068625574400993,1.1663732604989556,1.879218706472064,1.116436465544313,0.5419624486579245,0.0,0.0,0.0,1.869709249109495,2.1674839772789287,0.0,3.963371482264351,2.0873800866676255,2.8834769552577346,2.2670967719980237,0.0},fitness=net.sf.jclec.fitness.SimpleValueFitness@63d4e2ba[value=218.68801539174936]]
Worst individual: net.sf.jclec.realarray.RealArrayIndividual@61a52fbd[genotype={0.0,0.0,3.090650355198029,0.02245274504140253,0.0,5.12,1.1465243599283286,2.9309921920480884,1.0973001816914907,0.0,0.7762857888350694,0.0,5.12,2.81341257531139,0.8068625574400993,1.1663732604989556,1.879218706472064,1.116436465544313,0.5419624486579245,0.0,0.0,0.0,1.869709249109495,2.1674839772789287,0.0,3.963371482264351,2.0873800866676255,2.8834769552577346,2.2670967719980237,0.0},fitness=net.sf.jclec.fitness.SimpleValueFitness@63d4e2ba[value=218.68801539174936]]
Median individual: net.sf.jclec.realarray.RealArrayIndividual@61a52fbd[genotype={0.0,0.0,3.090650355198029,0.02245274504140253,0.0,5.12,1.1465243599283286,2.9309921920480884,1.0973001816914907,0.0,0.7762857888350694,0.0,5.12,2.81341257531139,0.8068625574400993,1.1663732604989556,1.879218706472064,1.116436465544313,0.5419624486579245,0.0,0.0,0.0,1.869709249109495,2.1674839772789287,0.0,3.963371482264351,2.0873800866676255,2.8834769552577346,2.2670967719980237,0.0},fitness=net.sf.jclec.fitness.SimpleValueFitness@63d4e2ba[value=218.68801539174936]]
Average fitness = 218.68801539174936
Fitness variance = 0.0
Generation 300 Report
Best individual: net.sf.jclec.realarray.RealArrayIndividual@7bb11784[genotype={0.0,0.0,3.090650355198029,0.02245274504140253,0.0,5.12,1.1465243599283286,2.9309921920480884,1.0973001816914907,0.0,0.7762857888350694,0.0,5.12,2.81341257531139,0.8068625574400993,1.1663732604989556,1.879218706472064,1.116436465544313,0.5419624486579245,0.0,0.0,0.0,1.869709249109495,2.1674839772789287,0.0,3.963371482264351,2.0873800866676255,2.8834769552577346,2.2670967719980237,0.0},fitness=net.sf.jclec.fitness.SimpleValueFitness@7006c658[value=218.68801539174936]]
Worst individual: net.sf.jclec.realarray.RealArrayIndividual@7bb11784[genotype={0.0,0.0,3.090650355198029,0.02245274504140253,0.0,5.12,1.1465243599283286,2.9309921920480884,1.0973001816914907,0.0,0.7762857888350694,0.0,5.12,2.81341257531139,0.8068625574400993,1.1663732604989556,1.879218706472064,1.116436465544313,0.5419624486579245,0.0,0.0,0.0,1.869709249109495,2.1674839772789287,0.0,3.963371482264351,2.0873800866676255,2.8834769552577346,2.2670967719980237,0.0},fitness=net.sf.jclec.fitness.SimpleValueFitness@7006c658[value=218.68801539174936]]
Median individual: net.sf.jclec.realarray.RealArrayIndividual@7bb11784[genotype={0.0,0.0,3.090650355198029,0.02245274504140253,0.0,5.12,1.1465243599283286,2.9309921920480884,1.0973001816914907,0.0,0.7762857888350694,0.0,5.12,2.81341257531139,0.8068625574400993,1.1663732604989556,1.879218706472064,1.116436465544313,0.5419624486579245,0.0,0.0,0.0,1.869709249109495,2.1674839772789287,0.0,3.963371482264351,2.0873800866676255,2.8834769552577346,2.2670967719980237,0.0},fitness=net.sf.jclec.fitness.SimpleValueFitness@7006c658[value=218.68801539174936]]
Average fitness = 218.68801539174936
Fitness variance = 0.0
Generation 310 Report
Best individual: net.sf.jclec.realarray.RealArrayIndividual@34033bd0[genotype={0.0,0.0,3.090650355198029,0.02245274504140253,0.0,5.12,1.1465243599283286,2.9309921920480884,1.0973001816914907,0.0,0.7762857888350694,0.0,5.12,2.81341257531139,0.8068625574400993,1.1663732604989556,1.879218706472064,1.116436465544313,0.5419624486579245,0.0,0.0,0.0,1.869709249109495,2.1674839772789287,0.0,3.963371482264351,2.0873800866676255,2.8834769552577346,2.2670967719980237,0.0},fitness=net.sf.jclec.fitness.SimpleValueFitness@7cdbc5d3[value=218.68801539174936]]
Worst individual: net.sf.jclec.realarray.RealArrayIndividual@34033bd0[genotype={0.0,0.0,3.090650355198029,0.02245274504140253,0.0,5.12,1.1465243599283286,2.9309921920480884,1.0973001816914907,0.0,0.7762857888350694,0.0,5.12,2.81341257531139,0.8068625574400993,1.1663732604989556,1.879218706472064,1.116436465544313,0.5419624486579245,0.0,0.0,0.0,1.869709249109495,2.1674839772789287,0.0,3.963371482264351,2.0873800866676255,2.8834769552577346,2.2670967719980237,0.0},fitness=net.sf.jclec.fitness.SimpleValueFitness@7cdbc5d3[value=218.68801539174936]]
Median individual: net.sf.jclec.realarray.RealArrayIndividual@34033bd0[genotype={0.0,0.0,3.090650355198029,0.02245274504140253,0.0,5.12,1.1465243599283286,2.9309921920480884,1.0973001816914907,0.0,0.7762857888350694,0.0,5.12,2.81341257531139,0.8068625574400993,1.1663732604989556,1.879218706472064,1.116436465544313,0.5419624486579245,0.0,0.0,0.0,1.869709249109495,2.1674839772789287,0.0,3.963371482264351,2.0873800866676255,2.8834769552577346,2.2670967719980237,0.0},fitness=net.sf.jclec.fitness.SimpleValueFitness@7cdbc5d3[value=218.68801539174936]]
Average fitness = 218.68801539174936
Fitness variance = 0.0
Generation 320 Report
Best individual: net.sf.jclec.realarray.RealArrayIndividual@3aa9e816[genotype={0.0,0.0,3.090650355198029,0.02245274504140253,0.0,5.12,1.1465243599283286,2.9309921920480884,1.0973001816914907,0.0,0.7762857888350694,0.0,5.12,2.81341257531139,0.8068625574400993,1.1663732604989556,1.879218706472064,1.116436465544313,0.5419624486579245,0.0,0.0,0.0,1.869709249109495,2.1674839772789287,0.0,3.963371482264351,2.0873800866676255,2.8834769552577346,2.2670967719980237,0.0},fitness=net.sf.jclec.fitness.SimpleValueFitness@3834d63f[value=218.68801539174936]]
Worst individual: net.sf.jclec.realarray.RealArrayIndividual@3aa9e816[genotype={0.0,0.0,3.090650355198029,0.02245274504140253,0.0,5.12,1.1465243599283286,2.9309921920480884,1.0973001816914907,0.0,0.7762857888350694,0.0,5.12,2.81341257531139,0.8068625574400993,1.1663732604989556,1.879218706472064,1.116436465544313,0.5419624486579245,0.0,0.0,0.0,1.869709249109495,2.1674839772789287,0.0,3.963371482264351,2.0873800866676255,2.8834769552577346,2.2670967719980237,0.0},fitness=net.sf.jclec.fitness.SimpleValueFitness@3834d63f[value=218.68801539174936]]
Median individual: net.sf.jclec.realarray.RealArrayIndividual@3aa9e816[genotype={0.0,0.0,3.090650355198029,0.02245274504140253,0.0,5.12,1.1465243599283286,2.9309921920480884,1.0973001816914907,0.0,0.7762857888350694,0.0,5.12,2.81341257531139,0.8068625574400993,1.1663732604989556,1.879218706472064,1.116436465544313,0.5419624486579245,0.0,0.0,0.0,1.869709249109495,2.1674839772789287,0.0,3.963371482264351,2.0873800866676255,2.8834769552577346,2.2670967719980237,0.0},fitness=net.sf.jclec.fitness.SimpleValueFitness@3834d63f[value=218.68801539174936]]
Average fitness = 218.68801539174936
Fitness variance = 0.0
Generation 330 Report
Best individual: net.sf.jclec.realarray.RealArrayIndividual@1ae369b7[genotype={0.0,0.0,3.090650355198029,0.02245274504140253,0.0,5.12,1.1465243599283286,2.9309921920480884,1.0973001816914907,0.0,0.7762857888350694,0.0,5.12,2.81341257531139,0.8068625574400993,1.1663732604989556,1.879218706472064,1.116436465544313,0.5419624486579245,0.0,0.0,0.0,1.869709249109495,2.1674839772789287,0.0,3.963371482264351,2.0873800866676255,2.8834769552577346,2.2670967719980237,0.0},fitness=net.sf.jclec.fitness.SimpleValueFitness@34340fab[value=218.68801539174936]]
Worst individual: net.sf.jclec.realarray.RealArrayIndividual@1ae369b7[genotype={0.0,0.0,3.090650355198029,0.02245274504140253,0.0,5.12,1.1465243599283286,2.9309921920480884,1.0973001816914907,0.0,0.7762857888350694,0.0,5.12,2.81341257531139,0.8068625574400993,1.1663732604989556,1.879218706472064,1.116436465544313,0.5419624486579245,0.0,0.0,0.0,1.869709249109495,2.1674839772789287,0.0,3.963371482264351,2.0873800866676255,2.8834769552577346,2.2670967719980237,0.0},fitness=net.sf.jclec.fitness.SimpleValueFitness@34340fab[value=218.68801539174936]]
Median individual: net.sf.jclec.realarray.RealArrayIndividual@1ae369b7[genotype={0.0,0.0,3.090650355198029,0.02245274504140253,0.0,5.12,1.1465243599283286,2.9309921920480884,1.0973001816914907,0.0,0.7762857888350694,0.0,5.12,2.81341257531139,0.8068625574400993,1.1663732604989556,1.879218706472064,1.116436465544313,0.5419624486579245,0.0,0.0,0.0,1.869709249109495,2.1674839772789287,0.0,3.963371482264351,2.0873800866676255,2.8834769552577346,2.2670967719980237,0.0},fitness=net.sf.jclec.fitness.SimpleValueFitness@34340fab[value=218.68801539174936]]
Average fitness = 218.68801539174936
Fitness variance = 0.0
Generation 340 Report
Best individual: net.sf.jclec.realarray.RealArrayIndividual@2aafb23c[genotype={0.0,0.0,3.090650355198029,0.02245274504140253,0.0,5.12,1.1465243599283286,2.9309921920480884,1.0973001816914907,0.0,0.7762857888350694,0.0,5.12,2.81341257531139,0.8068625574400993,1.1663732604989556,1.879218706472064,1.116436465544313,0.5419624486579245,0.0,0.0,0.0,1.869709249109495,2.1674839772789287,0.0,3.963371482264351,2.0873800866676255,2.8834769552577346,2.2670967719980237,0.0},fitness=net.sf.jclec.fitness.SimpleValueFitness@3ab39c39[value=218.68801539174936]]
Worst individual: net.sf.jclec.realarray.RealArrayIndividual@2aafb23c[genotype={0.0,0.0,3.090650355198029,0.02245274504140253,0.0,5.12,1.1465243599283286,2.9309921920480884,1.0973001816914907,0.0,0.7762857888350694,0.0,5.12,2.81341257531139,0.8068625574400993,1.1663732604989556,1.879218706472064,1.116436465544313,0.5419624486579245,0.0,0.0,0.0,1.869709249109495,2.1674839772789287,0.0,3.963371482264351,2.0873800866676255,2.8834769552577346,2.2670967719980237,0.0},fitness=net.sf.jclec.fitness.SimpleValueFitness@3ab39c39[value=218.68801539174936]]
Median individual: net.sf.jclec.realarray.RealArrayIndividual@2aafb23c[genotype={0.0,0.0,3.090650355198029,0.02245274504140253,0.0,5.12,1.1465243599283286,2.9309921920480884,1.0973001816914907,0.0,0.7762857888350694,0.0,5.12,2.81341257531139,0.8068625574400993,1.1663732604989556,1.879218706472064,1.116436465544313,0.5419624486579245,0.0,0.0,0.0,1.869709249109495,2.1674839772789287,0.0,3.963371482264351,2.0873800866676255,2.8834769552577346,2.2670967719980237,0.0},fitness=net.sf.jclec.fitness.SimpleValueFitness@3ab39c39[value=218.68801539174936]]
Average fitness = 218.68801539174936
Fitness variance = 0.0
Generation 350 Report
Best individual: net.sf.jclec.realarray.RealArrayIndividual@2eee9593[genotype={0.0,0.0,3.090650355198029,0.02245274504140253,0.0,5.12,1.1465243599283286,2.9309921920480884,1.0973001816914907,0.0,0.7762857888350694,0.0,5.12,2.81341257531139,0.8068625574400993,1.1663732604989556,1.879218706472064,1.116436465544313,0.5419624486579245,0.0,0.0,0.0,1.869709249109495,2.1674839772789287,0.0,3.963371482264351,2.0873800866676255,2.8834769552577346,2.2670967719980237,0.0},fitness=net.sf.jclec.fitness.SimpleValueFitness@546a03af[value=218.68801539174936]]
Worst individual: net.sf.jclec.realarray.RealArrayIndividual@2eee9593[genotype={0.0,0.0,3.090650355198029,0.02245274504140253,0.0,5.12,1.1465243599283286,2.9309921920480884,1.0973001816914907,0.0,0.7762857888350694,0.0,5.12,2.81341257531139,0.8068625574400993,1.1663732604989556,1.879218706472064,1.116436465544313,0.5419624486579245,0.0,0.0,0.0,1.869709249109495,2.1674839772789287,0.0,3.963371482264351,2.0873800866676255,2.8834769552577346,2.2670967719980237,0.0},fitness=net.sf.jclec.fitness.SimpleValueFitness@546a03af[value=218.68801539174936]]
Median individual: net.sf.jclec.realarray.RealArrayIndividual@2eee9593[genotype={0.0,0.0,3.090650355198029,0.02245274504140253,0.0,5.12,1.1465243599283286,2.9309921920480884,1.0973001816914907,0.0,0.7762857888350694,0.0,5.12,2.81341257531139,0.8068625574400993,1.1663732604989556,1.879218706472064,1.116436465544313,0.5419624486579245,0.0,0.0,0.0,1.869709249109495,2.1674839772789287,0.0,3.963371482264351,2.0873800866676255,2.8834769552577346,2.2670967719980237,0.0},fitness=net.sf.jclec.fitness.SimpleValueFitness@546a03af[value=218.68801539174936]]
Average fitness = 218.68801539174936
Fitness variance = 0.0
Generation 360 Report
Best individual: net.sf.jclec.realarray.RealArrayIndividual@721e0f4f[genotype={0.0,0.0,3.090650355198029,0.02245274504140253,0.0,5.12,1.1465243599283286,2.9309921920480884,1.0973001816914907,0.0,0.7762857888350694,0.0,5.12,2.81341257531139,0.8068625574400993,1.1663732604989556,1.879218706472064,1.116436465544313,0.5419624486579245,0.0,0.0,0.0,1.869709249109495,2.1674839772789287,0.0,3.963371482264351,2.0873800866676255,2.8834769552577346,2.2670967719980237,0.0},fitness=net.sf.jclec.fitness.SimpleValueFitness@6ea6d14e[value=218.68801539174936]]
Worst individual: net.sf.jclec.realarray.RealArrayIndividual@721e0f4f[genotype={0.0,0.0,3.090650355198029,0.02245274504140253,0.0,5.12,1.1465243599283286,2.9309921920480884,1.0973001816914907,0.0,0.7762857888350694,0.0,5.12,2.81341257531139,0.8068625574400993,1.1663732604989556,1.879218706472064,1.116436465544313,0.5419624486579245,0.0,0.0,0.0,1.869709249109495,2.1674839772789287,0.0,3.963371482264351,2.0873800866676255,2.8834769552577346,2.2670967719980237,0.0},fitness=net.sf.jclec.fitness.SimpleValueFitness@6ea6d14e[value=218.68801539174936]]
Median individual: net.sf.jclec.realarray.RealArrayIndividual@721e0f4f[genotype={0.0,0.0,3.090650355198029,0.02245274504140253,0.0,5.12,1.1465243599283286,2.9309921920480884,1.0973001816914907,0.0,0.7762857888350694,0.0,5.12,2.81341257531139,0.8068625574400993,1.1663732604989556,1.879218706472064,1.116436465544313,0.5419624486579245,0.0,0.0,0.0,1.869709249109495,2.1674839772789287,0.0,3.963371482264351,2.0873800866676255,2.8834769552577346,2.2670967719980237,0.0},fitness=net.sf.jclec.fitness.SimpleValueFitness@6ea6d14e[value=218.68801539174936]]
Average fitness = 218.68801539174936
Fitness variance = 0.0
Generation 370 Report
Best individual: net.sf.jclec.realarray.RealArrayIndividual@6ad5c04e[genotype={0.0,0.0,3.090650355198029,0.02245274504140253,0.0,5.12,1.1465243599283286,2.9309921920480884,1.0973001816914907,0.0,0.7762857888350694,0.0,5.12,2.81341257531139,0.8068625574400993,1.1663732604989556,1.879218706472064,1.116436465544313,0.5419624486579245,0.0,0.0,0.0,1.869709249109495,2.1674839772789287,0.0,3.963371482264351,2.0873800866676255,2.8834769552577346,2.2670967719980237,0.0},fitness=net.sf.jclec.fitness.SimpleValueFitness@725bef66[value=218.68801539174936]]
Worst individual: net.sf.jclec.realarray.RealArrayIndividual@6ad5c04e[genotype={0.0,0.0,3.090650355198029,0.02245274504140253,0.0,5.12,1.1465243599283286,2.9309921920480884,1.0973001816914907,0.0,0.7762857888350694,0.0,5.12,2.81341257531139,0.8068625574400993,1.1663732604989556,1.879218706472064,1.116436465544313,0.5419624486579245,0.0,0.0,0.0,1.869709249109495,2.1674839772789287,0.0,3.963371482264351,2.0873800866676255,2.8834769552577346,2.2670967719980237,0.0},fitness=net.sf.jclec.fitness.SimpleValueFitness@725bef66[value=218.68801539174936]]
Median individual: net.sf.jclec.realarray.RealArrayIndividual@6ad5c04e[genotype={0.0,0.0,3.090650355198029,0.02245274504140253,0.0,5.12,1.1465243599283286,2.9309921920480884,1.0973001816914907,0.0,0.7762857888350694,0.0,5.12,2.81341257531139,0.8068625574400993,1.1663732604989556,1.879218706472064,1.116436465544313,0.5419624486579245,0.0,0.0,0.0,1.869709249109495,2.1674839772789287,0.0,3.963371482264351,2.0873800866676255,2.8834769552577346,2.2670967719980237,0.0},fitness=net.sf.jclec.fitness.SimpleValueFitness@725bef66[value=218.68801539174936]]
Average fitness = 218.68801539174936
Fitness variance = 0.0
Generation 380 Report
Best individual: net.sf.jclec.realarray.RealArrayIndividual@2aaf7cc2[genotype={0.0,0.0,3.090650355198029,0.02245274504140253,0.0,5.12,1.1465243599283286,2.9309921920480884,1.0973001816914907,0.0,0.7762857888350694,0.0,5.12,2.81341257531139,0.8068625574400993,1.1663732604989556,1.879218706472064,1.116436465544313,0.5419624486579245,0.0,0.0,0.0,1.869709249109495,2.1674839772789287,0.0,3.963371482264351,2.0873800866676255,2.8834769552577346,2.2670967719980237,0.0},fitness=net.sf.jclec.fitness.SimpleValueFitness@1888ff2c[value=218.68801539174936]]
Worst individual: net.sf.jclec.realarray.RealArrayIndividual@2aaf7cc2[genotype={0.0,0.0,3.090650355198029,0.02245274504140253,0.0,5.12,1.1465243599283286,2.9309921920480884,1.0973001816914907,0.0,0.7762857888350694,0.0,5.12,2.81341257531139,0.8068625574400993,1.1663732604989556,1.879218706472064,1.116436465544313,0.5419624486579245,0.0,0.0,0.0,1.869709249109495,2.1674839772789287,0.0,3.963371482264351,2.0873800866676255,2.8834769552577346,2.2670967719980237,0.0},fitness=net.sf.jclec.fitness.SimpleValueFitness@1888ff2c[value=218.68801539174936]]
Median individual: net.sf.jclec.realarray.RealArrayIndividual@2aaf7cc2[genotype={0.0,0.0,3.090650355198029,0.02245274504140253,0.0,5.12,1.1465243599283286,2.9309921920480884,1.0973001816914907,0.0,0.7762857888350694,0.0,5.12,2.81341257531139,0.8068625574400993,1.1663732604989556,1.879218706472064,1.116436465544313,0.5419624486579245,0.0,0.0,0.0,1.869709249109495,2.1674839772789287,0.0,3.963371482264351,2.0873800866676255,2.8834769552577346,2.2670967719980237,0.0},fitness=net.sf.jclec.fitness.SimpleValueFitness@1888ff2c[value=218.68801539174936]]
Average fitness = 218.68801539174936
Fitness variance = 0.0
Generation 390 Report
Best individual: net.sf.jclec.realarray.RealArrayIndividual@35851384[genotype={0.0,0.0,3.090650355198029,0.02245274504140253,0.0,5.12,1.1465243599283286,2.9309921920480884,1.0973001816914907,0.0,0.7762857888350694,0.0,5.12,2.81341257531139,0.8068625574400993,1.1663732604989556,1.879218706472064,1.116436465544313,0.5419624486579245,0.0,0.0,0.0,1.869709249109495,2.1674839772789287,0.0,3.963371482264351,2.0873800866676255,2.8834769552577346,2.2670967719980237,0.0},fitness=net.sf.jclec.fitness.SimpleValueFitness@6adca536[value=218.68801539174936]]
Worst individual: net.sf.jclec.realarray.RealArrayIndividual@35851384[genotype={0.0,0.0,3.090650355198029,0.02245274504140253,0.0,5.12,1.1465243599283286,2.9309921920480884,1.0973001816914907,0.0,0.7762857888350694,0.0,5.12,2.81341257531139,0.8068625574400993,1.1663732604989556,1.879218706472064,1.116436465544313,0.5419624486579245,0.0,0.0,0.0,1.869709249109495,2.1674839772789287,0.0,3.963371482264351,2.0873800866676255,2.8834769552577346,2.2670967719980237,0.0},fitness=net.sf.jclec.fitness.SimpleValueFitness@6adca536[value=218.68801539174936]]
Median individual: net.sf.jclec.realarray.RealArrayIndividual@35851384[genotype={0.0,0.0,3.090650355198029,0.02245274504140253,0.0,5.12,1.1465243599283286,2.9309921920480884,1.0973001816914907,0.0,0.7762857888350694,0.0,5.12,2.81341257531139,0.8068625574400993,1.1663732604989556,1.879218706472064,1.116436465544313,0.5419624486579245,0.0,0.0,0.0,1.869709249109495,2.1674839772789287,0.0,3.963371482264351,2.0873800866676255,2.8834769552577346,2.2670967719980237,0.0},fitness=net.sf.jclec.fitness.SimpleValueFitness@6adca536[value=218.68801539174936]]
Average fitness = 218.68801539174936
Fitness variance = 0.0
Generation 400 Report
Best individual: net.sf.jclec.realarray.RealArrayIndividual@357246de[genotype={0.0,0.0,3.090650355198029,0.02245274504140253,0.0,5.12,1.1465243599283286,2.9309921920480884,1.0973001816914907,0.0,0.7762857888350694,0.0,5.12,2.81341257531139,0.8068625574400993,1.1663732604989556,1.879218706472064,1.116436465544313,0.5419624486579245,0.0,0.0,0.0,1.869709249109495,2.1674839772789287,0.0,3.963371482264351,2.0873800866676255,2.8834769552577346,2.2670967719980237,0.0},fitness=net.sf.jclec.fitness.SimpleValueFitness@256216b3[value=218.68801539174936]]
Worst individual: net.sf.jclec.realarray.RealArrayIndividual@357246de[genotype={0.0,0.0,3.090650355198029,0.02245274504140253,0.0,5.12,1.1465243599283286,2.9309921920480884,1.0973001816914907,0.0,0.7762857888350694,0.0,5.12,2.81341257531139,0.8068625574400993,1.1663732604989556,1.879218706472064,1.116436465544313,0.5419624486579245,0.0,0.0,0.0,1.869709249109495,2.1674839772789287,0.0,3.963371482264351,2.0873800866676255,2.8834769552577346,2.2670967719980237,0.0},fitness=net.sf.jclec.fitness.SimpleValueFitness@256216b3[value=218.68801539174936]]
Median individual: net.sf.jclec.realarray.RealArrayIndividual@357246de[genotype={0.0,0.0,3.090650355198029,0.02245274504140253,0.0,5.12,1.1465243599283286,2.9309921920480884,1.0973001816914907,0.0,0.7762857888350694,0.0,5.12,2.81341257531139,0.8068625574400993,1.1663732604989556,1.879218706472064,1.116436465544313,0.5419624486579245,0.0,0.0,0.0,1.869709249109495,2.1674839772789287,0.0,3.963371482264351,2.0873800866676255,2.8834769552577346,2.2670967719980237,0.0},fitness=net.sf.jclec.fitness.SimpleValueFitness@256216b3[value=218.68801539174936]]
Average fitness = 218.68801539174936
Fitness variance = 0.0
Generation 410 Report
Best individual: net.sf.jclec.realarray.RealArrayIndividual@2a18f23c[genotype={0.0,0.0,3.090650355198029,0.02245274504140253,0.0,5.12,1.1465243599283286,2.9309921920480884,1.0973001816914907,0.0,0.7762857888350694,0.0,5.12,2.81341257531139,0.8068625574400993,1.1663732604989556,1.879218706472064,1.116436465544313,0.5419624486579245,0.0,0.0,0.0,1.869709249109495,2.1674839772789287,0.0,3.963371482264351,2.0873800866676255,2.8834769552577346,2.2670967719980237,0.0},fitness=net.sf.jclec.fitness.SimpleValueFitness@16c0663d[value=218.68801539174936]]
Worst individual: net.sf.jclec.realarray.RealArrayIndividual@2a18f23c[genotype={0.0,0.0,3.090650355198029,0.02245274504140253,0.0,5.12,1.1465243599283286,2.9309921920480884,1.0973001816914907,0.0,0.7762857888350694,0.0,5.12,2.81341257531139,0.8068625574400993,1.1663732604989556,1.879218706472064,1.116436465544313,0.5419624486579245,0.0,0.0,0.0,1.869709249109495,2.1674839772789287,0.0,3.963371482264351,2.0873800866676255,2.8834769552577346,2.2670967719980237,0.0},fitness=net.sf.jclec.fitness.SimpleValueFitness@16c0663d[value=218.68801539174936]]
Median individual: net.sf.jclec.realarray.RealArrayIndividual@2a18f23c[genotype={0.0,0.0,3.090650355198029,0.02245274504140253,0.0,5.12,1.1465243599283286,2.9309921920480884,1.0973001816914907,0.0,0.7762857888350694,0.0,5.12,2.81341257531139,0.8068625574400993,1.1663732604989556,1.879218706472064,1.116436465544313,0.5419624486579245,0.0,0.0,0.0,1.869709249109495,2.1674839772789287,0.0,3.963371482264351,2.0873800866676255,2.8834769552577346,2.2670967719980237,0.0},fitness=net.sf.jclec.fitness.SimpleValueFitness@16c0663d[value=218.68801539174936]]
Average fitness = 218.68801539174936
Fitness variance = 0.0
Generation 420 Report
Best individual: net.sf.jclec.realarray.RealArrayIndividual@23223dd8[genotype={0.0,0.0,3.090650355198029,0.02245274504140253,0.0,5.12,1.1465243599283286,2.9309921920480884,1.0973001816914907,0.0,0.7762857888350694,0.0,5.12,2.81341257531139,0.8068625574400993,1.1663732604989556,1.879218706472064,1.116436465544313,0.5419624486579245,0.0,0.0,0.0,1.869709249109495,2.1674839772789287,0.0,3.963371482264351,2.0873800866676255,2.8834769552577346,2.2670967719980237,0.0},fitness=net.sf.jclec.fitness.SimpleValueFitness@1b40d5f0[value=218.68801539174936]]
Worst individual: net.sf.jclec.realarray.RealArrayIndividual@23223dd8[genotype={0.0,0.0,3.090650355198029,0.02245274504140253,0.0,5.12,1.1465243599283286,2.9309921920480884,1.0973001816914907,0.0,0.7762857888350694,0.0,5.12,2.81341257531139,0.8068625574400993,1.1663732604989556,1.879218706472064,1.116436465544313,0.5419624486579245,0.0,0.0,0.0,1.869709249109495,2.1674839772789287,0.0,3.963371482264351,2.0873800866676255,2.8834769552577346,2.2670967719980237,0.0},fitness=net.sf.jclec.fitness.SimpleValueFitness@1b40d5f0[value=218.68801539174936]]
Median individual: net.sf.jclec.realarray.RealArrayIndividual@23223dd8[genotype={0.0,0.0,3.090650355198029,0.02245274504140253,0.0,5.12,1.1465243599283286,2.9309921920480884,1.0973001816914907,0.0,0.7762857888350694,0.0,5.12,2.81341257531139,0.8068625574400993,1.1663732604989556,1.879218706472064,1.116436465544313,0.5419624486579245,0.0,0.0,0.0,1.869709249109495,2.1674839772789287,0.0,3.963371482264351,2.0873800866676255,2.8834769552577346,2.2670967719980237,0.0},fitness=net.sf.jclec.fitness.SimpleValueFitness@1b40d5f0[value=218.68801539174936]]
Average fitness = 218.68801539174936
Fitness variance = 0.0
Generation 430 Report
Best individual: net.sf.jclec.realarray.RealArrayIndividual@ea4a92b[genotype={0.0,0.0,3.090650355198029,0.02245274504140253,0.0,5.12,1.1465243599283286,2.9309921920480884,1.0973001816914907,0.0,0.7762857888350694,0.0,5.12,2.81341257531139,0.8068625574400993,1.1663732604989556,1.879218706472064,1.116436465544313,0.5419624486579245,0.0,0.0,0.0,1.869709249109495,2.1674839772789287,0.0,3.963371482264351,2.0873800866676255,2.8834769552577346,2.2670967719980237,0.0},fitness=net.sf.jclec.fitness.SimpleValueFitness@47f37ef1[value=218.68801539174936]]
Worst individual: net.sf.jclec.realarray.RealArrayIndividual@ea4a92b[genotype={0.0,0.0,3.090650355198029,0.02245274504140253,0.0,5.12,1.1465243599283286,2.9309921920480884,1.0973001816914907,0.0,0.7762857888350694,0.0,5.12,2.81341257531139,0.8068625574400993,1.1663732604989556,1.879218706472064,1.116436465544313,0.5419624486579245,0.0,0.0,0.0,1.869709249109495,2.1674839772789287,0.0,3.963371482264351,2.0873800866676255,2.8834769552577346,2.2670967719980237,0.0},fitness=net.sf.jclec.fitness.SimpleValueFitness@47f37ef1[value=218.68801539174936]]
Median individual: net.sf.jclec.realarray.RealArrayIndividual@ea4a92b[genotype={0.0,0.0,3.090650355198029,0.02245274504140253,0.0,5.12,1.1465243599283286,2.9309921920480884,1.0973001816914907,0.0,0.7762857888350694,0.0,5.12,2.81341257531139,0.8068625574400993,1.1663732604989556,1.879218706472064,1.116436465544313,0.5419624486579245,0.0,0.0,0.0,1.869709249109495,2.1674839772789287,0.0,3.963371482264351,2.0873800866676255,2.8834769552577346,2.2670967719980237,0.0},fitness=net.sf.jclec.fitness.SimpleValueFitness@47f37ef1[value=218.68801539174936]]
Average fitness = 218.68801539174936
Fitness variance = 0.0
Generation 440 Report
Best individual: net.sf.jclec.realarray.RealArrayIndividual@5a01ccaa[genotype={0.0,0.0,3.090650355198029,0.02245274504140253,0.0,5.12,1.1465243599283286,2.9309921920480884,1.0973001816914907,0.0,0.7762857888350694,0.0,5.12,2.81341257531139,0.8068625574400993,1.1663732604989556,1.879218706472064,1.116436465544313,0.5419624486579245,0.0,0.0,0.0,1.869709249109495,2.1674839772789287,0.0,3.963371482264351,2.0873800866676255,2.8834769552577346,2.2670967719980237,0.0},fitness=net.sf.jclec.fitness.SimpleValueFitness@19bb089b[value=218.68801539174936]]
Worst individual: net.sf.jclec.realarray.RealArrayIndividual@5a01ccaa[genotype={0.0,0.0,3.090650355198029,0.02245274504140253,0.0,5.12,1.1465243599283286,2.9309921920480884,1.0973001816914907,0.0,0.7762857888350694,0.0,5.12,2.81341257531139,0.8068625574400993,1.1663732604989556,1.879218706472064,1.116436465544313,0.5419624486579245,0.0,0.0,0.0,1.869709249109495,2.1674839772789287,0.0,3.963371482264351,2.0873800866676255,2.8834769552577346,2.2670967719980237,0.0},fitness=net.sf.jclec.fitness.SimpleValueFitness@19bb089b[value=218.68801539174936]]
Median individual: net.sf.jclec.realarray.RealArrayIndividual@5a01ccaa[genotype={0.0,0.0,3.090650355198029,0.02245274504140253,0.0,5.12,1.1465243599283286,2.9309921920480884,1.0973001816914907,0.0,0.7762857888350694,0.0,5.12,2.81341257531139,0.8068625574400993,1.1663732604989556,1.879218706472064,1.116436465544313,0.5419624486579245,0.0,0.0,0.0,1.869709249109495,2.1674839772789287,0.0,3.963371482264351,2.0873800866676255,2.8834769552577346,2.2670967719980237,0.0},fitness=net.sf.jclec.fitness.SimpleValueFitness@19bb089b[value=218.68801539174936]]
Average fitness = 218.68801539174936
Fitness variance = 0.0
Generation 450 Report
Best individual: net.sf.jclec.realarray.RealArrayIndividual@4563e9ab[genotype={0.0,0.0,3.090650355198029,0.02245274504140253,0.0,5.12,1.1465243599283286,2.9309921920480884,1.0973001816914907,0.0,0.7762857888350694,0.0,5.12,2.81341257531139,0.8068625574400993,1.1663732604989556,1.879218706472064,1.116436465544313,0.5419624486579245,0.0,0.0,0.0,1.869709249109495,2.1674839772789287,0.0,3.963371482264351,2.0873800866676255,2.8834769552577346,2.2670967719980237,0.0},fitness=net.sf.jclec.fitness.SimpleValueFitness@5e025e70[value=218.68801539174936]]
Worst individual: net.sf.jclec.realarray.RealArrayIndividual@4563e9ab[genotype={0.0,0.0,3.090650355198029,0.02245274504140253,0.0,5.12,1.1465243599283286,2.9309921920480884,1.0973001816914907,0.0,0.7762857888350694,0.0,5.12,2.81341257531139,0.8068625574400993,1.1663732604989556,1.879218706472064,1.116436465544313,0.5419624486579245,0.0,0.0,0.0,1.869709249109495,2.1674839772789287,0.0,3.963371482264351,2.0873800866676255,2.8834769552577346,2.2670967719980237,0.0},fitness=net.sf.jclec.fitness.SimpleValueFitness@5e025e70[value=218.68801539174936]]
Median individual: net.sf.jclec.realarray.RealArrayIndividual@4563e9ab[genotype={0.0,0.0,3.090650355198029,0.02245274504140253,0.0,5.12,1.1465243599283286,2.9309921920480884,1.0973001816914907,0.0,0.7762857888350694,0.0,5.12,2.81341257531139,0.8068625574400993,1.1663732604989556,1.879218706472064,1.116436465544313,0.5419624486579245,0.0,0.0,0.0,1.869709249109495,2.1674839772789287,0.0,3.963371482264351,2.0873800866676255,2.8834769552577346,2.2670967719980237,0.0},fitness=net.sf.jclec.fitness.SimpleValueFitness@5e025e70[value=218.68801539174936]]
Average fitness = 218.68801539174936
Fitness variance = 0.0
Generation 460 Report
Best individual: net.sf.jclec.realarray.RealArrayIndividual@1fbc7afb[genotype={0.0,0.0,3.090650355198029,0.02245274504140253,0.0,5.12,1.1465243599283286,2.9309921920480884,1.0973001816914907,0.0,0.7762857888350694,0.0,5.12,2.81341257531139,0.8068625574400993,1.1663732604989556,1.879218706472064,1.116436465544313,0.5419624486579245,0.0,0.0,0.0,1.869709249109495,2.1674839772789287,0.0,3.963371482264351,2.0873800866676255,2.8834769552577346,2.2670967719980237,0.0},fitness=net.sf.jclec.fitness.SimpleValueFitness@4cdbe50f[value=218.68801539174936]]
Worst individual: net.sf.jclec.realarray.RealArrayIndividual@1fbc7afb[genotype={0.0,0.0,3.090650355198029,0.02245274504140253,0.0,5.12,1.1465243599283286,2.9309921920480884,1.0973001816914907,0.0,0.7762857888350694,0.0,5.12,2.81341257531139,0.8068625574400993,1.1663732604989556,1.879218706472064,1.116436465544313,0.5419624486579245,0.0,0.0,0.0,1.869709249109495,2.1674839772789287,0.0,3.963371482264351,2.0873800866676255,2.8834769552577346,2.2670967719980237,0.0},fitness=net.sf.jclec.fitness.SimpleValueFitness@4cdbe50f[value=218.68801539174936]]
Median individual: net.sf.jclec.realarray.RealArrayIndividual@1fbc7afb[genotype={0.0,0.0,3.090650355198029,0.02245274504140253,0.0,5.12,1.1465243599283286,2.9309921920480884,1.0973001816914907,0.0,0.7762857888350694,0.0,5.12,2.81341257531139,0.8068625574400993,1.1663732604989556,1.879218706472064,1.116436465544313,0.5419624486579245,0.0,0.0,0.0,1.869709249109495,2.1674839772789287,0.0,3.963371482264351,2.0873800866676255,2.8834769552577346,2.2670967719980237,0.0},fitness=net.sf.jclec.fitness.SimpleValueFitness@4cdbe50f[value=218.68801539174936]]
Average fitness = 218.68801539174936
Fitness variance = 0.0
Generation 470 Report
Best individual: net.sf.jclec.realarray.RealArrayIndividual@66d33a[genotype={0.0,0.0,3.090650355198029,0.02245274504140253,0.0,5.12,1.1465243599283286,2.9309921920480884,1.0973001816914907,0.0,0.7762857888350694,0.0,5.12,2.81341257531139,0.8068625574400993,1.1663732604989556,1.879218706472064,1.116436465544313,0.5419624486579245,0.0,0.0,0.0,1.869709249109495,2.1674839772789287,0.0,3.963371482264351,2.0873800866676255,2.8834769552577346,2.2670967719980237,0.0},fitness=net.sf.jclec.fitness.SimpleValueFitness@7e0babb1[value=218.68801539174936]]
Worst individual: net.sf.jclec.realarray.RealArrayIndividual@66d33a[genotype={0.0,0.0,3.090650355198029,0.02245274504140253,0.0,5.12,1.1465243599283286,2.9309921920480884,1.0973001816914907,0.0,0.7762857888350694,0.0,5.12,2.81341257531139,0.8068625574400993,1.1663732604989556,1.879218706472064,1.116436465544313,0.5419624486579245,0.0,0.0,0.0,1.869709249109495,2.1674839772789287,0.0,3.963371482264351,2.0873800866676255,2.8834769552577346,2.2670967719980237,0.0},fitness=net.sf.jclec.fitness.SimpleValueFitness@7e0babb1[value=218.68801539174936]]
Median individual: net.sf.jclec.realarray.RealArrayIndividual@66d33a[genotype={0.0,0.0,3.090650355198029,0.02245274504140253,0.0,5.12,1.1465243599283286,2.9309921920480884,1.0973001816914907,0.0,0.7762857888350694,0.0,5.12,2.81341257531139,0.8068625574400993,1.1663732604989556,1.879218706472064,1.116436465544313,0.5419624486579245,0.0,0.0,0.0,1.869709249109495,2.1674839772789287,0.0,3.963371482264351,2.0873800866676255,2.8834769552577346,2.2670967719980237,0.0},fitness=net.sf.jclec.fitness.SimpleValueFitness@7e0babb1[value=218.68801539174936]]
Average fitness = 218.68801539174936
Fitness variance = 0.0
Generation 480 Report
Best individual: net.sf.jclec.realarray.RealArrayIndividual@6debcae2[genotype={0.0,0.0,3.090650355198029,0.02245274504140253,0.0,5.12,1.1465243599283286,2.9309921920480884,1.0973001816914907,0.0,0.7762857888350694,0.0,5.12,2.81341257531139,0.8068625574400993,1.1663732604989556,1.879218706472064,1.116436465544313,0.5419624486579245,0.0,0.0,0.0,1.869709249109495,2.1674839772789287,0.0,3.963371482264351,2.0873800866676255,2.8834769552577346,2.2670967719980237,0.0},fitness=net.sf.jclec.fitness.SimpleValueFitness@2ff4f00f[value=218.68801539174936]]
Worst individual: net.sf.jclec.realarray.RealArrayIndividual@6debcae2[genotype={0.0,0.0,3.090650355198029,0.02245274504140253,0.0,5.12,1.1465243599283286,2.9309921920480884,1.0973001816914907,0.0,0.7762857888350694,0.0,5.12,2.81341257531139,0.8068625574400993,1.1663732604989556,1.879218706472064,1.116436465544313,0.5419624486579245,0.0,0.0,0.0,1.869709249109495,2.1674839772789287,0.0,3.963371482264351,2.0873800866676255,2.8834769552577346,2.2670967719980237,0.0},fitness=net.sf.jclec.fitness.SimpleValueFitness@2ff4f00f[value=218.68801539174936]]
Median individual: net.sf.jclec.realarray.RealArrayIndividual@6debcae2[genotype={0.0,0.0,3.090650355198029,0.02245274504140253,0.0,5.12,1.1465243599283286,2.9309921920480884,1.0973001816914907,0.0,0.7762857888350694,0.0,5.12,2.81341257531139,0.8068625574400993,1.1663732604989556,1.879218706472064,1.116436465544313,0.5419624486579245,0.0,0.0,0.0,1.869709249109495,2.1674839772789287,0.0,3.963371482264351,2.0873800866676255,2.8834769552577346,2.2670967719980237,0.0},fitness=net.sf.jclec.fitness.SimpleValueFitness@2ff4f00f[value=218.68801539174936]]
Average fitness = 218.68801539174936
Fitness variance = 0.0
Generation 490 Report
Best individual: net.sf.jclec.realarray.RealArrayIndividual@c818063[genotype={0.0,0.0,3.090650355198029,0.02245274504140253,0.0,5.12,1.1465243599283286,2.9309921920480884,1.0973001816914907,0.0,0.7762857888350694,0.0,5.12,2.81341257531139,0.8068625574400993,1.1663732604989556,1.879218706472064,1.116436465544313,0.5419624486579245,0.0,0.0,0.0,1.869709249109495,2.1674839772789287,0.0,3.963371482264351,2.0873800866676255,2.8834769552577346,2.2670967719980237,0.0},fitness=net.sf.jclec.fitness.SimpleValueFitness@75bd9247[value=218.68801539174936]]
Worst individual: net.sf.jclec.realarray.RealArrayIndividual@c818063[genotype={0.0,0.0,3.090650355198029,0.02245274504140253,0.0,5.12,1.1465243599283286,2.9309921920480884,1.0973001816914907,0.0,0.7762857888350694,0.0,5.12,2.81341257531139,0.8068625574400993,1.1663732604989556,1.879218706472064,1.116436465544313,0.5419624486579245,0.0,0.0,0.0,1.869709249109495,2.1674839772789287,0.0,3.963371482264351,2.0873800866676255,2.8834769552577346,2.2670967719980237,0.0},fitness=net.sf.jclec.fitness.SimpleValueFitness@75bd9247[value=218.68801539174936]]
Median individual: net.sf.jclec.realarray.RealArrayIndividual@c818063[genotype={0.0,0.0,3.090650355198029,0.02245274504140253,0.0,5.12,1.1465243599283286,2.9309921920480884,1.0973001816914907,0.0,0.7762857888350694,0.0,5.12,2.81341257531139,0.8068625574400993,1.1663732604989556,1.879218706472064,1.116436465544313,0.5419624486579245,0.0,0.0,0.0,1.869709249109495,2.1674839772789287,0.0,3.963371482264351,2.0873800866676255,2.8834769552577346,2.2670967719980237,0.0},fitness=net.sf.jclec.fitness.SimpleValueFitness@75bd9247[value=218.68801539174936]]
Average fitness = 218.68801539174936
Fitness variance = 0.0
Generation 500 Report
Best individual: net.sf.jclec.realarray.RealArrayIndividual@7d417077[genotype={0.0,0.0,3.090650355198029,0.02245274504140253,0.0,5.12,1.1465243599283286,2.9309921920480884,1.0973001816914907,0.0,0.7762857888350694,0.0,5.12,2.81341257531139,0.8068625574400993,1.1663732604989556,1.879218706472064,1.116436465544313,0.5419624486579245,0.0,0.0,0.0,1.869709249109495,2.1674839772789287,0.0,3.963371482264351,2.0873800866676255,2.8834769552577346,2.2670967719980237,0.0},fitness=net.sf.jclec.fitness.SimpleValueFitness@35bbe5e8[value=218.68801539174936]]
Worst individual: net.sf.jclec.realarray.RealArrayIndividual@7d417077[genotype={0.0,0.0,3.090650355198029,0.02245274504140253,0.0,5.12,1.1465243599283286,2.9309921920480884,1.0973001816914907,0.0,0.7762857888350694,0.0,5.12,2.81341257531139,0.8068625574400993,1.1663732604989556,1.879218706472064,1.116436465544313,0.5419624486579245,0.0,0.0,0.0,1.869709249109495,2.1674839772789287,0.0,3.963371482264351,2.0873800866676255,2.8834769552577346,2.2670967719980237,0.0},fitness=net.sf.jclec.fitness.SimpleValueFitness@35bbe5e8[value=218.68801539174936]]
Median individual: net.sf.jclec.realarray.RealArrayIndividual@7d417077[genotype={0.0,0.0,3.090650355198029,0.02245274504140253,0.0,5.12,1.1465243599283286,2.9309921920480884,1.0973001816914907,0.0,0.7762857888350694,0.0,5.12,2.81341257531139,0.8068625574400993,1.1663732604989556,1.879218706472064,1.116436465544313,0.5419624486579245,0.0,0.0,0.0,1.869709249109495,2.1674839772789287,0.0,3.963371482264351,2.0873800866676255,2.8834769552577346,2.2670967719980237,0.0},fitness=net.sf.jclec.fitness.SimpleValueFitness@35bbe5e8[value=218.68801539174936]]
Average fitness = 218.68801539174936
Fitness variance = 0.0
