Wed Nov 21 15.28.42 CET 2018
Generation 0 Report
Best individual: net.sf.jclec.realarray.RealArrayIndividual@555590[genotype={1.3638570751949513,0.7801755283334272,0.4468132665349151,1.331531394057979,3.1851406703307044,0.07007136059061965,1.423440232927831,0.7838166569727105,2.6898835819988522,0.5784069814978791,1.5741742586999672,3.592633693388953,1.876855381623586,2.792168669511204,3.829750835376667,3.158840213089953,2.2883860520392,1.073677719293757,0.677372383460611,3.4592454541842663,0.8586628909501595,0.07752405139510221,5.032033065622012,0.2794051437239829,0.8872554877835684,0.4698378595620803,2.005640029737524,2.9033230023176375,0.9429630798819446,0.30923937209910785},fitness=net.sf.jclec.fitness.SimpleValueFitness@424c0bc4[value=420.8218328204681]]
Worst individual: net.sf.jclec.realarray.RealArrayIndividual@567d299b[genotype={0.3715753656576001,2.102494115915475,1.3972817301129459,1.7093945134689614,4.015034270049481,1.4675455588751627,4.6193638439401665,2.4177654520042187,0.6992466568801592,3.8814038881608877,1.4680442685674058,4.211552489154796,3.671746349277581,4.6116624539406725,2.631666505541,4.508280114029486,4.7377500871724445,4.4828489500253195,4.531917016052375,2.463823340336923,2.756029013412946,3.0754246262521336,3.586675529488304,3.4301643591266355,2.997710624385698,3.4209739878396097,3.562321106732052,2.2120716674060428,2.815457997767448,1.7847799573037892},fitness=net.sf.jclec.fitness.SimpleValueFitness@59690aa4[value=708.238212511898]]
Median individual: net.sf.jclec.realarray.RealArrayIndividual@26f0a63f[genotype={3.187587307551017,4.352228764904564,0.042913197256543745,4.447424933537784,0.5211761783556357,0.15725695323416833,0.2512477537925422,0.49250323207469365,2.2431671992403817,1.3840229721603121,1.5337720907553343,2.020479173895038,5.04720622944958,0.5480742246286362,1.749108879556926,3.1513192821179,0.010511277008454145,4.661373320316365,0.6534681545986182,2.9224796853310826,2.5096026198630534,3.195614224750545,2.023820686666169,1.1130145280937513,4.47950664808867,1.8197785420513655,1.7414716646881183,2.6637879358598746,1.165486756143677,4.898229947083966},fitness=net.sf.jclec.fitness.SimpleValueFitness@53bd815b[value=510.22024743660256]]
Average fitness = 555.3322151665888
Fitness variance = 3566.065202611382
Generation 10 Report
Best individual: net.sf.jclec.realarray.RealArrayIndividual@64616ca2[genotype={0.024311580771685826,0.029042075471911427,2.741554790358366,6.1855317848064E-4,2.898399696671971,1.7925943505602997,1.9643353187003587,1.9146272322853748,1.065038440646416,4.687977687343995,1.681367006830398,1.1701242551256694,0.7179854374125789,0.8558857078185856,2.8358310971729956,0.12102495284933582,2.1976218846406725,0.8344899619580095,4.023552968497155,1.1601308113642093,0.07919375635470542,1.92837313662885,0.982236657688852,0.09011860377848475,0.9684526898181858,0.8037687854500363,0.8932858329110078,1.9565244015868262,0.9272791757603046,2.712383925934885},fitness=net.sf.jclec.fitness.SimpleValueFitness@4e04a765[value=227.76105379343886]]
Worst individual: net.sf.jclec.realarray.RealArrayIndividual@35f983a6[genotype={0.37510022232105783,4.119893808601699,0.8542392129082906,2.0620944108348316,0.8378989686465382,0.14626658123050856,0.43441003314554727,0.23477339669220407,2.198189032387912,2.149252273012689,0.18061628595551593,4.928519152030177,4.044544268221676,0.13098734974257922,1.970105558687652,3.8692188721503618,0.36968166882101144,0.8344899619580095,4.023552968497155,1.151946967051639,1.4022114754446091,3.8257752889082925,4.024329861185669,4.332085224449975,0.5855554334978351,0.541770771011392,0.8713973521279438,1.9565244015868262,3.6542463106536194,2.712383925934885},fitness=net.sf.jclec.fitness.SimpleValueFitness@edf4efb[value=408.3060877062546]]
Median individual: net.sf.jclec.realarray.RealArrayIndividual@2c8d66b2[genotype={0.37510022232105783,0.029042075471911427,2.741554790358366,0.8869662955759791,2.898399696671971,2.089934336882802,1.9643353187003587,0.7838166569727105,2.198189032387912,4.293455102642814,0.18061628595551593,3.8788039191798043,0.8116424710245995,0.8558857078185856,3.8272796052792506,0.12102495284933582,2.2883860520392,0.8344899619580095,0.033199847649446404,3.8223191158709744,0.8586628909501595,2.0474514708681513,0.982236657688852,0.09011860377848475,3.1344465895498566,1.042360825339432,0.8713973521279438,1.9565244015868262,0.9272791757603046,1.724544197834219},fitness=net.sf.jclec.fitness.SimpleValueFitness@3cb5cdba[value=262.59362090029856]]
Average fitness = 321.36629334795924
Fitness variance = 1338.1544660740183
Generation 20 Report
Best individual: net.sf.jclec.realarray.RealArrayIndividual@4b4523f8[genotype={1.8351900124077978,0.029042075471911427,2.0933974145223595,6.1855317848064E-4,1.0389070269512264,0.07007136059061965,1.9643353187003587,2.08962687942737,2.9851497629326467,2.149252273012689,0.0023354188985429776,0.043932718043914756,0.8116424710245995,0.13098734974257922,0.742566407893054,0.12102495284933582,2.0416255815987934,0.8344899619580095,0.033199847649446404,1.1601308113642093,0.8586628909501595,1.92837313662885,0.982236657688852,0.09011860377848475,1.1105645100978956,1.042360825339432,0.8713973521279438,1.9565244015868262,0.9272791757603046,0.30923937209910785},fitness=net.sf.jclec.fitness.SimpleValueFitness@369f73a2[value=125.51910840996321]]
Worst individual: net.sf.jclec.realarray.RealArrayIndividual@59fa1d9b[genotype={1.0366926642695635,0.029042075471911427,2.0933974145223595,2.0620944108348316,2.898399696671971,0.07007136059061965,1.6903019817443437,1.9146272322853748,2.074721128269597,0.5784069814978791,0.0064203454813921285,1.1701242551256694,0.8116424710245995,0.13098734974257922,2.129669979445346,0.12102495284933582,0.36968166882101144,0.14214754968894772,0.8338793195081989,3.8223191158709744,1.4022114754446091,2.0474514708681513,0.982236657688852,0.09011860377848475,1.1105645100978956,0.4698378595620803,0.8713973521279438,1.9565244015868262,0.9272791757603046,0.5782979669837993},fitness=net.sf.jclec.fitness.SimpleValueFitness@4501b7af[value=223.77302141771082]]
Median individual: net.sf.jclec.realarray.RealArrayIndividual@6a41eaa2[genotype={0.10690755634487092,0.010918810665191936,1.0907629167313317,0.7850295280804456,2.898399696671971,0.7128941773521767,1.9643353187003587,2.08962687942737,2.9851497629326467,2.262505114121689,0.0023354188985429776,0.876762991007102,0.8116424710245995,0.13098734974257922,1.970105558687652,0.12102495284933582,2.1976218846406725,0.8344899619580095,0.135027207240234,1.151946967051639,0.07919375635470542,1.92837313662885,0.9210974539044962,0.09011860377848475,0.5855554334978351,1.042360825339432,0.8932858329110078,1.9565244015868262,0.9272791757603046,2.712383925934885},fitness=net.sf.jclec.fitness.SimpleValueFitness@6d4b1c02[value=176.88292179654383]]
Average fitness = 175.98466611771696
Fitness variance = 500.8464280012922
Generation 30 Report
Best individual: net.sf.jclec.realarray.RealArrayIndividual@48503868[genotype={0.024311580771685826,0.029042075471911427,1.0907629167313317,6.1855317848064E-4,1.0389070269512264,0.07007136059061965,1.9643353187003587,1.9146272322853748,1.065038440646416,2.149252273012689,0.0064203454813921285,0.043932718043914756,0.8116424710245995,1.0353448458738437,0.9903355987589043,0.12102495284933582,2.0416255815987934,0.14214754968894772,0.033199847649446404,1.9606526749864217,0.07919375635470542,2.0474514708681513,0.982236657688852,0.05086809478371297,1.1105645100978956,2.0595110334031204,0.8932858329110078,1.9565244015868262,0.9272791757603046,0.07649255977873712},fitness=net.sf.jclec.fitness.SimpleValueFitness@184f6be2[value=76.27057626150514]]
Worst individual: net.sf.jclec.realarray.RealArrayIndividual@610694f1[genotype={1.0366926642695635,0.029042075471911427,1.0907629167313317,0.7850295280804456,1.0389070269512264,0.14626658123050856,1.9643353187003587,2.08962687942737,1.0735902331318121,2.149252273012689,0.17901723364729005,0.043932718043914756,0.7179854374125789,0.13098734974257922,0.9764941773697621,0.12102495284933582,2.1976218846406725,0.8344899619580095,0.8338793195081989,1.1601308113642093,0.07919375635470542,2.633512802415444,0.982236657688852,0.05086809478371297,1.1541225843961096,2.0595110334031204,0.8932858329110078,1.9565244015868262,0.9272791757603046,0.07649255977873712},fitness=net.sf.jclec.fitness.SimpleValueFitness@5c5a1b69[value=140.6791349062695]]
Median individual: net.sf.jclec.realarray.RealArrayIndividual@80503[genotype={1.0366926642695635,0.029042075471911427,1.0907629167313317,6.1855317848064E-4,1.0389070269512264,1.1504586008840572,1.9643353187003587,2.08962687942737,1.065038440646416,2.149252273012689,0.0023354188985429776,1.1701242551256694,0.8116424710245995,0.10476771496080961,0.9764941773697621,0.12102495284933582,2.0416255815987934,0.14214754968894772,0.033199847649446404,1.1601308113642093,0.07919375635470542,1.92837313662885,0.9210974539044962,0.05086809478371297,0.21099466898948507,1.042360825339432,1.272834985846666,1.9565244015868262,0.9272791757603046,0.07649255977873712},fitness=net.sf.jclec.fitness.SimpleValueFitness@69a3d1d[value=103.47412793307537]]
Average fitness = 102.42775469070706
Fitness variance = 119.85646935649493
Generation 40 Report
Best individual: net.sf.jclec.realarray.RealArrayIndividual@2f8f5f62[genotype={0.024311580771685826,0.010918810665191936,1.0907629167313317,6.1855317848064E-4,0.9891836071627182,0.07007136059061965,1.9643353187003587,1.9146272322853748,0.9435446428382294,0.1214482636777246,0.0064203454813921285,0.043932718043914756,0.8116424710245995,0.9973812869125724,0.9903355987589043,0.12102495284933582,2.0416255815987934,0.14214754968894772,0.033199847649446404,1.9606526749864217,0.07919375635470542,2.0474514708681513,0.982236657688852,0.05086809478371297,1.1105645100978956,1.042360825339432,0.8932858329110078,1.9565244015868262,0.9272791757603046,0.07649255977873712},fitness=net.sf.jclec.fitness.SimpleValueFitness@7dc222ae[value=65.57624038022627]]
Worst individual: net.sf.jclec.realarray.RealArrayIndividual@1786f9d5[genotype={0.024311580771685826,0.43626750436354167,1.0907629167313317,6.1855317848064E-4,1.0389070269512264,0.4793846911427419,1.9643353187003587,1.9146272322853748,1.065038440646416,0.1214482636777246,0.0058481318006353145,0.043932718043914756,0.8116424710245995,0.13098734974257922,0.9903355987589043,0.12102495284933582,2.0416255815987934,0.14214754968894772,0.033199847649446404,1.1601308113642093,0.07919375635470542,2.0474514708681513,0.982236657688852,0.05086809478371297,1.1105645100978956,1.042360825339432,0.8932858329110078,1.9565244015868262,0.9272791757603046,0.07649255977873712},fitness=net.sf.jclec.fitness.SimpleValueFitness@43a0cee9[value=109.02515056408865]]
Median individual: net.sf.jclec.realarray.RealArrayIndividual@130f889[genotype={0.022749125082274935,0.010918810665191936,1.0907629167313317,6.1855317848064E-4,0.9592900035151518,0.07007136059061965,1.9643353187003587,1.9146272322853748,1.065038440646416,0.1214482636777246,0.0064203454813921285,0.03276702450269847,0.8116424710245995,0.13098734974257922,0.9764941773697621,0.12102495284933582,2.0416255815987934,0.14214754968894772,0.033199847649446404,1.9606526749864217,0.07919375635470542,2.0474514708681513,0.982236657688852,0.05086809478371297,1.027226517224406,1.042360825339432,0.8932858329110078,1.9565244015868262,0.9272791757603046,0.07649255977873712},fitness=net.sf.jclec.fitness.SimpleValueFitness@2f490758[value=66.01678906159616]]
Average fitness = 72.01325532105065
Fitness variance = 38.293947414542345
Generation 50 Report
Best individual: net.sf.jclec.realarray.RealArrayIndividual@67e2d983[genotype={0.024311580771685826,0.029042075471911427,1.0907629167313317,6.1855317848064E-4,0.986136559864396,0.07007136059061965,1.9643353187003587,1.9146272322853748,1.065038440646416,0.1214482636777246,0.0064203454813921285,0.043932718043914756,0.971929749253819,1.0353448458738437,0.9903355987589043,0.12102495284933582,2.0416255815987934,0.1333830164218607,0.033199847649446404,1.9606526749864217,0.07919375635470542,2.0474514708681513,0.982236657688852,0.05086809478371297,1.027226517224406,1.042360825339432,0.8932858329110078,1.9565244015868262,0.9272791757603046,0.07649255977873712},fitness=net.sf.jclec.fitness.SimpleValueFitness@5ea434c8[value=57.941149365895576]]
Worst individual: net.sf.jclec.realarray.RealArrayIndividual@145eaa29[genotype={0.024311580771685826,0.029042075471911427,1.0907629167313317,6.1855317848064E-4,1.0389070269512264,0.07007136059061965,1.9643353187003587,2.08962687942737,1.065038440646416,0.1214482636777246,0.0064203454813921285,0.03276702450269847,0.8116424710245995,1.0353448458738437,0.9764941773697621,0.12102495284933582,2.0416255815987934,0.14214754968894772,0.03166817734740409,1.9606526749864217,0.26255166342417896,2.0474514708681513,0.982236657688852,0.05086809478371297,1.027226517224406,1.042360825339432,0.8932858329110078,1.9565244015868262,0.9272791757603046,0.07649255977873712},fitness=net.sf.jclec.fitness.SimpleValueFitness@8b96fde[value=74.86475228480363]]
Median individual: net.sf.jclec.realarray.RealArrayIndividual@6ab7a896[genotype={0.024311580771685826,0.010918810665191936,1.0907629167313317,6.1855317848064E-4,0.9592900035151518,0.07007136059061965,1.9643353187003587,1.9146272322853748,1.065038440646416,0.11990291546484236,0.0064203454813921285,0.043932718043914756,0.8116424710245995,1.0353448458738437,0.9903355987589043,0.12102495284933582,2.0416255815987934,0.14214754968894772,0.033199847649446404,1.9606526749864217,0.07919375635470542,2.0474514708681513,0.982236657688852,0.05086809478371297,1.027226517224406,1.042360825339432,0.8932858329110078,1.9565244015868262,0.9272791757603046,0.07649255977873712},fitness=net.sf.jclec.fitness.SimpleValueFitness@45dd4eda[value=64.16969121749347]]
Average fitness = 63.332748284137395
Fitness variance = 3.7766232614385444
Generation 60 Report
Best individual: net.sf.jclec.realarray.RealArrayIndividual@60d8c9b7[genotype={0.024311580771685826,0.010918810665191936,1.0907629167313317,6.1855317848064E-4,0.9891836071627182,0.06983931436894901,1.9876404076073395,1.9895489388725254,1.0323316513137213,0.1214482636777246,0.0064203454813921285,0.043932718043914756,0.9698773172885313,0.9973812869125724,0.9764941773697621,0.11370410934501544,2.0416255815987934,0.1333830164218607,0.033199847649446404,1.0351182872736642,0.07902811778143223,2.0474514708681513,0.982236657688852,0.05086809478371297,1.027226517224406,1.0380048713090968,0.9643057644449671,1.9565244015868262,0.9272791757603046,0.07649255977873712},fitness=net.sf.jclec.fitness.SimpleValueFitness@7c0c77c7[value=50.62928405762796]]
Worst individual: net.sf.jclec.realarray.RealArrayIndividual@2ea227af[genotype={0.024311580771685826,0.010918810665191936,1.0907629167313317,6.1855317848064E-4,1.0500859074863995,0.07007136059061965,1.9643353187003587,1.9146272322853748,0.9435446428382294,0.1214482636777246,0.0064203454813921285,0.043932718043914756,1.0926131155769097,0.9973812869125724,0.9980896997316178,0.11370410934501544,2.0416255815987934,0.1333830164218607,0.03316944390115982,1.0351182872736642,0.07849795265563568,2.0474514708681513,0.982236657688852,0.05086809478371297,1.027226517224406,1.042360825339432,0.9643057644449671,1.9565244015868262,0.9339980389062493,0.1664973767390448},fitness=net.sf.jclec.fitness.SimpleValueFitness@363ee3a2[value=58.11757456721358]]
Median individual: net.sf.jclec.realarray.RealArrayIndividual@4facf68f[genotype={0.024311580771685826,0.05346575942493763,1.0907629167313317,6.1855317848064E-4,1.0389070269512264,0.07007136059061965,1.9643353187003587,1.9895489388725254,1.0323316513137213,0.1206325632635559,0.0064203454813921285,0.043932718043914756,0.971929749253819,0.9973812869125724,0.9764941773697621,0.11370410934501544,2.0416255815987934,0.14214754968894772,0.033199847649446404,0.907988007811945,0.07919375635470542,2.0474514708681513,0.982236657688852,0.05086809478371297,1.027226517224406,1.042360825339432,0.9643057644449671,1.9565244015868262,0.9272791757603046,0.9885169349726826},fitness=net.sf.jclec.fitness.SimpleValueFitness@41e36e46[value=53.125795391367106]]
Average fitness = 53.40782862324769
Fitness variance = 2.0326632067858554
Generation 70 Report
Best individual: net.sf.jclec.realarray.RealArrayIndividual@131ef10[genotype={0.022749125082274935,0.010918810665191936,1.034094184046078,5.980790704061786E-4,0.9891836071627182,0.06979978386519253,1.9643353187003587,1.9895489388725254,1.0323316513137213,0.1214482636777246,0.0064203454813921285,0.03276702450269847,0.971929749253819,0.9935128986390713,0.9903355987589043,0.11370410934501544,2.0281123365907217,0.1333830164218607,0.033199847649446404,1.0351182872736642,0.07919375635470542,2.0474514708681513,0.982236657688852,0.048389867348802115,1.027226517224406,1.042360825339432,0.9643057644449671,1.9565244015868262,1.0127892381585386,0.07649255977873712},fitness=net.sf.jclec.fitness.SimpleValueFitness@38afe297[value=47.98272556887562]]
Worst individual: net.sf.jclec.realarray.RealArrayIndividual@223d2c72[genotype={0.022749125082274935,0.010918810665191936,1.034094184046078,6.1855317848064E-4,0.9891836071627182,0.06896390961016437,1.9643353187003587,1.9836202875239044,1.0323316513137213,0.1214482636777246,0.0064203454813921285,0.043932718043914756,0.971929749253819,0.9973812869125724,0.9764941773697621,0.11370410934501544,2.0416255815987934,0.14214754968894772,0.033199847649446404,1.0351182872736642,0.12815256439860037,2.0474514708681513,0.9752347329824324,0.05086809478371297,1.027226517224406,1.043678418936778,0.9643057644449671,1.9565244015868262,0.9272791757603046,0.07594936314504412},fitness=net.sf.jclec.fitness.SimpleValueFitness@436813f3[value=51.65913701647435]]
Median individual: net.sf.jclec.realarray.RealArrayIndividual@3c46e67a[genotype={0.022749125082274935,0.029042075471911427,1.034094184046078,5.980790704061786E-4,0.9891836071627182,0.06979978386519253,1.9643353187003587,1.9895489388725254,1.0323316513137213,0.1214482636777246,0.0064203454813921285,0.043932718043914756,0.971929749253819,0.9973812869125724,0.9903355987589043,0.11370410934501544,2.0416255815987934,0.1333830164218607,0.033199847649446404,1.0351182872736642,0.07919375635470542,2.0474514708681513,0.982236657688852,0.05086809478371297,1.0361165851952985,1.042360825339432,0.9643057644449671,2.0287938736957454,0.9272791757603046,0.07649255977873712},fitness=net.sf.jclec.fitness.SimpleValueFitness@206a70ef[value=49.619303786974896]]
Average fitness = 48.885485087812015
Fitness variance = 0.2695181892540859
Generation 80 Report
Best individual: net.sf.jclec.realarray.RealArrayIndividual@6236eb5f[genotype={0.022749125082274935,0.010918810665191936,1.0283422292710955,5.980790704061786E-4,0.9891836071627182,0.06896390961016437,1.9876404076073395,1.9895489388725254,1.0291863118342024,0.1203188475672034,0.0064203454813921285,0.03276702450269847,0.971929749253819,0.9921482669983559,0.9903355987589043,0.11370410934501544,2.0281123365907217,0.1333830164218607,0.033199847649446404,1.0351182872736642,0.07919375635470542,2.0376503322275865,0.982236657688852,0.05086809478371297,1.027226517224406,1.0380048713090968,0.9643057644449671,1.9565244015868262,1.0127892381585386,0.07594936314504412},fitness=net.sf.jclec.fitness.SimpleValueFitness@fa36558[value=47.40999900282343]]
Worst individual: net.sf.jclec.realarray.RealArrayIndividual@4da4253[genotype={0.022749125082274935,0.010918810665191936,1.034094184046078,5.980790704061786E-4,0.9891836071627182,0.07007136059061965,1.9643353187003587,1.9829396612725236,1.0323316513137213,0.1214482636777246,0.026163717366131687,0.03276702450269847,0.971929749253819,0.9935128986390713,0.9903355987589043,0.11370410934501544,2.0281123365907217,0.1333830164218607,0.033199847649446404,1.0351182872736642,0.07919375635470542,2.0376503322275865,0.982236657688852,0.05086809478371297,1.027226517224406,1.042360825339432,0.9643057644449671,1.9565244015868262,1.0127892381585386,0.07594936314504412},fitness=net.sf.jclec.fitness.SimpleValueFitness@62e7f11d[value=47.95644370434551]]
Median individual: net.sf.jclec.realarray.RealArrayIndividual@236e3f4e[genotype={0.022749125082274935,0.010918810665191936,1.0283422292710955,6.1855317848064E-4,0.9891836071627182,0.07007136059061965,1.9876404076073395,1.9895489388725254,1.0323316513137213,0.1203188475672034,0.0064203454813921285,0.03276702450269847,0.971929749253819,0.9935128986390713,0.9744968913009838,0.11370410934501544,2.0281123365907217,0.1333830164218607,0.033199847649446404,1.0351182872736642,0.07919375635470542,2.0376503322275865,0.982236657688852,0.04872542007060255,1.027226517224406,1.0380048713090968,0.9643057644449671,1.9565244015868262,1.0127892381585386,0.07594936314504412},fitness=net.sf.jclec.fitness.SimpleValueFitness@6bf0219d[value=47.51979095706488]]
Average fitness = 47.67944582384347
Fitness variance = 0.013594812200153683
Generation 90 Report
Best individual: net.sf.jclec.realarray.RealArrayIndividual@209da20d[genotype={0.022749125082274935,0.010918810665191936,1.0283422292710955,5.980790704061786E-4,0.9891340372163067,0.06889361758871805,1.9876404076073395,1.9895489388725254,1.029178808272663,0.1203188475672034,0.0064203454813921285,0.03276702450269847,0.971929749253819,0.9973812869125724,0.9903355987589043,0.11370410934501544,2.021845616045738,0.1333830164218607,0.033199847649446404,1.0351182872736642,0.07919375635470542,2.0361934087623137,0.982236657688852,0.04872542007060255,1.027226517224406,0.9548442072489587,0.9643057644449671,1.957507317061451,1.0127892381585386,0.07594936314504412},fitness=net.sf.jclec.fitness.SimpleValueFitness@1b2abca6[value=47.189878958844425]]
Worst individual: net.sf.jclec.realarray.RealArrayIndividual@73e22a3d[genotype={0.022749125082274935,0.010918810665191936,1.0283422292710955,5.980790704061786E-4,0.9891340372163067,0.07007136059061965,1.9876404076073395,1.9829396612725236,1.029178808272663,0.1203188475672034,0.0064203454813921285,0.03276702450269847,0.9698773172885313,0.9973812869125724,0.9764941773697621,0.11370410934501544,2.021845616045738,0.1333830164218607,0.033199847649446404,1.0351182872736642,0.07919375635470542,2.0376503322275865,0.982236657688852,0.04872542007060255,1.027226517224406,1.0380048713090968,0.9643057644449671,1.9565244015868262,1.0127892381585386,0.07594936314504412},fitness=net.sf.jclec.fitness.SimpleValueFitness@28f2a10f[value=47.402886853832875]]
Median individual: net.sf.jclec.realarray.RealArrayIndividual@6fd83fc1[genotype={0.022749125082274935,0.010918810665191936,1.0283422292710955,5.980790704061786E-4,0.9891340372163067,0.06910379925617736,1.9876404076073395,1.9895489388725254,1.0323316513137213,0.1203188475672034,0.0064203454813921285,0.03276702450269847,0.9720176089465927,0.9973812869125724,0.9764941773697621,0.11343096097858806,2.021845616045738,0.1333830164218607,0.033199847649446404,1.0351182872736642,0.07919375635470542,2.0376503322275865,0.982236657688852,0.04872542007060255,1.027226517224406,0.9548442072489587,0.9643057644449671,1.957507317061451,1.0127892381585386,0.07594936314504412},fitness=net.sf.jclec.fitness.SimpleValueFitness@bae7dc0[value=47.31809853335982]]
Average fitness = 47.26911485501558
Fitness variance = 0.0019027145599466166
Generation 100 Report
Best individual: net.sf.jclec.realarray.RealArrayIndividual@2a7f1f10[genotype={0.022749125082274935,0.010918810665191936,1.0283422292710955,6.185526103451086E-4,0.9918762382868619,0.06889361758871805,1.9876775820205885,1.989549138698949,1.029178808272663,0.1203188475672034,0.0064203454813921285,0.03276702450269847,0.9720176089465927,0.9973812869125724,0.9903355987589043,0.11343096097858806,2.021845616045738,0.1333830164218607,0.033199847649446404,1.0351182872736642,0.07919375635470542,2.0361166119555967,0.9832579571421388,0.04872542007060255,1.027226517224406,0.9548442072489587,0.9643057644449671,1.957507317061451,1.0127892381585386,0.07594936314504412},fitness=net.sf.jclec.fitness.SimpleValueFitness@f0c8a99[value=47.16658395541533]]
Worst individual: net.sf.jclec.realarray.RealArrayIndividual@353352b6[genotype={0.022749124385522214,0.010987405868876131,1.0283422292710955,5.980790704061786E-4,0.9884629238193757,0.06891336945189805,1.9876404076073395,1.9895489388725254,1.029178808272663,0.1203188475672034,0.0064203454813921285,0.03276702450269847,0.971929749253819,0.9973812869125724,0.9903355987589043,0.11343096097858806,2.021845616045738,0.1333830164218607,0.033205106759779696,1.0351182589757417,0.07919375635470542,2.0361934087623137,0.9822366560854943,0.04872542007060255,1.027226517224406,0.9548442072489587,0.9643057644449671,1.957507317061451,1.0127892381585386,0.07594879265679902},fitness=net.sf.jclec.fitness.SimpleValueFitness@57a78e3[value=47.18109473425193]]
Median individual: net.sf.jclec.realarray.RealArrayIndividual@710c2b53[genotype={0.022749125082274935,0.010918810665191936,1.0283422292710955,6.185526103451086E-4,0.9891505446221007,0.06889361758871805,1.987636379540304,1.9895489388725254,1.029178808272663,0.1203188475672034,0.0064203454813921285,0.03276702450269847,0.9720176089465927,0.9973812869125724,0.9903355987589043,0.11343096097858806,2.021845616045738,0.1333830164218607,0.033199847649446404,1.0351182872736642,0.07919375635470542,2.0361934087623137,0.982236657688852,0.04872542007060255,1.027226517224406,0.9548442072489587,0.9643057644449671,1.957507317061451,1.0127892381585386,0.07594936314504412},fitness=net.sf.jclec.fitness.SimpleValueFitness@14028087[value=47.177757755893815]]
Average fitness = 47.174100109483
Fitness variance = 1.178740512841614E-5
Generation 110 Report
Best individual: net.sf.jclec.realarray.RealArrayIndividual@222a59e6[genotype={0.022748596349819336,0.010918847414996666,1.0283422292710955,6.185526103451086E-4,0.9918762382868619,0.06889361758871805,1.9876775820205885,1.9895489388725254,1.029178808272663,0.12025904392309762,0.0064203454813921285,0.03276702450269847,0.9720176089465927,0.9935054026424364,0.9903355994696934,0.11343096097858806,2.021845616045738,0.13338287736284657,0.033199847649446404,1.0350847867185924,0.07919375635470542,2.0361166119555967,0.9832579571421388,0.048725420431841596,1.027226517224406,0.9548442072489587,0.9643057644449671,1.957507317061451,1.0127892381585386,0.07594936314504412},fitness=net.sf.jclec.fitness.SimpleValueFitness@4c2bb6e0[value=47.1627061736448]]
Worst individual: net.sf.jclec.realarray.RealArrayIndividual@5c86a017[genotype={0.022749125082274935,0.010919144909050169,1.0283422292710955,5.779536351883254E-4,0.9918762382868619,0.06889361758871805,1.9876404076073395,1.9895489388725254,1.029178808272663,0.120318740998031,0.0064203454813921285,0.03276702450269847,0.9720451098406525,0.9935054026424364,0.9903355994696934,0.11343096097858806,2.021845616045738,0.13338287736284657,0.033199847649446404,1.0351182872736642,0.07919375635470542,2.0361166119555967,0.9832144790570395,0.04872542007060255,1.02723862713663,0.9547212888448783,0.9643057644449671,1.957507317061451,1.0127892381585386,0.07593401186172094},fitness=net.sf.jclec.fitness.SimpleValueFitness@5276d6ee[value=47.16744485170823]]
Median individual: net.sf.jclec.realarray.RealArrayIndividual@24959ca4[genotype={0.022750884925964877,0.010987405868876131,1.0283422292710955,5.980790704061786E-4,0.9918769268447006,0.06889361758871805,1.9876404076073395,1.989549138698949,1.0291847611401346,0.1203188475672034,0.0064203454813921285,0.03276702450269847,0.9720176089465927,0.9973812771961748,0.9903355987589043,0.11343096097858806,2.0218317906344363,0.1333830164218607,0.03316919329279325,1.0351182872736642,0.07919375635470542,2.0361166119555967,0.9832579571421388,0.04872542007060255,1.0272265348274667,0.9548472975415495,0.9643057644449671,1.9575074813317284,1.0127892381585386,0.07594936314504412},fitness=net.sf.jclec.fitness.SimpleValueFitness@5c86dbc5[value=47.16637972028864]]
Average fitness = 47.16551311247108
Fitness variance = 6.394061529135797E-7
Generation 120 Report
Best individual: net.sf.jclec.realarray.RealArrayIndividual@28d18df5[genotype={0.022748596349819336,0.010918810676610718,1.0283422292710955,6.185526103451086E-4,0.991888491187442,0.06889361758871805,1.9878772174731085,1.9883100243748644,1.029178808272663,0.11843652518180472,0.0064203454813921285,0.03276702450269847,0.9720176089465927,0.9973812869125724,0.9903355994696934,0.11236348701768205,2.021845616045738,0.1332723163296071,0.03311089486246729,1.0350450457165383,0.07919375635470542,2.0360329460022917,0.9832579571421388,0.048725420431841596,1.027226517224406,0.9548442072489587,0.9648772760944782,1.957507317061451,1.0127892381585386,0.07595822945188489},fitness=net.sf.jclec.fitness.SimpleValueFitness@55cf0d14[value=47.02627423649398]]
Worst individual: net.sf.jclec.realarray.RealArrayIndividual@1863d2fe[genotype={0.022749125082274935,0.010920792114897835,1.0283422292710955,6.185526103451086E-4,0.9919092732199206,0.06889361758871805,1.9876404076073395,1.9895489388725254,1.029178808272663,0.1203188475672034,0.0064203454813921285,0.03260735280880998,0.9720176089465927,0.9973812869125724,0.9903355987589043,0.11343096097858806,2.021845616045738,0.13338287736284657,0.033199847649446404,1.0350847867185924,0.07919375635470542,2.0361166119555967,0.9832579571421388,0.04872542007060255,1.027155385547028,0.9548442072489587,0.9643196885481015,1.9576611142338958,1.0127892381585386,0.07594936314504412},fitness=net.sf.jclec.fitness.SimpleValueFitness@544d57e[value=47.160976254809235]]
Median individual: net.sf.jclec.realarray.RealArrayIndividual@6f6745d6[genotype={0.022749125082274935,0.010918810665191936,1.0283422292710955,5.504149210754998E-4,0.991888491187442,0.06889361758871805,1.9876404076073395,1.9895489388725254,1.029178808272663,0.120318740998031,0.0064203454813921285,0.03276702450269847,0.9720176089465927,0.9935241262815392,0.9903355994696934,0.11315496235500262,2.0216674871349216,0.13338287736284657,0.033205106759779696,1.0350450457165383,0.07910300592435504,2.0360329460022917,0.9832579571421388,0.048725420431841596,1.027226517224406,0.9548442072489587,0.9643196885481015,1.9576352800802825,1.0127892381585386,0.07594936314504412},fitness=net.sf.jclec.fitness.SimpleValueFitness@4f704591[value=47.145052846929836]]
Average fitness = 47.119846874127276
Fitness variance = 7.633635759702884E-4
Generation 130 Report
Best individual: net.sf.jclec.realarray.RealArrayIndividual@5d066c7d[genotype={0.022748596349819336,0.010918810665191936,1.0209330730934172,6.185526103451086E-4,0.9918762382868619,0.06889565891603815,1.9876775820205885,1.9895489388725254,1.029178808272663,0.11843652518180472,0.0064203454813921285,0.032768949131315464,0.9720176089465927,0.9973812869125724,0.9903355987589043,0.11236348701768205,2.019693009589518,0.12576052818180652,0.033199847649446404,1.0334914606506516,0.0707150947983305,2.0351313467699623,0.9832579571421388,0.048725420431841596,1.027226517224406,0.9557689028201309,0.9643196885481015,1.9575074813317284,1.0127892381585386,0.0454232766703232},fitness=net.sf.jclec.fitness.SimpleValueFitness@5ba88be8[value=45.56140901452329]]
Worst individual: net.sf.jclec.realarray.RealArrayIndividual@7a220c9a[genotype={0.022748596349819336,0.010918810665191936,1.0283422292710955,6.185526103451086E-4,0.9918762382868619,0.06889565891603815,1.9878772174731085,1.9883100243748644,1.029178808272663,0.11843652518180472,0.0064203454813921285,0.03276669943346595,0.9720176089465927,0.9973812869125724,0.9903355994696934,0.10977311260097636,2.021845616045738,0.1333830164218607,0.03311089486246729,1.0334914606506516,0.07919375635470542,2.0360933592211587,0.9832579571421388,0.04872542007060255,1.0266667271646905,0.9548442072489587,0.9643196885481015,1.9575074813317284,1.0127892381585386,0.07602411503192405},fitness=net.sf.jclec.fitness.SimpleValueFitness@30c93896[value=46.904894090886586]]
Median individual: net.sf.jclec.realarray.RealArrayIndividual@16eccb2e[genotype={0.022748596349819336,0.010918810665191936,1.0283422292710955,6.185526103451086E-4,0.9918762382868619,0.06889361758871805,1.9876775820205885,1.989549138698949,1.029178808272663,0.11843652518180472,0.0064203454813921285,0.03276669943346595,0.9720176089465927,0.9973812869125724,0.9898411729436188,0.11236348701768205,2.021845616045738,0.13338287736284657,0.033199847649446404,1.0350450457165383,0.054478003297532336,2.0360329460022917,0.9850242735021324,0.0468768304952414,1.0266667271646905,0.9548442072489587,0.9643057644449671,1.9558459351217277,1.0127892381585386,0.07593401186172094},fitness=net.sf.jclec.fitness.SimpleValueFitness@d771cc9[value=46.3759701837216]]
Average fitness = 46.417774516513575
Fitness variance = 0.10349202377119582
Generation 140 Report
Best individual: net.sf.jclec.realarray.RealArrayIndividual@79517588[genotype={0.022749125082274935,0.010918810665191936,0.9728642793682357,0.0,0.9918762382868619,0.03654161053918299,1.9876404076073395,1.9821558639190446,1.029178808272663,0.12019760460736775,0.0,0.02330903983915212,0.9720176089465927,0.9973812771961748,0.9903355987589043,0.08906344983055921,2.0217729995552123,0.02436918454248045,0.033199847649446404,1.0334914606506516,0.054430043876158504,2.0351313467699623,0.9832579571421388,0.02347686070002859,1.027226517224406,0.9548442072489587,0.9643196885481015,1.9558459351217277,1.0135601624036792,0.0454232766703232},fitness=net.sf.jclec.fitness.SimpleValueFitness@7ac0e420[value=40.41959334085921]]
Worst individual: net.sf.jclec.realarray.RealArrayIndividual@30e868be[genotype={0.022748596349819336,0.010918810665191936,1.0283422292710955,0.0,0.9918762382868619,0.007790641652747503,1.9876775820205885,1.9821558639190446,1.029178808272663,0.11308218893750918,0.006421693084607972,0.02330903983915212,0.9734150734793023,0.9964654728085912,0.9903355994696934,0.10977311260097636,2.0217729995552123,0.10148747975082288,0.03318933513400968,1.0107513427779211,0.054430043876158504,2.0351313467699623,0.9894083555369609,0.048725420431841596,1.0146732952750104,0.9548442072489587,0.965196605978668,1.973262805709233,0.8337481757850285,0.0454232766703232},fitness=net.sf.jclec.fitness.SimpleValueFitness@332796d3[value=46.997987159804666]]
Median individual: net.sf.jclec.realarray.RealArrayIndividual@68b32e3e[genotype={0.0,0.009038905578477427,1.0283422292710955,6.185526103451086E-4,0.9918762382868619,0.06931280019181,1.9876775820205885,1.9895489388725254,1.029178808272663,0.11859486928420529,0.0064203454813921285,0.03276702450269847,0.9734150734793023,0.9869309305441432,0.9938903528736523,0.08906344983055921,2.0217729995552123,0.12576052818180652,0.033199847649446404,1.0350450457165383,0.04775310639604957,2.0351313467699623,0.9832579571421388,0.04872542007060255,1.0214076558465313,0.9548442072489587,0.9643196885481015,1.957507317061451,1.0127892381585386,0.0454232766703232},fitness=net.sf.jclec.fitness.SimpleValueFitness@41709512[value=44.15119061543869]]
Average fitness = 42.75509030125688
Fitness variance = 1.6441403495880422
Generation 150 Report
Best individual: net.sf.jclec.realarray.RealArrayIndividual@30b19518[genotype={0.022749125082274935,0.010918810665191936,1.0283422292710955,5.533385140272613E-4,0.9918762382868619,0.0,1.9876404076073395,1.989549138698949,1.029178808272663,0.04723395736337621,0.0064203454813921285,0.032768949131315464,0.9720176089465927,0.9964654728085912,0.9903355987589043,0.03501492407067527,2.0217729995552123,0.02436918454248045,0.03318933513400968,1.0265632360914052,0.0,2.0360329460022917,0.9832579571421388,0.02347686070002859,1.0266667271646905,1.049663841147135,0.9643196885481015,1.957507317061451,1.0127892381585386,0.004231279943528551},fitness=net.sf.jclec.fitness.SimpleValueFitness@366ac49b[value=35.96953655813646]]
Worst individual: net.sf.jclec.realarray.RealArrayIndividual@7502291e[genotype={0.022749125082274935,0.010918810665191936,1.0283422292710955,4.8474224623371444E-4,0.9918762382868619,0.0,1.9876775820205885,1.9883100243748644,1.0468180548448964,0.11308218893750918,0.0064203454813921285,0.032768949131315464,0.9720176089465927,0.9932559943556946,0.9903355987589043,0.08906344983055921,2.0217729995552123,0.02436918454248045,0.03318933513400968,1.0107513427779211,0.0,2.0360329460022917,0.9832579571421388,0.04872542007060255,0.9986766132521588,0.9781871238179778,0.9643196885481015,1.3127986598879033,1.0127892381585386,0.0454232766703232},fitness=net.sf.jclec.fitness.SimpleValueFitness@487db668[value=50.81668855249441]]
Median individual: net.sf.jclec.realarray.RealArrayIndividual@5ef6ae06[genotype={0.022749125082274935,0.010918810665191936,1.0283422292710955,5.504149210754998E-4,0.9918762382868619,0.03654161053918299,1.9876775820205885,1.989549138698949,1.029178808272663,0.06884626078353037,0.0064203454813921285,0.032768949131315464,0.9720176089465927,0.9932559943556946,0.9903355987589043,0.08265709907540865,2.0217729995552123,0.02436918454248045,0.03318933513400968,1.0107513427779211,0.0,2.0360329460022917,0.9832579571421388,0.02347686070002859,1.0266667271646905,0.9548442072489587,0.9643196885481015,1.957507317061451,1.0127892381585386,0.0454232766703232},fitness=net.sf.jclec.fitness.SimpleValueFitness@6e35bc3d[value=37.78444162678238]]
Average fitness = 38.5669883816751
Fitness variance = 2.4781135715234086
Generation 160 Report
Best individual: net.sf.jclec.realarray.RealArrayIndividual@2e554a3b[genotype={0.022749125082274935,0.0,1.0283422292710955,5.504149210754998E-4,0.9918762382868619,0.0,1.9876404076073395,1.989549138698949,1.029178808272663,0.04723395736337621,0.0064203454813921285,0.02330903983915212,0.9720176089465927,0.9932559943556946,0.022746864661671196,0.03501492407067527,2.0217729995552123,0.02436918454248045,0.03318933513400968,1.0107513427779211,0.0,2.0341278100567455,0.9832579571421388,0.02347686070002859,0.9986766132521588,0.9781871238179778,0.9643196885481015,1.957507317061451,1.0127892381585386,0.004231279943528551},fitness=net.sf.jclec.fitness.SimpleValueFitness@7d42c224[value=34.03183668952459]]
Worst individual: net.sf.jclec.realarray.RealArrayIndividual@71cf1b07[genotype={0.022749125082274935,0.010918810665191936,1.0283422292710955,4.8474224623371444E-4,0.9918762382868619,0.007790641652747503,1.9876775820205885,1.9883100243748644,1.2752034169875652,0.0,0.0,0.02330903983915212,0.9720176089465927,0.9973812771961748,0.9903355987589043,0.03501492407067527,2.0217729995552123,0.0,0.03318933513400968,1.0350450457165383,0.0,2.0361166119555967,0.9832579571421388,0.024851579549223266,0.9986766132521588,0.9781871238179778,0.9938833169939753,1.9558459351217277,0.6805333699549376,0.004231279943528551},fitness=net.sf.jclec.fitness.SimpleValueFitness@4fce136b[value=60.1624830260471]]
Median individual: net.sf.jclec.realarray.RealArrayIndividual@349c1daf[genotype={0.024854060158726515,0.010918810665191936,1.0283422292710955,5.504149210754998E-4,0.9918762382868619,0.007790641652747503,1.9876775820205885,1.9883100243748644,1.029178808272663,0.04723395736337621,0.0064203454813921285,0.02330903983915212,0.9720176089465927,0.9973812771961748,0.9903355987589043,0.03501492407067527,2.0217729995552123,0.02436918454248045,0.033199847649446404,1.0107513427779211,0.0,2.0341278100567455,0.9832579571421388,0.02347686070002859,0.9986766132521588,0.9548442072489587,0.9938833169939753,1.9558459351217277,1.0127892381585386,0.004231279943528551},fitness=net.sf.jclec.fitness.SimpleValueFitness@4b9df8a[value=35.082714182968196]]
Average fitness = 35.950425242135246
Fitness variance = 14.167017698376185
Generation 170 Report
Best individual: net.sf.jclec.realarray.RealArrayIndividual@56c9bbd8[genotype={0.022749125082274935,0.012939686097222397,1.0283422292710955,4.8474224623371444E-4,0.9923627114313602,0.007790641652747503,1.9876775820205885,1.9883100243748644,1.029178808272663,0.04723395736337621,0.0,0.02330903983915212,0.0,0.9973812771961748,0.022746864661671196,0.0,2.0217729995552123,0.02436918454248045,0.0,0.0481075986035534,0.0,2.0341278100567455,0.9832579571421388,0.02347686070002859,0.9986766132521588,0.9781871238179778,0.9938833169939753,1.9575074813317284,0.0,0.0},fitness=net.sf.jclec.fitness.SimpleValueFitness@636e8cc[value=30.675100474019274]]
Worst individual: net.sf.jclec.realarray.RealArrayIndividual@3f0846c6[genotype={0.0,0.012712523072482051,1.0283422292710955,4.8474224623371444E-4,1.1816424129132066,0.007790641652747503,1.9876775820205885,1.9883100243748644,1.029178808272663,0.04723395736337621,0.0,0.02330903983915212,0.9720176089465927,0.9973812771961748,0.022746864661671196,0.03501492407067527,2.0217729995552123,0.02436918454248045,0.033199847649446404,1.0107513427779211,0.0,2.0360329460022917,0.9832579571421388,0.0,0.9986766132521588,0.9781871238179778,0.9938833169939753,1.957507317061451,1.0127892381585386,0.004231279943528551},fitness=net.sf.jclec.fitness.SimpleValueFitness@78fbff54[value=39.941455781154964]]
Median individual: net.sf.jclec.realarray.RealArrayIndividual@4c4d27c8[genotype={0.022749125082274935,0.010918810665191936,1.0283422292710955,5.504149210754998E-4,0.9918762382868619,0.007790641652747503,1.9876775820205885,1.9883100243748644,1.029178808272663,0.04723395736337621,0.0,0.02330903983915212,0.9720176089465927,0.9973812771961748,0.022746864661671196,0.03501492407067527,2.0217729995552123,0.02436918454248045,0.0,1.0107513427779211,0.0,2.0360329460022917,0.9832579571421388,0.02347686070002859,0.9986766132521588,0.9781871238179778,0.9938833169939753,1.9575074813317284,0.0,0.004231279943528551},fitness=net.sf.jclec.fitness.SimpleValueFitness@338494fa[value=32.63357375494294]]
Average fitness = 33.02612220052082
Fitness variance = 1.8707336493805542
Generation 180 Report
Best individual: net.sf.jclec.realarray.RealArrayIndividual@1bb1fde8[genotype={0.022749125082274935,0.010918810665191936,1.0283422292710955,5.504149210754998E-4,0.9918762382868619,0.007790641652747503,0.0,1.9883100243748644,1.029178808272663,0.04723395736337621,0.0064203454813921285,0.024976766892528115,0.0,0.0,0.022746864661671196,0.03501492407067527,2.0217729995552123,0.02436918454248045,0.03318933513400968,0.0481075986035534,0.0,0.0,0.9832579571421388,0.02347686070002859,0.0,0.9781871238179778,0.9938833169939753,1.957507317061451,0.0,0.004819441662363181},fitness=net.sf.jclec.fitness.SimpleValueFitness@22d6f11[value=20.8134743691341]]
Worst individual: net.sf.jclec.realarray.RealArrayIndividual@50fe837a[genotype={0.022749125082274935,0.010918810665191936,1.0283422292710955,4.8474224623371444E-4,0.9918762382868619,0.0,1.9876775820205885,0.36589477847520024,1.029178808272663,0.0,0.0064203454813921285,0.02330903983915212,0.0,0.0,0.022746864661671196,0.03501492407067527,2.0217729995552123,0.02436918454248045,0.03318933513400968,0.0481075986035534,0.0,2.009149431011385,0.9832579571421388,0.02347686070002859,0.9986766132521588,2.327982474411913,0.9776869685226321,1.957507317061451,0.0,0.004819441662363181},fitness=net.sf.jclec.fitness.SimpleValueFitness@7a8fa663[value=61.32030045349094]]
Median individual: net.sf.jclec.realarray.RealArrayIndividual@2b491fee[genotype={0.022749125082274935,0.0,1.0283422292710955,4.8474224623371444E-4,0.9918762382868619,0.007790641652747503,0.0,1.9883100243748644,1.029178808272663,0.04723395736337621,0.0064203454813921285,0.024976766892528115,0.0,0.0,0.022746864661671196,0.0,2.0217729995552123,0.02436918454248045,0.0,0.0481075986035534,0.0,2.0341278100567455,0.9832579571421388,0.02347686070002859,0.9986766132521588,0.0,0.9938833169939753,1.9558459351217277,0.0,0.004566444974312783},fitness=net.sf.jclec.fitness.SimpleValueFitness@1c55f277[value=24.664677665907504]]
Average fitness = 28.81247929315558
Fitness variance = 36.39965917101563
Generation 190 Report
Best individual: net.sf.jclec.realarray.RealArrayIndividual@4204541c[genotype={0.022749125082274935,0.0,1.0283422292710955,5.504149210754998E-4,0.9918762382868619,0.009722950510121675,0.0,1.9883100243748644,1.029178808272663,0.04723395736337621,0.0064203454813921285,0.0,0.0,0.0,0.022746864661671196,0.0,0.0,0.02436918454248045,0.0,0.0481075986035534,0.0,0.0,0.9832579571421388,0.02347686070002859,0.0,0.0,0.0,0.0,0.0,0.004231279943528551},fitness=net.sf.jclec.fitness.SimpleValueFitness@4602c2a9[value=9.799015223488137]]
Worst individual: net.sf.jclec.realarray.RealArrayIndividual@4fe89c24[genotype={0.022749125082274935,0.010918810665191936,1.0283422292710955,5.504149210754998E-4,2.341840166480726,0.0,0.0,1.9883100243748644,1.029178808272663,0.16024784636202355,0.0064203454813921285,0.0,0.0,0.0,0.0,0.03501492407067527,2.0217729995552123,0.02436918454248045,0.03318933513400968,0.0481075986035534,0.0,0.0,0.9832579571421388,0.02347686070002859,0.9986766132521588,0.9781871238179778,0.9938833169939753,0.0,0.0,0.004231279943528551},fitness=net.sf.jclec.fitness.SimpleValueFitness@3d08f3f5[value=41.57002010267599]]
Median individual: net.sf.jclec.realarray.RealArrayIndividual@5fd62371[genotype={0.0,0.0,1.0283422292710955,5.504149210754998E-4,0.9918762382868619,0.007790641652747503,0.0,1.9883100243748644,1.029178808272663,0.04723395736337621,0.0064203454813921285,0.0,0.0,0.0,0.0,0.03501492407067527,2.0217729995552123,0.02436918454248045,0.03318933513400968,0.0481075986035534,0.0,0.0,0.9832579571421388,0.02347686070002859,0.9986766132521588,0.9781871238179778,0.9938833169939753,0.0,0.0,0.0},fitness=net.sf.jclec.fitness.SimpleValueFitness@2b62442c[value=17.26829573098593]]
Average fitness = 15.16549271002809
Fitness variance = 17.731681225905533
Generation 200 Report
Best individual: net.sf.jclec.realarray.RealArrayIndividual@2d72f75e[genotype={0.022749125082274935,0.0,0.0,5.504149210754998E-4,0.0,0.008751699029925708,0.0,0.0,1.029178808272663,0.04723395736337621,0.0064203454813921285,0.0,0.0,0.0,0.0,0.0,0.0,0.02436918454248045,0.0,0.0,0.0,0.0,0.0,0.0,0.0,0.0,0.0,0.0,0.0,0.007707839308421461},fitness=net.sf.jclec.fitness.SimpleValueFitness@5aa0dbf4[value=1.9214971172040052]]
Worst individual: net.sf.jclec.realarray.RealArrayIndividual@5990e6c5[genotype={0.0,0.0,0.0,5.504149210754998E-4,0.0,0.0,0.0,1.9883100243748644,1.029178808272663,0.04723395736337621,0.0064203454813921285,0.0,0.0,0.0,0.022746864661671196,0.0,0.0,0.0,0.0,0.0481075986035534,0.0,0.0,1.859177540880156,0.02599055914817315,0.0,0.0,0.0,0.0,0.0,0.0},fitness=net.sf.jclec.fitness.SimpleValueFitness@35d6ca49[value=13.468855153004165]]
Median individual: net.sf.jclec.realarray.RealArrayIndividual@4cc547a[genotype={0.022749125082274935,0.0,1.0283422292710955,5.504149210754998E-4,0.0,0.009722950510121675,0.0,0.0,1.029178808272663,0.04723395736337621,0.0064203454813921285,0.0,0.0,0.0,0.0,0.03501492407067527,0.0,0.02436918454248045,0.0,0.0,0.0,0.0,0.9832579571421388,0.02347686070002859,0.0,0.0,0.0,0.0,0.0,0.007707839308421461},fitness=net.sf.jclec.fitness.SimpleValueFitness@4152d38d[value=4.514171325521742]]
Average fitness = 4.6674794400724275
Fitness variance = 2.0976096757157343
Generation 210 Report
Best individual: net.sf.jclec.realarray.RealArrayIndividual@620aa4ea[genotype={0.0,0.0,0.0,5.504149210754998E-4,0.0,0.0,0.0,0.0,0.0,0.0,0.0064203454813921285,0.0,0.0,0.0,0.0,0.0,0.0,0.02436918454248045,0.0,0.0,0.0,0.0,0.0,0.02347686070002859,0.0,0.0,0.0,0.0,0.0,0.004231279943528551},fitness=net.sf.jclec.fitness.SimpleValueFitness@3174cb09[value=0.2385256050910094]]
Worst individual: net.sf.jclec.realarray.RealArrayIndividual@6ce1f601[genotype={0.0,0.0,0.0,5.504149210754998E-4,0.0,0.008751699029925708,0.0,0.0,1.029178808272663,0.04723395736337621,0.0064203454813921285,0.0,0.0,0.0,0.022746864661671196,0.0,0.0,0.02436918454248045,0.0,0.0481075986035534,0.0,0.0,0.0,0.02347686070002859,0.0,0.0,0.0,0.0,0.0,0.004231279943528551},fitness=net.sf.jclec.fitness.SimpleValueFitness@1e886a5b[value=2.4780727022567586]]
Median individual: net.sf.jclec.realarray.RealArrayIndividual@345e5a17[genotype={0.0,0.0,0.0,4.8474224623371444E-4,0.0,0.008751699029925708,0.0,0.0,1.029178808272663,0.0,0.0064203454813921285,0.0,0.0,0.0,0.022746864661671196,0.0,0.0,0.02436918454248045,0.0,0.0481075986035534,0.0,0.0,0.0,0.0,0.0,0.0,0.0,0.0,0.0,0.004231279943528551},fitness=net.sf.jclec.fitness.SimpleValueFitness@443dbe42[value=1.9295108788250097]]
Average fitness = 1.5187007528640601
Fitness variance = 0.3689922414321041
Generation 220 Report
Best individual: net.sf.jclec.realarray.RealArrayIndividual@27dc79f7[genotype={0.0,0.0,0.0,0.0,0.0,0.0,0.0,0.0,0.0,0.0,0.0,0.0,0.0,0.0,0.0,0.0,0.0,0.0,0.0,0.0,0.0,0.0,0.0,0.0,0.0,0.0,0.0,0.0,0.0,0.0},fitness=net.sf.jclec.fitness.SimpleValueFitness@3aaf4f07[value=0.0]]
Worst individual: net.sf.jclec.realarray.RealArrayIndividual@5cbf9e9f[genotype={0.0,0.0,0.0,6.520823808050114E-4,0.0,0.008751699029925708,0.0,0.0,0.0,0.0,0.0064203454813921285,0.0,0.0,0.0,0.0,0.0,0.0,0.0,0.0,0.0,0.0,0.0,0.0,0.0,0.0,0.0,0.0,0.0,0.0,0.004231279943528551},fitness=net.sf.jclec.fitness.SimpleValueFitness@5a2f016d[value=0.0270043774707176]]
Median individual: net.sf.jclec.realarray.RealArrayIndividual@35e52059[genotype={0.0,0.0,0.0,0.0,0.0,0.0,0.0,0.0,0.0,0.0,0.0064203454813921285,0.0,0.0,0.0,0.0,0.0,0.0,0.0,0.0,0.0,0.0,0.0,0.0,0.0,0.0,0.0,0.0,0.0,0.0,0.004231279943528551},fitness=net.sf.jclec.fitness.SimpleValueFitness@49bd54f7[value=0.011728534597459372]]
Average fitness = 0.011156011192948814
Fitness variance = 3.65099160996961E-5
Generation 230 Report
Best individual: net.sf.jclec.realarray.RealArrayIndividual@2392212b[genotype={0.0,0.0,0.0,0.0,0.0,0.0,0.0,0.0,0.0,0.0,0.0,0.0,0.0,0.0,0.0,0.0,0.0,0.0,0.0,0.0,0.0,0.0,0.0,0.0,0.0,0.0,0.0,0.0,0.0,0.0},fitness=net.sf.jclec.fitness.SimpleValueFitness@28f8e165[value=0.0]]
Worst individual: net.sf.jclec.realarray.RealArrayIndividual@2392212b[genotype={0.0,0.0,0.0,0.0,0.0,0.0,0.0,0.0,0.0,0.0,0.0,0.0,0.0,0.0,0.0,0.0,0.0,0.0,0.0,0.0,0.0,0.0,0.0,0.0,0.0,0.0,0.0,0.0,0.0,0.0},fitness=net.sf.jclec.fitness.SimpleValueFitness@28f8e165[value=0.0]]
Median individual: net.sf.jclec.realarray.RealArrayIndividual@3003697[genotype={0.0,0.0,0.0,0.0,0.0,0.0,0.0,0.0,0.0,0.0,0.0,0.0,0.0,0.0,0.0,0.0,0.0,0.0,0.0,0.0,0.0,0.0,0.0,0.0,0.0,0.0,0.0,0.0,0.0,0.0},fitness=net.sf.jclec.fitness.SimpleValueFitness@1d269ed7[value=0.0]]
Average fitness = 0.0
Fitness variance = 0.0
Generation 240 Report
Best individual: net.sf.jclec.realarray.RealArrayIndividual@78f9ed3e[genotype={0.0,0.0,0.0,0.0,0.0,0.0,0.0,0.0,0.0,0.0,0.0,0.0,0.0,0.0,0.0,0.0,0.0,0.0,0.0,0.0,0.0,0.0,0.0,0.0,0.0,0.0,0.0,0.0,0.0,0.0},fitness=net.sf.jclec.fitness.SimpleValueFitness@b0964b2[value=0.0]]
Worst individual: net.sf.jclec.realarray.RealArrayIndividual@78f9ed3e[genotype={0.0,0.0,0.0,0.0,0.0,0.0,0.0,0.0,0.0,0.0,0.0,0.0,0.0,0.0,0.0,0.0,0.0,0.0,0.0,0.0,0.0,0.0,0.0,0.0,0.0,0.0,0.0,0.0,0.0,0.0},fitness=net.sf.jclec.fitness.SimpleValueFitness@b0964b2[value=0.0]]
Median individual: net.sf.jclec.realarray.RealArrayIndividual@deb3b60[genotype={0.0,0.0,0.0,0.0,0.0,0.0,0.0,0.0,0.0,0.0,0.0,0.0,0.0,0.0,0.0,0.0,0.0,0.0,0.0,0.0,0.0,0.0,0.0,0.0,0.0,0.0,0.0,0.0,0.0,0.0},fitness=net.sf.jclec.fitness.SimpleValueFitness@39aa45a1[value=0.0]]
Average fitness = 0.0
Fitness variance = 0.0
Generation 250 Report
Best individual: net.sf.jclec.realarray.RealArrayIndividual@26a94fa5[genotype={0.0,0.0,0.0,0.0,0.0,0.0,0.0,0.0,0.0,0.0,0.0,0.0,0.0,0.0,0.0,0.0,0.0,0.0,0.0,0.0,0.0,0.0,0.0,0.0,0.0,0.0,0.0,0.0,0.0,0.0},fitness=net.sf.jclec.fitness.SimpleValueFitness@2873d672[value=0.0]]
Worst individual: net.sf.jclec.realarray.RealArrayIndividual@26a94fa5[genotype={0.0,0.0,0.0,0.0,0.0,0.0,0.0,0.0,0.0,0.0,0.0,0.0,0.0,0.0,0.0,0.0,0.0,0.0,0.0,0.0,0.0,0.0,0.0,0.0,0.0,0.0,0.0,0.0,0.0,0.0},fitness=net.sf.jclec.fitness.SimpleValueFitness@2873d672[value=0.0]]
Median individual: net.sf.jclec.realarray.RealArrayIndividual@4905c46b[genotype={0.0,0.0,0.0,0.0,0.0,0.0,0.0,0.0,0.0,0.0,0.0,0.0,0.0,0.0,0.0,0.0,0.0,0.0,0.0,0.0,0.0,0.0,0.0,0.0,0.0,0.0,0.0,0.0,0.0,0.0},fitness=net.sf.jclec.fitness.SimpleValueFitness@1136b469[value=0.0]]
Average fitness = 0.0
Fitness variance = 0.0
Generation 260 Report
Best individual: net.sf.jclec.realarray.RealArrayIndividual@783ec989[genotype={0.0,0.0,0.0,0.0,0.0,0.0,0.0,0.0,0.0,0.0,0.0,0.0,0.0,0.0,0.0,0.0,0.0,0.0,0.0,0.0,0.0,0.0,0.0,0.0,0.0,0.0,0.0,0.0,0.0,0.0},fitness=net.sf.jclec.fitness.SimpleValueFitness@f973499[value=0.0]]
Worst individual: net.sf.jclec.realarray.RealArrayIndividual@783ec989[genotype={0.0,0.0,0.0,0.0,0.0,0.0,0.0,0.0,0.0,0.0,0.0,0.0,0.0,0.0,0.0,0.0,0.0,0.0,0.0,0.0,0.0,0.0,0.0,0.0,0.0,0.0,0.0,0.0,0.0,0.0},fitness=net.sf.jclec.fitness.SimpleValueFitness@f973499[value=0.0]]
Median individual: net.sf.jclec.realarray.RealArrayIndividual@79a1728c[genotype={0.0,0.0,0.0,0.0,0.0,0.0,0.0,0.0,0.0,0.0,0.0,0.0,0.0,0.0,0.0,0.0,0.0,0.0,0.0,0.0,0.0,0.0,0.0,0.0,0.0,0.0,0.0,0.0,0.0,0.0},fitness=net.sf.jclec.fitness.SimpleValueFitness@41f35f7c[value=0.0]]
Average fitness = 0.0
Fitness variance = 0.0
Generation 270 Report
Best individual: net.sf.jclec.realarray.RealArrayIndividual@415156bf[genotype={0.0,0.0,0.0,0.0,0.0,0.0,0.0,0.0,0.0,0.0,0.0,0.0,0.0,0.0,0.0,0.0,0.0,0.0,0.0,0.0,0.0,0.0,0.0,0.0,0.0,0.0,0.0,0.0,0.0,0.0},fitness=net.sf.jclec.fitness.SimpleValueFitness@4af46df3[value=0.0]]
Worst individual: net.sf.jclec.realarray.RealArrayIndividual@1603dc2f[genotype={0.0,0.0,0.0,0.0,0.0,5.12,0.0,0.0,0.0,0.0,0.0,0.0,0.0,0.0,0.0,0.0,0.0,0.0,0.0,0.0,0.0,0.0,0.0,0.0,0.0,0.0,0.0,0.0,0.0,0.0},fitness=net.sf.jclec.fitness.SimpleValueFitness@61799544[value=28.924713725785896]]
Median individual: net.sf.jclec.realarray.RealArrayIndividual@51dbd6e4[genotype={0.0,0.0,0.0,0.0,0.0,0.0,0.0,0.0,0.0,0.0,0.0,0.0,0.0,0.0,0.0,0.0,0.0,0.0,0.0,0.0,0.0,0.0,0.0,0.0,0.0,0.0,0.0,0.0,0.0,0.0},fitness=net.sf.jclec.fitness.SimpleValueFitness@5f13be1[value=0.0]]
Average fitness = 0.28924713725785894
Fitness variance = 8.282726734774803
Generation 280 Report
Best individual: net.sf.jclec.realarray.RealArrayIndividual@3ac04654[genotype={0.0,0.0,0.0,0.0,0.0,0.0,0.0,0.0,0.0,0.0,0.0,0.0,0.0,0.0,0.0,0.0,0.0,0.0,0.0,0.0,0.0,0.0,0.0,0.0,0.0,0.0,0.0,0.0,0.0,0.0},fitness=net.sf.jclec.fitness.SimpleValueFitness@3ed0918d[value=0.0]]
Worst individual: net.sf.jclec.realarray.RealArrayIndividual@38a1c423[genotype={0.0,0.0,0.0,0.0,0.0,0.0,0.0,0.0,0.0,0.0,0.0,0.0,0.0,0.0,0.0,0.0,0.0,0.0,0.0,0.0,0.0,0.0,0.0,0.0,0.0,5.12,0.0,0.0,0.0,0.0},fitness=net.sf.jclec.fitness.SimpleValueFitness@38eb2fb0[value=28.924713725785896]]
Median individual: net.sf.jclec.realarray.RealArrayIndividual@29c2c826[genotype={0.0,0.0,0.0,0.0,0.0,0.0,0.0,0.0,0.0,0.0,0.0,0.0,0.0,0.0,0.0,0.0,0.0,0.0,0.0,0.0,0.0,0.0,0.0,0.0,0.0,0.0,0.0,0.0,0.0,0.0},fitness=net.sf.jclec.fitness.SimpleValueFitness@6818d900[value=0.0]]
Average fitness = 0.8677414117735769
Fitness variance = 24.346196765853207
Generation 290 Report
Best individual: net.sf.jclec.realarray.RealArrayIndividual@10667848[genotype={0.0,0.0,0.0,0.0,0.0,0.0,0.0,0.0,0.0,0.0,0.0,0.0,0.0,0.0,0.0,0.0,0.0,0.0,0.0,0.0,0.0,0.0,0.0,0.0,0.0,0.0,0.0,0.0,0.0,0.0},fitness=net.sf.jclec.fitness.SimpleValueFitness@77c7ed8e[value=0.0]]
Worst individual: net.sf.jclec.realarray.RealArrayIndividual@33b082c5[genotype={0.0,0.0,0.0,0.0,5.12,0.0,0.0,0.0,0.0,0.0,0.0,0.0,0.0,0.0,0.0,0.0,0.0,0.0,0.0,0.0,0.0,0.0,0.0,0.0,5.12,0.0,0.0,0.0,0.0,0.0},fitness=net.sf.jclec.fitness.SimpleValueFitness@1cc9cfb2[value=57.84942745157179]]
Median individual: net.sf.jclec.realarray.RealArrayIndividual@8d7b252[genotype={0.0,0.0,0.0,0.0,0.0,0.0,0.0,0.0,0.0,0.0,0.0,0.0,0.0,0.0,0.0,0.0,0.0,0.0,0.0,0.0,0.0,0.0,0.0,0.0,0.0,0.0,0.0,0.0,0.0,0.0},fitness=net.sf.jclec.fitness.SimpleValueFitness@6d9fb2d1[value=0.0]]
Average fitness = 1.4462356862892949
Fitness variance = 56.47313682801003
Generation 300 Report
Best individual: net.sf.jclec.realarray.RealArrayIndividual@1b7cae6f[genotype={0.0,0.0,0.0,0.0,0.0,0.0,0.0,0.0,0.0,0.0,0.0,0.0,0.0,0.0,0.0,0.0,0.0,0.0,0.0,0.0,0.0,0.0,0.0,0.0,0.0,0.0,0.0,0.0,0.0,0.0},fitness=net.sf.jclec.fitness.SimpleValueFitness@d5ce97f[value=0.0]]
Worst individual: net.sf.jclec.realarray.RealArrayIndividual@2f04105[genotype={0.0,0.0,0.0,0.0,0.0,0.0,0.0,0.0,0.0,5.12,0.0,0.0,0.0,0.0,0.0,0.0,0.0,0.0,0.0,0.0,0.0,0.0,0.0,0.0,0.0,0.0,0.0,0.0,0.0,0.0},fitness=net.sf.jclec.fitness.SimpleValueFitness@724c5cbe[value=28.924713725785896]]
Median individual: net.sf.jclec.realarray.RealArrayIndividual@e1e2e5e[genotype={0.0,0.0,0.0,0.0,0.0,0.0,0.0,0.0,0.0,0.0,0.0,0.0,0.0,0.0,0.0,0.0,0.0,0.0,0.0,0.0,0.0,0.0,0.0,0.0,0.0,0.0,0.0,0.0,0.0,0.0},fitness=net.sf.jclec.fitness.SimpleValueFitness@37864b77[value=0.0]]
Average fitness = 2.0247299608050127
Fitness variance = 54.46520307412523
Generation 310 Report
Best individual: net.sf.jclec.realarray.RealArrayIndividual@499683c4[genotype={0.0,0.0,0.0,0.0,0.0,0.0,0.0,0.0,0.0,0.0,0.0,0.0,0.0,0.0,0.0,0.0,0.0,0.0,0.0,0.0,0.0,0.0,0.0,0.0,0.0,0.0,0.0,0.0,0.0,0.0},fitness=net.sf.jclec.fitness.SimpleValueFitness@4efc25fc[value=0.0]]
Worst individual: net.sf.jclec.realarray.RealArrayIndividual@2a32fb6[genotype={0.0,0.0,0.0,0.0,0.0,0.0,0.0,0.0,0.0,0.0,0.0,0.0,5.12,0.0,0.0,0.0,0.0,0.0,0.0,0.0,0.0,5.12,0.0,0.0,0.0,0.0,0.0,0.0,0.0,0.0},fitness=net.sf.jclec.fitness.SimpleValueFitness@164a62bf[value=57.84942745157179]]
Median individual: net.sf.jclec.realarray.RealArrayIndividual@3e84111a[genotype={0.0,0.0,0.0,0.0,0.0,0.0,0.0,0.0,0.0,0.0,0.0,0.0,0.0,0.0,0.0,0.0,0.0,0.0,0.0,0.0,0.0,0.0,0.0,0.0,0.0,0.0,0.0,0.0,0.0,0.0},fitness=net.sf.jclec.fitness.SimpleValueFitness@6fa69af7[value=0.0]]
Average fitness = 0.8677414117735769
Fitness variance = 41.07897804822655
Generation 320 Report
Best individual: net.sf.jclec.realarray.RealArrayIndividual@6c806c8b[genotype={0.0,0.0,0.0,0.0,0.0,0.0,0.0,0.0,0.0,0.0,0.0,0.0,0.0,0.0,0.0,0.0,0.0,0.0,0.0,0.0,0.0,0.0,0.0,0.0,0.0,0.0,0.0,0.0,0.0,0.0},fitness=net.sf.jclec.fitness.SimpleValueFitness@184fb68d[value=0.0]]
Worst individual: net.sf.jclec.realarray.RealArrayIndividual@3d278b4d[genotype={0.0,0.0,0.0,0.0,0.0,0.0,0.0,0.0,0.0,0.0,0.0,0.0,0.0,0.0,0.0,0.0,0.0,0.0,0.0,0.0,0.0,0.0,0.0,0.0,0.0,0.0,0.0,0.0,0.0,5.12},fitness=net.sf.jclec.fitness.SimpleValueFitness@9d3c67[value=28.924713725785896]]
Median individual: net.sf.jclec.realarray.RealArrayIndividual@52d6cd34[genotype={0.0,0.0,0.0,0.0,0.0,0.0,0.0,0.0,0.0,0.0,0.0,0.0,0.0,0.0,0.0,0.0,0.0,0.0,0.0,0.0,0.0,0.0,0.0,0.0,0.0,0.0,0.0,0.0,0.0,0.0},fitness=net.sf.jclec.fitness.SimpleValueFitness@27b2faa6[value=0.0]]
Average fitness = 0.8677414117735769
Fitness variance = 24.346196765853207
Generation 330 Report
Best individual: net.sf.jclec.realarray.RealArrayIndividual@61af1510[genotype={0.0,0.0,0.0,0.0,0.0,0.0,0.0,0.0,0.0,0.0,0.0,0.0,0.0,0.0,0.0,0.0,0.0,0.0,0.0,0.0,0.0,0.0,0.0,0.0,0.0,0.0,0.0,0.0,0.0,0.0},fitness=net.sf.jclec.fitness.SimpleValueFitness@778d82e9[value=0.0]]
Worst individual: net.sf.jclec.realarray.RealArrayIndividual@5e048149[genotype={0.0,0.0,0.0,0.0,0.0,0.0,0.0,0.0,0.0,0.0,0.0,0.0,0.0,0.0,5.12,0.0,0.0,0.0,0.0,0.0,0.0,0.0,0.0,0.0,5.12,0.0,0.0,0.0,0.0,0.0},fitness=net.sf.jclec.fitness.SimpleValueFitness@3d5790ea[value=57.84942745157179]]
Median individual: net.sf.jclec.realarray.RealArrayIndividual@706fe5c6[genotype={0.0,0.0,0.0,0.0,0.0,0.0,0.0,0.0,0.0,0.0,0.0,0.0,0.0,0.0,0.0,0.0,0.0,0.0,0.0,0.0,0.0,0.0,0.0,0.0,0.0,0.0,0.0,0.0,0.0,0.0},fitness=net.sf.jclec.fitness.SimpleValueFitness@56380231[value=0.0]]
Average fitness = 3.181718509836449
Fitness variance = 98.63974565959084
Generation 340 Report
Best individual: net.sf.jclec.realarray.RealArrayIndividual@e042c99[genotype={0.0,0.0,0.0,0.0,0.0,0.0,0.0,0.0,0.0,0.0,0.0,0.0,0.0,0.0,0.0,0.0,0.0,0.0,0.0,0.0,0.0,0.0,0.0,0.0,0.0,0.0,0.0,0.0,0.0,0.0},fitness=net.sf.jclec.fitness.SimpleValueFitness@42b6d0cc[value=0.0]]
Worst individual: net.sf.jclec.realarray.RealArrayIndividual@750ff7d3[genotype={0.0,0.0,0.0,0.0,0.0,0.0,0.0,0.0,0.0,0.0,0.0,0.0,0.0,0.0,0.0,0.0,0.0,0.0,0.0,0.0,0.0,0.0,0.0,0.0,0.0,5.12,0.0,0.0,0.0,0.0},fitness=net.sf.jclec.fitness.SimpleValueFitness@2620e717[value=28.924713725785896]]
Median individual: net.sf.jclec.realarray.RealArrayIndividual@3b4d50b[genotype={0.0,0.0,0.0,0.0,0.0,0.0,0.0,0.0,0.0,0.0,0.0,0.0,0.0,0.0,0.0,0.0,0.0,0.0,0.0,0.0,0.0,0.0,0.0,0.0,0.0,0.0,0.0,0.0,0.0,0.0},fitness=net.sf.jclec.fitness.SimpleValueFitness@476ee5b3[value=0.0]]
Average fitness = 2.6032242353207304
Fitness variance = 68.52073935131884
Generation 350 Report
Best individual: net.sf.jclec.realarray.RealArrayIndividual@582a764a[genotype={0.0,0.0,0.0,0.0,0.0,0.0,0.0,0.0,0.0,0.0,0.0,0.0,0.0,0.0,0.0,0.0,0.0,0.0,0.0,0.0,0.0,0.0,0.0,0.0,0.0,0.0,0.0,0.0,0.0,0.0},fitness=net.sf.jclec.fitness.SimpleValueFitness@292158f8[value=0.0]]
Worst individual: net.sf.jclec.realarray.RealArrayIndividual@53ec2968[genotype={0.0,0.0,0.0,0.0,0.0,0.0,0.0,0.0,0.0,0.0,0.0,0.0,0.0,0.0,0.0,0.0,0.0,5.12,0.0,0.0,0.0,0.0,0.0,0.0,0.0,0.0,0.0,0.0,5.12,0.0},fitness=net.sf.jclec.fitness.SimpleValueFitness@7e19755a[value=57.84942745157179]]
Median individual: net.sf.jclec.realarray.RealArrayIndividual@7aac8884[genotype={0.0,0.0,0.0,0.0,0.0,0.0,0.0,0.0,0.0,0.0,0.0,0.0,0.0,0.0,0.0,0.0,0.0,0.0,0.0,0.0,0.0,0.0,0.0,0.0,0.0,0.0,0.0,0.0,0.0,0.0},fitness=net.sf.jclec.fitness.SimpleValueFitness@5b852b49[value=0.0]]
Average fitness = 3.181718509836449
Fitness variance = 98.63974565959082
Generation 360 Report
Best individual: net.sf.jclec.realarray.RealArrayIndividual@6342d610[genotype={0.0,0.0,0.0,0.0,0.0,0.0,0.0,0.0,0.0,0.0,0.0,0.0,0.0,0.0,0.0,0.0,0.0,0.0,0.0,0.0,0.0,0.0,0.0,0.0,0.0,0.0,0.0,0.0,0.0,0.0},fitness=net.sf.jclec.fitness.SimpleValueFitness@784abd3e[value=0.0]]
Worst individual: net.sf.jclec.realarray.RealArrayIndividual@4ce94d2f[genotype={0.0,0.0,0.0,0.0,0.0,0.0,0.0,0.0,0.0,0.0,0.0,0.0,5.12,0.0,0.0,0.0,0.0,0.0,0.0,0.0,0.0,0.0,0.0,0.0,0.0,0.0,5.12,0.0,0.0,0.0},fitness=net.sf.jclec.fitness.SimpleValueFitness@3cd9aa64[value=57.84942745157179]]
Median individual: net.sf.jclec.realarray.RealArrayIndividual@6ad16c5d[genotype={0.0,0.0,0.0,0.0,0.0,0.0,0.0,0.0,0.0,0.0,0.0,0.0,0.0,0.0,0.0,0.0,0.0,0.0,0.0,0.0,0.0,0.0,0.0,0.0,0.0,0.0,0.0,0.0,0.0,0.0},fitness=net.sf.jclec.fitness.SimpleValueFitness@6f911326[value=0.0]]
Average fitness = 2.8924713725785898
Fitness variance = 92.03029705305336
Generation 370 Report
Best individual: net.sf.jclec.realarray.RealArrayIndividual@445bb139[genotype={0.0,0.0,0.0,0.0,0.0,0.0,0.0,0.0,0.0,0.0,0.0,0.0,0.0,0.0,0.0,0.0,0.0,0.0,0.0,0.0,0.0,0.0,0.0,0.0,0.0,0.0,0.0,0.0,0.0,0.0},fitness=net.sf.jclec.fitness.SimpleValueFitness@7a81065e[value=0.0]]
Worst individual: net.sf.jclec.realarray.RealArrayIndividual@6cbd0674[genotype={0.0,0.0,0.0,0.0,5.12,0.0,0.0,0.0,0.0,0.0,0.0,0.0,0.0,0.0,0.0,5.12,0.0,0.0,0.0,0.0,0.0,0.0,0.0,0.0,0.0,0.0,0.0,0.0,5.12,0.0},fitness=net.sf.jclec.fitness.SimpleValueFitness@19a64eae[value=86.77414117735769]]
Median individual: net.sf.jclec.realarray.RealArrayIndividual@7f93dd4e[genotype={0.0,0.0,0.0,0.0,0.0,0.0,0.0,0.0,0.0,0.0,0.0,0.0,0.0,0.0,0.0,0.0,0.0,0.0,0.0,0.0,0.0,0.0,0.0,0.0,0.0,0.0,0.0,0.0,0.0,5.12},fitness=net.sf.jclec.fitness.SimpleValueFitness@3ad85136[value=28.924713725785896]]
Average fitness = 6.652684156930755
Fitness variance = 298.76380979677594
Generation 380 Report
Best individual: net.sf.jclec.realarray.RealArrayIndividual@70211df5[genotype={0.0,0.0,0.0,0.0,0.0,0.0,0.0,0.0,0.0,0.0,0.0,0.0,0.0,0.0,0.0,0.0,0.0,0.0,0.0,0.0,0.0,0.0,0.0,0.0,0.0,0.0,0.0,0.0,0.0,0.0},fitness=net.sf.jclec.fitness.SimpleValueFitness@38e7ed69[value=0.0]]
Worst individual: net.sf.jclec.realarray.RealArrayIndividual@6c101cc1[genotype={5.12,5.12,0.0,0.0,0.0,0.0,0.0,0.0,0.0,0.0,0.0,0.0,0.0,0.0,0.0,0.0,0.0,0.0,0.0,0.0,0.0,0.0,0.0,0.0,0.0,0.0,0.0,0.0,0.0,0.0},fitness=net.sf.jclec.fitness.SimpleValueFitness@7fb48179[value=57.84942745157179]]
Median individual: net.sf.jclec.realarray.RealArrayIndividual@4b0b64cc[genotype={0.0,0.0,0.0,0.0,0.0,0.0,0.0,0.0,0.0,0.0,0.0,0.0,0.0,0.0,0.0,0.0,0.0,0.0,0.0,0.0,0.0,0.0,0.0,0.0,0.0,0.0,0.0,0.0,0.0,0.0},fitness=net.sf.jclec.fitness.SimpleValueFitness@4860827a[value=0.0]]
Average fitness = 3.4709656470943084
Fitness variance = 121.8146477356779
Generation 390 Report
Best individual: net.sf.jclec.realarray.RealArrayIndividual@43c87306[genotype={0.0,0.0,0.0,0.0,0.0,0.0,0.0,0.0,0.0,0.0,0.0,0.0,0.0,0.0,0.0,0.0,0.0,0.0,0.0,0.0,0.0,0.0,0.0,0.0,0.0,0.0,0.0,0.0,0.0,0.0},fitness=net.sf.jclec.fitness.SimpleValueFitness@4c447c09[value=0.0]]
Worst individual: net.sf.jclec.realarray.RealArrayIndividual@37637a24[genotype={0.0,0.0,0.0,5.12,0.0,0.0,0.0,0.0,0.0,0.0,0.0,0.0,0.0,0.0,0.0,5.12,0.0,5.12,0.0,0.0,0.0,0.0,0.0,0.0,0.0,0.0,0.0,0.0,0.0,0.0},fitness=net.sf.jclec.fitness.SimpleValueFitness@770beef5[value=86.77414117735769]]
Median individual: net.sf.jclec.realarray.RealArrayIndividual@1e1b061[genotype={0.0,0.0,0.0,0.0,0.0,0.0,0.0,0.0,0.0,0.0,0.0,0.0,0.0,0.0,0.0,0.0,0.0,0.0,0.0,0.0,0.0,0.0,0.0,0.0,0.0,0.0,0.0,0.0,0.0,0.0},fitness=net.sf.jclec.fitness.SimpleValueFitness@4a8e6e89[value=0.0]]
Average fitness = 6.363437019672897
Fitness variance = 310.89507622649666
Generation 400 Report
Best individual: net.sf.jclec.realarray.RealArrayIndividual@5626d18c[genotype={0.0,0.0,0.0,0.0,0.0,0.0,0.0,0.0,0.0,0.0,0.0,0.0,0.0,0.0,0.0,0.0,0.0,0.0,0.0,0.0,0.0,0.0,0.0,0.0,0.0,0.0,0.0,0.0,0.0,0.0},fitness=net.sf.jclec.fitness.SimpleValueFitness@3dc95b8b[value=0.0]]
Worst individual: net.sf.jclec.realarray.RealArrayIndividual@ea52184[genotype={0.0,0.0,0.0,0.0,0.0,0.0,0.0,0.0,5.12,0.0,0.0,0.0,0.0,0.0,0.0,0.0,0.0,0.0,0.0,0.0,0.0,5.12,0.0,0.0,0.0,0.0,0.0,0.0,0.0,0.0},fitness=net.sf.jclec.fitness.SimpleValueFitness@3c854752[value=57.84942745157179]]
Median individual: net.sf.jclec.realarray.RealArrayIndividual@51ab1ee3[genotype={0.0,0.0,0.0,0.0,0.0,0.0,0.0,0.0,0.0,0.0,0.0,0.0,0.0,0.0,0.0,0.0,0.0,0.0,0.0,0.0,0.0,0.0,0.0,0.0,0.0,0.0,0.0,0.0,0.0,0.0},fitness=net.sf.jclec.fitness.SimpleValueFitness@3003e580[value=0.0]]
Average fitness = 4.049459921610026
Fitness variance = 117.46412460226082
Generation 410 Report
Best individual: net.sf.jclec.realarray.RealArrayIndividual@2a097d77[genotype={0.0,0.0,0.0,0.0,0.0,0.0,0.0,0.0,0.0,0.0,0.0,0.0,0.0,0.0,0.0,0.0,0.0,0.0,0.0,0.0,0.0,0.0,0.0,0.0,0.0,0.0,0.0,0.0,0.0,0.0},fitness=net.sf.jclec.fitness.SimpleValueFitness@7650ded6[value=0.0]]
Worst individual: net.sf.jclec.realarray.RealArrayIndividual@4fc5563d[genotype={0.0,0.0,0.0,0.0,5.12,0.0,0.0,0.0,0.0,0.0,0.0,0.0,0.0,0.0,0.0,0.0,0.0,0.0,0.0,0.0,0.0,0.0,0.0,0.0,0.0,5.12,0.0,0.0,0.0,0.0},fitness=net.sf.jclec.fitness.SimpleValueFitness@31120021[value=57.84942745157179]]
Median individual: net.sf.jclec.realarray.RealArrayIndividual@3667faa8[genotype={0.0,0.0,0.0,0.0,0.0,0.0,0.0,0.0,0.0,0.0,0.0,0.0,0.0,0.0,0.0,0.0,0.0,0.0,0.0,0.0,0.0,0.0,0.0,0.0,0.0,0.0,0.0,0.0,0.0,0.0},fitness=net.sf.jclec.fitness.SimpleValueFitness@3138953b[value=0.0]]
Average fitness = 5.206448470641463
Fitness variance = 173.6862697110352
Generation 420 Report
Best individual: net.sf.jclec.realarray.RealArrayIndividual@45adc393[genotype={0.0,0.0,0.0,0.0,0.0,0.0,0.0,0.0,0.0,0.0,0.0,0.0,0.0,0.0,0.0,0.0,0.0,0.0,0.0,0.0,0.0,0.0,0.0,0.0,0.0,0.0,0.0,0.0,0.0,0.0},fitness=net.sf.jclec.fitness.SimpleValueFitness@479111ba[value=0.0]]
Worst individual: net.sf.jclec.realarray.RealArrayIndividual@3bf54172[genotype={0.0,5.12,0.0,0.0,0.0,0.0,5.12,0.0,0.0,0.0,5.12,0.0,5.12,0.0,0.0,0.0,0.0,0.0,0.0,0.0,0.0,0.0,0.0,0.0,0.0,0.0,5.12,0.0,0.0,0.0},fitness=net.sf.jclec.fitness.SimpleValueFitness@7b3cde6f[value=144.6235686289295]]
Median individual: net.sf.jclec.realarray.RealArrayIndividual@1bf14704[genotype={0.0,0.0,0.0,0.0,0.0,0.0,0.0,0.0,0.0,0.0,0.0,0.0,0.0,0.0,0.0,0.0,0.0,0.0,0.0,0.0,0.0,0.0,0.0,0.0,0.0,0.0,0.0,0.0,0.0,0.0},fitness=net.sf.jclec.fitness.SimpleValueFitness@2be21396[value=0.0]]
Average fitness = 5.206448470641463
Fitness variance = 424.6779889466353
Generation 430 Report
Best individual: net.sf.jclec.realarray.RealArrayIndividual@787508ca[genotype={0.0,0.0,0.0,0.0,0.0,0.0,0.0,0.0,0.0,0.0,0.0,0.0,0.0,0.0,0.0,0.0,0.0,0.0,0.0,0.0,0.0,0.0,0.0,0.0,0.0,0.0,0.0,0.0,0.0,0.0},fitness=net.sf.jclec.fitness.SimpleValueFitness@6274670b[value=0.0]]
Worst individual: net.sf.jclec.realarray.RealArrayIndividual@53ce2392[genotype={0.0,0.0,0.0,0.0,0.0,0.0,0.0,0.0,0.0,0.0,0.0,0.0,0.0,5.12,0.0,0.0,0.0,0.0,0.0,0.0,0.0,0.0,5.12,0.0,5.12,0.0,0.0,0.0,0.0,0.0},fitness=net.sf.jclec.fitness.SimpleValueFitness@1c067c0d[value=86.77414117735769]]
Median individual: net.sf.jclec.realarray.RealArrayIndividual@5cf8676a[genotype={0.0,0.0,0.0,0.0,0.0,0.0,0.0,0.0,0.0,0.0,0.0,0.0,0.0,0.0,0.0,0.0,0.0,0.0,0.0,0.0,0.0,0.0,0.0,0.0,0.0,0.0,0.0,0.0,0.0,0.0},fitness=net.sf.jclec.fitness.SimpleValueFitness@3520963d[value=0.0]]
Average fitness = 6.074189882415039
Fitness variance = 272.66067099627355
Generation 440 Report
Best individual: net.sf.jclec.realarray.RealArrayIndividual@53d9826f[genotype={0.0,0.0,0.0,0.0,0.0,0.0,0.0,0.0,0.0,0.0,0.0,0.0,0.0,0.0,0.0,0.0,0.0,0.0,0.0,0.0,0.0,0.0,0.0,0.0,0.0,0.0,0.0,0.0,0.0,0.0},fitness=net.sf.jclec.fitness.SimpleValueFitness@5f59ea8c[value=0.0]]
Worst individual: net.sf.jclec.realarray.RealArrayIndividual@7b2ccba5[genotype={0.0,0.0,0.0,0.0,0.0,0.0,0.0,0.0,0.0,0.0,0.0,0.0,5.12,0.0,0.0,0.0,0.0,0.0,5.12,0.0,0.0,0.0,0.0,0.0,0.0,0.0,0.0,0.0,0.0,0.0},fitness=net.sf.jclec.fitness.SimpleValueFitness@5d5a51b1[value=57.84942745157179]]
Median individual: net.sf.jclec.realarray.RealArrayIndividual@718f805a[genotype={0.0,0.0,0.0,0.0,0.0,0.0,0.0,0.0,0.0,0.0,0.0,0.0,0.0,0.0,0.0,0.0,0.0,0.0,0.0,0.0,0.0,0.0,0.0,0.0,0.0,0.0,0.0,0.0,0.0,0.0},fitness=net.sf.jclec.fitness.SimpleValueFitness@557b6a37[value=0.0]]
Average fitness = 4.917201333383603
Fitness variance = 201.7136783590106
Generation 450 Report
Best individual: net.sf.jclec.realarray.RealArrayIndividual@31f295b6[genotype={0.0,0.0,0.0,0.0,0.0,0.0,0.0,0.0,0.0,0.0,0.0,0.0,0.0,0.0,0.0,0.0,0.0,0.0,0.0,0.0,0.0,0.0,0.0,0.0,0.0,0.0,0.0,0.0,0.0,0.0},fitness=net.sf.jclec.fitness.SimpleValueFitness@4c82b5df[value=0.0]]
Worst individual: net.sf.jclec.realarray.RealArrayIndividual@4cc7d00d[genotype={0.0,0.0,0.0,0.0,0.0,0.0,0.0,0.0,0.0,0.0,5.12,0.0,5.12,0.0,0.0,0.0,0.0,5.12,0.0,0.0,0.0,0.0,0.0,0.0,0.0,0.0,0.0,0.0,0.0,0.0},fitness=net.sf.jclec.fitness.SimpleValueFitness@91da29b[value=86.77414117735769]]
Median individual: net.sf.jclec.realarray.RealArrayIndividual@68ddd415[genotype={0.0,0.0,0.0,0.0,0.0,0.0,0.0,0.0,0.0,0.0,0.0,0.0,0.0,0.0,0.0,0.0,0.0,0.0,0.0,0.0,0.0,0.0,0.0,0.0,0.0,0.0,0.0,0.0,0.0,0.0},fitness=net.sf.jclec.fitness.SimpleValueFitness@664632e9[value=0.0]]
Average fitness = 5.49569560789932
Fitness variance = 312.8193460739696
Generation 460 Report
Best individual: net.sf.jclec.realarray.RealArrayIndividual@6ecc02bb[genotype={0.0,0.0,0.0,0.0,0.0,0.0,0.0,0.0,0.0,0.0,0.0,0.0,0.0,0.0,0.0,0.0,0.0,0.0,0.0,0.0,0.0,0.0,0.0,0.0,0.0,0.0,0.0,0.0,0.0,0.0},fitness=net.sf.jclec.fitness.SimpleValueFitness@65514add[value=0.0]]
Worst individual: net.sf.jclec.realarray.RealArrayIndividual@79e7188e[genotype={0.0,5.12,0.0,0.0,0.0,0.0,0.0,0.0,0.0,0.0,0.0,0.0,0.0,0.0,0.0,0.0,0.0,5.12,0.0,0.0,0.0,0.0,5.12,0.0,0.0,0.0,0.0,0.0,0.0,0.0},fitness=net.sf.jclec.fitness.SimpleValueFitness@7fedb795[value=86.77414117735769]]
Median individual: net.sf.jclec.realarray.RealArrayIndividual@7a1b8a46[genotype={0.0,0.0,0.0,0.0,0.0,0.0,0.0,0.0,0.0,0.0,0.0,0.0,0.0,0.0,0.0,0.0,0.0,0.0,0.0,0.0,0.0,0.0,0.0,0.0,0.0,0.0,0.0,0.0,0.0,0.0},fitness=net.sf.jclec.fitness.SimpleValueFitness@3d40a3b4[value=0.0]]
Average fitness = 5.206448470641463
Fitness variance = 223.88461355815525
Generation 470 Report
Best individual: net.sf.jclec.realarray.RealArrayIndividual@174721c4[genotype={0.0,0.0,0.0,0.0,0.0,0.0,0.0,0.0,0.0,0.0,0.0,0.0,0.0,0.0,0.0,0.0,0.0,0.0,0.0,0.0,0.0,0.0,0.0,0.0,0.0,0.0,0.0,0.0,0.0,0.0},fitness=net.sf.jclec.fitness.SimpleValueFitness@322e49ee[value=0.0]]
Worst individual: net.sf.jclec.realarray.RealArrayIndividual@4aeb0e2b[genotype={0.0,0.0,5.12,0.0,0.0,0.0,0.0,0.0,0.0,0.0,0.0,0.0,0.0,0.0,0.0,5.12,0.0,0.0,5.12,0.0,0.0,0.0,0.0,0.0,5.12,0.0,0.0,0.0,0.0,0.0},fitness=net.sf.jclec.fitness.SimpleValueFitness@47b33e07[value=115.69885490314358]]
Median individual: net.sf.jclec.realarray.RealArrayIndividual@6d6ac396[genotype={0.0,0.0,0.0,0.0,0.0,0.0,0.0,0.0,0.0,0.0,0.0,0.0,0.0,0.0,0.0,0.0,0.0,0.0,0.0,0.0,0.0,0.0,0.0,0.0,0.0,0.0,0.0,0.0,0.0,0.0},fitness=net.sf.jclec.fitness.SimpleValueFitness@f5a7226[value=0.0]]
Average fitness = 4.917201333383603
Fitness variance = 335.5759286179973
Generation 480 Report
Best individual: net.sf.jclec.realarray.RealArrayIndividual@2d7637e6[genotype={0.0,0.0,0.0,0.0,0.0,0.0,0.0,0.0,0.0,0.0,0.0,0.0,0.0,0.0,0.0,0.0,0.0,0.0,0.0,0.0,0.0,0.0,0.0,0.0,0.0,0.0,0.0,0.0,0.0,0.0},fitness=net.sf.jclec.fitness.SimpleValueFitness@39b626e5[value=0.0]]
Worst individual: net.sf.jclec.realarray.RealArrayIndividual@1283ca23[genotype={0.0,0.0,0.0,0.0,0.0,0.0,5.12,0.0,0.0,0.0,0.0,0.0,0.0,0.0,0.0,5.12,0.0,0.0,0.0,0.0,0.0,0.0,0.0,0.0,5.12,0.0,0.0,0.0,5.12,5.12},fitness=net.sf.jclec.fitness.SimpleValueFitness@aa61e4e[value=144.6235686289295]]
Median individual: net.sf.jclec.realarray.RealArrayIndividual@739265f1[genotype={0.0,0.0,0.0,0.0,0.0,0.0,0.0,0.0,0.0,0.0,0.0,0.0,0.0,0.0,0.0,0.0,0.0,0.0,0.0,0.0,0.0,0.0,0.0,0.0,0.0,0.0,0.0,0.0,0.0,0.0},fitness=net.sf.jclec.fitness.SimpleValueFitness@6acffb2d[value=0.0]]
Average fitness = 8.67741411773577
Fitness variance = 443.4187039828934
Generation 490 Report
Best individual: net.sf.jclec.realarray.RealArrayIndividual@7a1a3468[genotype={0.0,0.0,0.0,0.0,0.0,0.0,0.0,0.0,0.0,0.0,0.0,0.0,0.0,0.0,0.0,0.0,0.0,0.0,0.0,0.0,0.0,0.0,0.0,0.0,0.0,0.0,0.0,0.0,0.0,0.0},fitness=net.sf.jclec.fitness.SimpleValueFitness@2dfeb141[value=0.0]]
Worst individual: net.sf.jclec.realarray.RealArrayIndividual@4e424582[genotype={0.0,5.12,0.0,0.0,0.0,0.0,0.0,0.0,0.0,0.0,0.0,5.12,0.0,0.0,0.0,0.0,0.0,0.0,0.0,0.0,0.0,0.0,0.0,0.0,0.0,0.0,0.0,5.12,0.0,0.0},fitness=net.sf.jclec.fitness.SimpleValueFitness@73e776b7[value=86.77414117735769]]
Median individual: net.sf.jclec.realarray.RealArrayIndividual@1961d75a[genotype={0.0,0.0,0.0,0.0,0.0,0.0,0.0,0.0,0.0,0.0,0.0,0.0,0.0,0.0,0.0,0.0,0.0,0.0,0.0,0.0,0.0,0.0,0.0,0.0,0.0,0.0,0.0,0.0,0.0,0.0},fitness=net.sf.jclec.fitness.SimpleValueFitness@3e26482[value=0.0]]
Average fitness = 5.78494274515718
Fitness variance = 301.19006308272014
Generation 500 Report
Best individual: net.sf.jclec.realarray.RealArrayIndividual@59018eed[genotype={0.0,0.0,0.0,0.0,0.0,0.0,0.0,0.0,0.0,0.0,0.0,0.0,0.0,0.0,0.0,0.0,0.0,0.0,0.0,0.0,0.0,0.0,0.0,0.0,0.0,0.0,0.0,0.0,0.0,0.0},fitness=net.sf.jclec.fitness.SimpleValueFitness@76973a6[value=0.0]]
Worst individual: net.sf.jclec.realarray.RealArrayIndividual@6e1ae763[genotype={0.0,0.0,0.0,0.0,0.0,0.0,0.0,0.0,5.12,0.0,0.0,0.0,0.0,0.0,0.0,0.0,0.0,0.0,0.0,5.12,0.0,0.0,0.0,5.12,0.0,0.0,0.0,0.0,0.0,0.0},fitness=net.sf.jclec.fitness.SimpleValueFitness@650aa077[value=86.77414117735769]]
Median individual: net.sf.jclec.realarray.RealArrayIndividual@6839203b[genotype={0.0,0.0,0.0,0.0,0.0,0.0,0.0,0.0,0.0,0.0,0.0,0.0,0.0,0.0,0.0,0.0,0.0,0.0,0.0,0.0,0.0,0.0,0.0,0.0,0.0,0.0,0.0,0.0,0.0,0.0},fitness=net.sf.jclec.fitness.SimpleValueFitness@6db328f8[value=0.0]]
Average fitness = 7.809672705962193
Fitness variance = 382.42771620864255
