Wed Nov 21 15.28.36 CET 2018
Generation 0 Report
Best individual: net.sf.jclec.realarray.RealArrayIndividual@4f8e5cde[genotype={0.5698451078285389,3.0385717051922656,0.04556378250334976,2.861015428799677,2.1342452583290545,0.688392672228392,3.3013608425658334,1.6752267197405808,3.076435585428096,1.021283909500821,4.844486332852841,3.7008355410303784,2.800112564590855,2.1992591360624036,2.5728313646627674,2.3497162720259674,2.9376213636002357,0.9619539833002645,1.8701871904857192,0.009000656850092544,1.889231142039335,0.9020697624984182,0.7142708281652138,4.098183030727226,4.143950029312012,0.6600364411965609,1.0255061286062297,3.7580682729789787,2.1511050333781303,0.072234589638229},fitness=net.sf.jclec.fitness.SimpleValueFitness@3b764bce[value=372.9706320466701]]
Worst individual: net.sf.jclec.realarray.RealArrayIndividual@64b8f8f4[genotype={2.135736371078742,2.6193810485487323,4.996869726479229,2.4547497178628936,3.8158325758534763,3.3729589284902723,4.772634874729114,1.5492950527949507,4.45016909092688,2.266659097463694,0.8048011403098702,2.4483802747495274,4.698092982076183,2.696204330500296,2.547697785200403,5.070018484500223,3.517284436727047,3.4255960873651583,4.884661564450957,0.444002180280469,5.047973715565927,5.119192057903965,0.6701983539147919,4.3850232151277995,4.825286298187977,3.9298303316271204,0.6628383602563908,4.295642421504312,0.3174051323619605,1.0067696106661874},fitness=net.sf.jclec.fitness.SimpleValueFitness@3cd1f1c8[value=704.7681917653263]]
Median individual: net.sf.jclec.realarray.RealArrayIndividual@26f0a63f[genotype={3.4055875752765234,2.765497845687024,1.9001706522061286,0.7109522393410878,3.1494483757139093,0.9324868122586,4.540725772167105,2.5974903647779377,0.1089435201775099,1.2714164365173608,3.058910274434061,1.684787037994325,0.9881062776951809,3.810461596398,2.052393406542097,4.114559950920001,3.751983022435462,1.8706196627265106,1.9446909862328567,0.4327147291824083,1.8568207936942447,1.1416110445287075,1.317479400781753,2.3281268515957505,3.840993768956425,3.080785575437713,2.688624865381292,2.818335390614735,4.068838478364135,0.22221183905688272},fitness=net.sf.jclec.fitness.SimpleValueFitness@53bd815b[value=427.1964510898053]]
Average fitness = 543.9824954465673
Fitness variance = 3873.218379719183
Generation 10 Report
Best individual: net.sf.jclec.realarray.RealArrayIndividual@60addb54[genotype={0.5698451078285389,1.5651023480713822,0.04556378250334976,2.861015428799677,2.204101326936877,2.0325982242512994,0.9626872086658612,1.1268475100572453,1.866863110881567,1.021283909500821,1.0415799496353173,0.006694276515317248,1.1561585264620853,2.1992591360624036,1.1183220023747666,0.6953601669060635,3.2387412596365137,0.9619539833002645,0.3239476673684726,2.950509311510872,1.889231142039335,0.9020697624984182,2.0980794930114874,0.7440426290178853,1.7817964634175383,1.0244622700496404,1.8610660964871109,0.08363857020418765,2.7002672430751784,2.9469840161572165},fitness=net.sf.jclec.fitness.SimpleValueFitness@4cb2c100[value=240.40361077366404]]
Worst individual: net.sf.jclec.realarray.RealArrayIndividual@6956de9[genotype={0.5698451078285389,2.765497845687024,3.2874794507060745,4.486078522886325,2.204101326936877,2.0325982242512994,4.1373781807404,3.1704210318987602,2.1239696819343243,1.021283909500821,1.0415799496353173,3.074204788553327,4.159053634517231,1.9442431049988778,1.289325541829565,5.0747858597945426,0.9084784826895765,1.2401200775558134,0.3186733976438738,1.0005983203819004,1.889231142039335,1.1416110445287075,2.519424082761977,0.7440426290178853,1.7817964634175383,1.0244622700496404,1.8610660964871109,3.7580682729789787,2.3702858151468056,0.22221183905688272},fitness=net.sf.jclec.fitness.SimpleValueFitness@6aceb1a5[value=389.74144121860945]]
Median individual: net.sf.jclec.realarray.RealArrayIndividual@2c8d66b2[genotype={0.5698451078285389,1.5651023480713822,0.04556378250334976,1.3532187163120006,2.204101326936877,2.0325982242512994,1.4233533198166364,1.1268475100572453,1.866863110881567,3.193501762172368,1.8774066649981396,2.6598681006623965,4.159053634517231,2.1992591360624036,1.1183220023747666,5.04365421214085,1.1227073307871418,3.109612187265446,3.0242437965611053,2.950509311510872,1.889231142039335,0.9020697624984182,0.7741865869775632,0.32215277847057844,0.4042252650765722,0.6655262961588169,1.8610660964871109,0.08363857020418765,2.7002672430751784,2.9469840161572165},fitness=net.sf.jclec.fitness.SimpleValueFitness@3cb5cdba[value=354.89658281355247]]
Average fitness = 314.1447272899911
Fitness variance = 1294.5228315898712
Generation 20 Report
Best individual: net.sf.jclec.realarray.RealArrayIndividual@520a3426[genotype={2.0050125883141723,1.158947148917396,0.04556378250334976,1.0905600988089335,0.11462107709699454,2.0325982242512994,0.9626872086658612,0.009885170729181698,1.866863110881567,1.021283909500821,1.0415799496353173,2.021401679775742,1.89710096046444,1.0518669200542532,1.1183220023747666,0.6953601669060635,1.9047068113683119,0.9619539833002645,0.3186733976438738,1.0541558123857746,1.889231142039335,0.9969223270344434,1.0411929271294986,0.09680803562814261,1.7817964634175383,1.0244622700496404,0.08069287520049766,0.08363857020418765,0.012106254430772736,0.8774688748759548},fitness=net.sf.jclec.fitness.SimpleValueFitness@3e9b1010[value=110.94502862861904]]
Worst individual: net.sf.jclec.realarray.RealArrayIndividual@7f560810[genotype={2.0050125883141723,3.0385717051922656,3.1477705931326256,2.107272775389444,2.204101326936877,2.0325982242512994,2.510676561694558,1.1268475100572453,1.866863110881567,2.1418750965268236,1.0415799496353173,0.006694276515317248,1.89710096046444,2.1992591360624036,1.1183220023747666,0.6953601669060635,1.9047068113683119,0.9619539833002645,3.0242437965611053,1.0541558123857746,1.1823654091763605,0.9722631487844844,0.7741865869775632,0.09680803562814261,1.7817964634175383,1.0244622700496404,1.3577173154168056,0.08363857020418765,0.014245405585422338,2.9469840161572165},fitness=net.sf.jclec.fitness.SimpleValueFitness@13a57a3b[value=210.47207190937067]]
Median individual: net.sf.jclec.realarray.RealArrayIndividual@6a41eaa2[genotype={2.0050125883141723,3.0385717051922656,0.04556378250334976,1.0905600988089335,2.204101326936877,2.009709887445805,0.9626872086658612,0.009885170729181698,0.1089435201775099,3.193501762172368,1.0415799496353173,0.006694276515317248,1.1561585264620853,1.0518669200542532,1.1183220023747666,0.10545368769309338,1.9047068113683119,0.9619539833002645,0.3239476673684726,1.0541558123857746,1.1823654091763605,1.1416110445287075,0.7741865869775632,2.132828042435546,1.7817964634175383,1.0244622700496404,0.08069287520049766,0.08363857020418765,0.012106254430772736,0.06974853228897382},fitness=net.sf.jclec.fitness.SimpleValueFitness@6d4b1c02[value=135.8682174882392]]
Average fitness = 165.66236749002488
Fitness variance = 437.4603580388248
Generation 30 Report
Best individual: net.sf.jclec.realarray.RealArrayIndividual@60285225[genotype={2.0050125883141723,1.8835417855572067,0.04556378250334976,1.0905600988089335,0.11462107709699454,2.009709887445805,0.9626872086658612,0.009885170729181698,0.1089435201775099,1.021283909500821,1.0415799496353173,0.006694276515317248,1.1561585264620853,1.0518669200542532,1.1183220023747666,0.10545368769309338,0.9084784826895765,0.9619539833002645,1.8701871904857192,1.9747629370113118,1.889231142039335,0.9969223270344434,1.0411929271294986,0.09680803562814261,1.7817964634175383,1.0244622700496404,0.08069287520049766,0.05054475355776271,0.012106254430772736,0.06974853228897382},fitness=net.sf.jclec.fitness.SimpleValueFitness@45820e51[value=78.86198531058115]]
Worst individual: net.sf.jclec.realarray.RealArrayIndividual@587d1d39[genotype={2.0050125883141723,1.158947148917396,0.04556378250334976,1.0905600988089335,0.10903328626725498,2.0325982242512994,0.1518632670208242,2.9871897963287046,0.1089435201775099,1.021283909500821,1.0415799496353173,0.006694276515317248,1.89710096046444,1.0518669200542532,1.1183220023747666,0.6953601669060635,1.9047068113683119,0.9619539833002645,3.0242437965611053,2.950509311510872,1.889231142039335,1.1416110445287075,1.1033235016188239,0.09680803562814261,1.7817964634175383,1.0244622700496404,0.08069287520049766,0.08363857020418765,0.012106254430772736,0.22221183905688272},fitness=net.sf.jclec.fitness.SimpleValueFitness@6b57696f[value=127.05252620244966]]
Median individual: net.sf.jclec.realarray.RealArrayIndividual@80503[genotype={2.0050125883141723,3.0385717051922656,0.04556378250334976,1.0905600988089335,0.11462107709699454,2.009709887445805,0.9626872086658612,0.009885170729181698,0.1089435201775099,1.021283909500821,1.0415799496353173,0.006694276515317248,1.2062524504425176,1.0518669200542532,1.1183220023747666,0.10545368769309338,0.9084784826895765,0.9619539833002645,1.8701871904857192,1.0541558123857746,1.889231142039335,0.9969223270344434,0.7741865869775632,2.132828042435546,1.7817964634175383,1.0244622700496404,0.08069287520049766,0.08363857020418765,0.014245405585422338,0.06974853228897382},fitness=net.sf.jclec.fitness.SimpleValueFitness@69a3d1d[value=97.46803044421858]]
Average fitness = 98.25791776380292
Fitness variance = 102.27307319876672
Generation 40 Report
Best individual: net.sf.jclec.realarray.RealArrayIndividual@120d6fe6[genotype={2.0050125883141723,0.8958536118627047,0.04556378250334976,1.0905600988089335,0.11462107709699454,2.009709887445805,0.9626872086658612,0.009885170729181698,0.1089435201775099,1.021283909500821,1.0415799496353173,0.006405965676205264,1.0023488992684446,1.0518669200542532,1.1183220023747666,0.10545368769309338,0.9084784826895765,0.9619539833002645,1.8701871904857192,1.0541558123857746,1.889231142039335,0.9969223270344434,1.0411929271294986,0.09680803562814261,0.9226101554479013,1.0244622700496404,0.08069287520049766,0.08363857020418765,0.014245405585422338,0.06974853228897382},fitness=net.sf.jclec.fitness.SimpleValueFitness@3444d69d[value=60.19596286695218]]
Worst individual: net.sf.jclec.realarray.RealArrayIndividual@25bbf683[genotype={2.0050125883141723,1.4355891116840056,0.04165946426244254,1.0905600988089335,0.11462107709699454,2.009709887445805,0.9626872086658612,0.009885170729181698,0.1089435201775099,1.5904443912392616,1.0407267053088103,0.006694276515317248,1.0023488992684446,1.0518669200542532,1.1183220023747666,0.10545368769309338,0.9084784826895765,0.9619539833002645,1.8701871904857192,1.0541558123857746,1.889231142039335,0.9969223270344434,0.016560043181116126,1.056494895754931,1.7778963461595008,1.0244622700496404,0.08069287520049766,0.08363857020418765,0.014245405585422338,0.06974853228897382},fitness=net.sf.jclec.fitness.SimpleValueFitness@7276c8cd[value=106.30547854198234]]
Median individual: net.sf.jclec.realarray.RealArrayIndividual@130f889[genotype={2.0050125883141723,1.8835417855572067,0.04556378250334976,1.0905600988089335,0.11462107709699454,2.009709887445805,0.9626872086658612,0.009885170729181698,0.1089435201775099,1.021283909500821,1.0415799496353173,0.006694276515317248,1.89710096046444,1.0518669200542532,1.1183220023747666,0.10545368769309338,0.9084784826895765,0.9619539833002645,1.8701871904857192,1.0541558123857746,1.889231142039335,0.9969223270344434,1.0411929271294986,0.09680803562814261,1.7817964634175383,1.0244622700496404,0.08069287520049766,0.08363857020418765,0.014245405585422338,0.06974853228897382},fitness=net.sf.jclec.fitness.SimpleValueFitness@2f490758[value=77.22733810298887]]
Average fitness = 71.9618483025733
Fitness variance = 38.44755411182359
Generation 50 Report
Best individual: net.sf.jclec.realarray.RealArrayIndividual@568bf312[genotype={2.0050125883141723,0.8958536118627047,0.02821685313257287,1.0905600988089335,0.11462107709699454,2.009709887445805,0.9626872086658612,0.009885170729181698,0.1089435201775099,1.021283909500821,1.0415799496353173,0.006694276515317248,1.0023488992684446,1.0518669200542532,1.0411351446969948,0.10545368769309338,0.9084784826895765,0.9619539833002645,1.8701871904857192,1.0090995202342254,1.9384309893715015,0.9969223270344434,0.016560043181116126,0.09680803562814261,0.9579926046057278,1.0244622700496404,0.08069287520049766,0.05054475355776271,0.012106254430772736,0.06974853228897382},fitness=net.sf.jclec.fitness.SimpleValueFitness@589b3632[value=52.44970364304852]]
Worst individual: net.sf.jclec.realarray.RealArrayIndividual@75f9eccc[genotype={2.0050125883141723,0.8958536118627047,0.04074906854248051,1.1441825113214115,0.11462107709699454,2.009709887445805,0.9626872086658612,0.009885170729181698,0.1089435201775099,1.005998055290358,1.2224879477788548,0.006407581126390162,1.0023488992684446,1.0518669200542532,1.0411351446969948,0.10545368769309338,0.9084784826895765,0.9619539833002645,1.8507794866298672,1.0541558123857746,1.889231142039335,0.9969223270344434,0.016560043181116126,0.09680803562814261,0.9226101554479013,1.0244622700496404,0.08069287520049766,0.05138631815358186,0.012106254430772736,0.06967678885061719},fitness=net.sf.jclec.fitness.SimpleValueFitness@4de5031f[value=66.90464675418983]]
Median individual: net.sf.jclec.realarray.RealArrayIndividual@6ab7a896[genotype={2.0050125883141723,0.8958536118627047,0.04074906854248051,1.0905600988089335,0.11462107709699454,2.009709887445805,0.9626872086658612,0.009885170729181698,0.1089435201775099,1.021283909500821,1.0415799496353173,0.006694276515317248,1.0023488992684446,1.0518669200542532,1.0411351446969948,0.10545368769309338,0.9084784826895765,0.9619539833002645,1.8701871904857192,1.0028018577610458,1.889231142039335,0.9969223270344434,0.016560043181116126,0.09680803562814261,0.9226101554479013,1.0244622700496404,0.08069287520049766,0.05054475355776271,0.012106254430772736,0.06974853228897382},fitness=net.sf.jclec.fitness.SimpleValueFitness@45dd4eda[value=54.737051768038825]]
Average fitness = 55.64934020529398
Fitness variance = 6.779903528037721
Generation 60 Report
Best individual: net.sf.jclec.realarray.RealArrayIndividual@3bb9a3ff[genotype={2.0050125883141723,0.9706642754942131,0.04074906854248051,1.0176911501854768,0.11462107709699454,2.009709887445805,0.9626872086658612,0.009885170729181698,0.1089435201775099,1.021283909500821,1.0415799496353173,0.006694276515317248,1.0023488992684446,1.0518669200542532,0.9672542794988392,0.099985983602553,0.996200103394722,0.9619539833002645,1.936072906334307,1.0541558123857746,1.9384309893715015,0.9969223270344434,0.016560043181116126,0.09680803562814261,0.9579926046057278,1.0244622700496404,0.08069287520049766,0.05138631815358186,0.014245405585422338,0.06974853228897382},fitness=net.sf.jclec.fitness.SimpleValueFitness@5af3afd9[value=45.85840065800056]]
Worst individual: net.sf.jclec.realarray.RealArrayIndividual@670002[genotype={2.0050125883141723,0.8958536118627047,0.04074906854248051,1.0176911501854768,0.31515140251141904,2.0325982242512994,0.9626872086658612,0.009885170729181698,0.1089435201775099,1.021283909500821,1.0415799496353173,0.006405965676205264,1.05056381119723,1.0518669200542532,1.0166669886956499,0.099985983602553,0.9084784826895765,0.9619539833002645,1.936072906334307,1.0541558123857746,1.9384309893715015,0.9969223270344434,0.01740492014772254,0.09680803562814261,0.9226101554479013,1.0244622700496404,0.08069287520049766,0.05054475355776271,0.014245405585422338,0.06974853228897382},fitness=net.sf.jclec.fitness.SimpleValueFitness@49c386c8[value=62.194327595557965]]
Median individual: net.sf.jclec.realarray.RealArrayIndividual@4facf68f[genotype={1.9979847239408166,0.9706642754942131,0.04074906854248051,1.0176911501854768,0.11462107709699454,2.009709887445805,0.9626872086658612,0.009885170729181698,0.1089435201775099,1.021283909500821,1.0415799496353173,0.006694276515317248,1.0023488992684446,1.0518669200542532,1.0411351446969948,0.10545368769309338,0.996200103394722,0.9619539833002645,1.8701871904857192,1.0090995202342254,1.9384309893715015,0.9969223270344434,0.016560043181116126,0.09680803562814261,0.9579926046057278,1.0244622700496404,0.08069287520049766,0.05054475355776271,0.014245405585422338,0.06974853228897382},fitness=net.sf.jclec.fitness.SimpleValueFitness@41e36e46[value=47.736075352297576]]
Average fitness = 49.837159606037766
Fitness variance = 3.803816307055058
Generation 70 Report
Best individual: net.sf.jclec.realarray.RealArrayIndividual@587e5365[genotype={2.006843965143767,1.0117631091413446,0.04074906854248051,1.0176911501854768,0.11462107709699454,2.009709887445805,0.9578568766990576,0.009885170729181698,0.1089435201775099,1.021283909500821,1.017345488411792,0.0066104046639090626,1.0023488992684446,0.9923340139785026,0.9672542794988392,0.09927572038004202,0.996200103394722,0.9619539833002645,1.936072906334307,1.0008345741772575,1.951833046628931,0.9969223270344434,0.016560043181116126,0.09680803562814261,1.0065364454540058,1.0097817245712006,0.08069287520049766,0.05138631815358186,0.014245405585422338,0.06974853228897382},fitness=net.sf.jclec.fitness.SimpleValueFitness@2de23121[value=43.59572974774203]]
Worst individual: net.sf.jclec.realarray.RealArrayIndividual@2f4948e4[genotype={2.0050125883141723,0.9706642754942131,0.04044597214237441,1.0176911501854768,0.11462107709699454,2.009709887445805,0.9626872086658612,0.009885170729181698,0.1089435201775099,1.021283909500821,1.0415799496353173,0.006694276515317248,1.0023488992684446,0.9923340139785026,1.0411351446969948,0.10545368769309338,0.9992452443008729,0.9619539833002645,1.936072906334307,1.0056927599669034,1.9311376106676181,0.9969223270344434,0.016560043181116126,0.09680803562814261,0.9579926046057278,1.0097817245712006,0.08055625928836577,0.05138631815358186,0.014245405585422338,0.06974853228897382},fitness=net.sf.jclec.fitness.SimpleValueFitness@10683d9d[value=45.05233937609526]]
Median individual: net.sf.jclec.realarray.RealArrayIndividual@3c46e67a[genotype={2.0050125883141723,0.9706642754942131,0.04074906854248051,1.0176911501854768,0.11462107709699454,2.009709887445805,0.9626872086658612,0.009885170729181698,0.1089435201775099,1.021283909500821,1.0081005382322723,0.0066104046639090626,1.0023488992684446,0.9923340139785026,1.0411351446969948,0.10545368769309338,0.996200103394722,0.9619539833002645,1.9387162819012613,1.0008345741772575,1.9384309893715015,0.9969223270344434,0.016560043181116126,0.09680803562814261,0.9579926046057278,1.0097817245712006,0.08069287520049766,0.05138631815358186,0.014245405585422338,0.06974853228897382},fitness=net.sf.jclec.fitness.SimpleValueFitness@206a70ef[value=44.439039041756274]]
Average fitness = 44.305929939374934
Fitness variance = 0.10436217117580782
Generation 80 Report
Best individual: net.sf.jclec.realarray.RealArrayIndividual@2b4bac49[genotype={2.0056623741776325,1.0117631091413446,0.02821685313257287,1.0176911501854768,0.1140353287805875,1.9862101643388148,0.9626872086658612,0.009885170729181698,0.1089435201775099,1.0180077116858557,1.0081005382322723,0.006694276515317248,1.0023488992684446,0.9923340139785026,0.9865409640215338,0.09927572038004202,0.996200103394722,0.9619539833002645,1.9387162819012613,1.0008345741772575,1.9513797434503168,0.9969223270344434,0.016560043181116126,0.09614228434984828,1.0007600829519692,1.0097817245712006,0.08069287520049766,0.05138631815358186,0.014245405585422338,0.06974853228897382},fitness=net.sf.jclec.fitness.SimpleValueFitness@3571b748[value=42.92799317109072]]
Worst individual: net.sf.jclec.realarray.RealArrayIndividual@37883b97[genotype={2.0050125883141723,0.9706642754942131,0.02821685313257287,1.0176911501854768,0.1140353287805875,2.009709887445805,0.9578568766990576,0.009885170729181698,0.1089435201775099,1.021283909500821,1.0081005382322723,0.006694276515317248,1.0020693084607901,0.9923340139785026,0.9672542794988392,0.09927572038004202,0.9992452443008729,0.9619539833002645,1.9387162819012613,1.0008345741772575,1.9513797434503168,0.9969223270344434,0.016560043181116126,0.09680803562814261,1.0065364454540058,1.0078573275254186,0.08245740357725853,0.05123804920228889,0.014245405585422338,0.06974853228897382},fitness=net.sf.jclec.fitness.SimpleValueFitness@4e3958e7[value=43.382365998464834]]
Median individual: net.sf.jclec.realarray.RealArrayIndividual@236e3f4e[genotype={2.0050125883141723,0.9706642754942131,0.04074906854248051,1.0176911501854768,0.1140353287805875,2.009709887445805,0.9626872086658612,0.009885170729181698,0.1089435201775099,1.0220190535029277,1.0081005382322723,0.006405965676205264,1.0023488992684446,0.9923340139785026,0.9865409640215338,0.09927572038004202,0.996200103394722,0.9619539833002645,1.936072906334307,1.0008345741772575,1.9513797434503168,0.9969223270344434,0.016560043181116126,0.09614228434984828,1.000831469989568,1.0097817245712006,0.08069287520049766,0.05138631815358186,0.014245405585422338,0.06974853228897382},fitness=net.sf.jclec.fitness.SimpleValueFitness@6bf0219d[value=43.32234954201358]]
Average fitness = 43.1533443285288
Fitness variance = 0.006994417552732557
Generation 90 Report
Best individual: net.sf.jclec.realarray.RealArrayIndividual@45099dd3[genotype={2.0050125883141723,1.0117631091413446,0.02821685313257287,1.0176911501854768,0.1140353287805875,1.986243452462677,1.0110436529892712,0.009885170729181698,0.1085077024085539,1.0180077116858557,1.0081005382322723,0.006694276515317248,1.0023488992684446,0.9923340139785026,0.9864939756012885,0.09927572038004202,0.996200103394722,0.9619539833002645,1.9387162819012613,1.0008345741772575,1.951833046628931,0.9968812753201588,0.016560043181116126,0.09614228434984828,1.0007600829519692,1.0078573275254186,0.08069287520049766,0.05138631815358186,0.014245405585422338,0.06974853228897382},fitness=net.sf.jclec.fitness.SimpleValueFitness@1ffaf86[value=42.73532297738423]]
Worst individual: net.sf.jclec.realarray.RealArrayIndividual@48f278eb[genotype={2.0050125883141723,1.0117631091413446,0.02821685313257287,1.0176911501854768,0.1140353287805875,1.9862101643388148,1.011220767719628,0.009965470779216704,0.1089435201775099,1.021283909500821,1.0081005382322723,0.006694276515317248,1.0023488992684446,0.9923340139785026,0.9865409640215338,0.09927572038004202,0.996200103394722,0.9619539833002645,1.9387162819012613,1.0008345741772575,1.9513797434503168,0.9969223270344434,0.016560043181116126,0.09680803562814261,1.000831469989568,1.0105184336372282,0.08069287520049766,0.05138631815358186,0.014245405585422338,0.06974853228897382},fitness=net.sf.jclec.fitness.SimpleValueFitness@a530d0a[value=42.832005780169794]]
Median individual: net.sf.jclec.realarray.RealArrayIndividual@6fd83fc1[genotype={2.0050125883141723,1.0117631091413446,0.02821685313257287,1.0176911501854768,0.1140353287805875,1.9862101643388148,1.011220767719628,0.009885170729181698,0.1089435201775099,1.0180077116858557,1.0081005382322723,0.006694276515317248,1.0023488992684446,0.9923340139785026,0.9864939756012885,0.09927572038004202,0.996200103394722,0.9619539833002645,1.9387162819012613,1.0008345741772575,1.9513797434503168,0.9969223270344434,0.016560043181116126,0.09614228434984828,1.0007600829519692,1.0078573275254186,0.08069287520049766,0.05123804920228889,0.014244943415906201,0.06974853228897382},fitness=net.sf.jclec.fitness.SimpleValueFitness@bae7dc0[value=42.757707691090296]]
Average fitness = 42.775756317686266
Fitness variance = 4.650846519780316E-4
Generation 100 Report
Best individual: net.sf.jclec.realarray.RealArrayIndividual@368247b9[genotype={2.0050125883141723,1.0117631091413446,0.02821685313257287,1.0176911501854768,0.1140353287805875,1.986243452462677,1.0110436529892712,0.009885170729181698,0.10850754994473316,1.0179982428920014,1.0081005382322723,0.006694276515317248,0.9925624280133171,0.9923396717816674,0.9865409640215338,0.09927572038004202,0.996200103394722,0.9619539833002645,1.9387162819012613,1.0008345741772575,1.951833046628931,0.9968812753201588,0.016560043181116126,0.09614228434984828,1.0007600829519692,1.0078573275254186,0.08069287520049766,0.05123804920228889,0.014245405585422338,0.06974853228897382},fitness=net.sf.jclec.fitness.SimpleValueFitness@1a942c18[value=42.72240557185172]]
Worst individual: net.sf.jclec.realarray.RealArrayIndividual@15bb5034[genotype={2.0050125883141723,1.0117631091413446,0.02821685313257287,1.0176911501854768,0.1140353287805875,1.9862101643388148,1.0110436529892712,0.009885170729181698,0.10850754994473316,1.0179982428920014,1.0081005382322723,0.006694276515317248,0.9925624280133171,0.9923340139785026,0.9864939756012885,0.09927572038004202,0.996200103394722,0.9619539833002645,1.9387162819012613,1.0008345741772575,1.951833046628931,0.9969223270344434,0.016560043181116126,0.09614228434984828,1.0008374647593592,1.0078573279910903,0.08069287520049766,0.05138631815358186,0.014245405585422338,0.06974853228897382},fitness=net.sf.jclec.fitness.SimpleValueFitness@2eae8e6e[value=42.72579499394921]]
Median individual: net.sf.jclec.realarray.RealArrayIndividual@710c2b53[genotype={2.0050125883141723,1.0117631091413446,0.02821685313257287,1.0176911501854768,0.1140353287805875,1.986243452462677,1.0110436529892712,0.009885170729181698,0.1085077024085539,1.0180077116858557,1.0081005382322723,0.006694276515317248,0.9925624280133171,0.9923340139785026,0.9864939756012885,0.09927572038004202,0.996200103394722,0.9619539833002645,1.9387162819012613,1.0008345741772575,1.951833046628931,0.9969223270344434,0.016560043181116126,0.09614228434984828,1.0007600829519692,1.0078573275254186,0.08069287520049766,0.05123804920228889,0.014245405585422338,0.06974853228897382},fitness=net.sf.jclec.fitness.SimpleValueFitness@14028087[value=42.72269269229659]]
Average fitness = 42.723174288301195
Fitness variance = 1.255483311979333E-6
Generation 110 Report
Best individual: net.sf.jclec.realarray.RealArrayIndividual@1a5b6f42[genotype={2.0050125883141723,1.0117631091413446,0.02821685313257287,1.0176914876880563,0.1140353287805875,1.986243452462677,1.0110436529892712,0.009885109184356231,0.1085077024085539,1.0179982428920014,1.008101899789007,0.006683201885718291,0.9925624280133171,0.9923340139785026,0.9865409640215338,0.09927572038004202,0.996200103394722,0.9619539833002645,1.9387162819012613,1.0008345741772575,1.951833046628931,0.9969246765813418,0.016560043181116126,0.0961026715083189,1.0007291001083667,1.0078569891449878,0.08069282599579486,0.0512318609472901,0.014245405585422338,0.06973399439419968},fitness=net.sf.jclec.fitness.SimpleValueFitness@32115b28[value=42.72042279217189]]
Worst individual: net.sf.jclec.realarray.RealArrayIndividual@3aa078fd[genotype={2.0050125883141723,1.0117631091413446,0.02821685313257287,1.0176914876880563,0.1140353287805875,1.9862101643388148,1.0110436529892712,0.009885109184356231,0.1085077024085539,1.0179982428920014,1.008101899789007,0.006694276515317248,0.9925624280133171,0.9923333390557151,0.9865409640215338,0.09927572038004202,0.996200103394722,0.9619539833002645,1.9387162819012613,1.0008345741772575,1.951833046628931,0.9969223270344434,0.016560043181116126,0.09614228434984828,1.0007291001083667,1.0078569891449878,0.08069287520049766,0.05123804920228889,0.0142436273147685,0.06974853228897382},fitness=net.sf.jclec.fitness.SimpleValueFitness@46d59067[value=42.72242541485452]]
Median individual: net.sf.jclec.realarray.RealArrayIndividual@24959ca4[genotype={2.0050125883141723,1.0117631091413446,0.028216859274742004,1.0176716817195957,0.1140353287805875,1.986243452462677,1.0110436529892712,0.009885109166698472,0.1085077024085539,1.0179982428920014,1.0081005382322723,0.006694276515317248,0.9925624280133171,0.9923333390557151,0.9865409640215338,0.09927572038004202,0.996200103394722,0.9619539650789041,1.9387162819012613,1.0008345741772575,1.951833046628931,0.9969220166854257,0.016560043181116126,0.09614238060823802,1.0007291001083667,1.0078573275254186,0.08069282599579486,0.05123804920228889,0.014245405585422338,0.06973399439419968},fitness=net.sf.jclec.fitness.SimpleValueFitness@5c86dbc5[value=42.72181566176487]]
Average fitness = 42.721895041307164
Fitness variance = 2.726271759456722E-7
Generation 120 Report
Best individual: net.sf.jclec.realarray.RealArrayIndividual@3224a577[genotype={2.0050125883141723,1.0117631091413446,0.028033334829848034,1.0176911501854768,0.11094082587185061,1.986243452462677,1.0110436529892712,0.009872346797344044,0.10789132336394054,1.0179982428920014,1.0080978275218462,0.006694276515317248,0.9925624280133171,0.9923340139785026,0.9864529151453653,0.09882321968616675,0.996200103394722,0.9619539833002645,1.9387162819012613,1.0008345741772575,1.951833046628931,0.9969246765813418,0.016560043181116126,0.09400568520538985,1.0007291001083667,1.0078569891449878,0.08042149295710378,0.0512318609472901,0.014245405585422338,0.06973399439419968},fitness=net.sf.jclec.fitness.SimpleValueFitness@748741cb[value=42.46773103635224]]
Worst individual: net.sf.jclec.realarray.RealArrayIndividual@4b7dc788[genotype={2.0050125883141723,1.0117631091413446,0.028206897051654113,1.0177164384078847,0.11406623922607553,1.986243452462677,1.0110436529892712,0.009885170729181698,0.1085077024085539,1.0179982428920014,1.0081005382322723,0.006694276515317248,0.9925624280133171,0.9923340139785026,0.9865409640215338,0.09927572038004202,0.9962070338183581,0.9619539833002645,1.9387162819012613,1.0008345741772575,1.951833046628931,0.9968812753201588,0.016560043181116126,0.0961026715083189,1.0007291001083667,1.0078569891449878,0.080692845002022,0.05094209810632119,0.014226884433284185,0.06973399439419968},fitness=net.sf.jclec.fitness.SimpleValueFitness@5170bcf4[value=42.71593422826238]]
Median individual: net.sf.jclec.realarray.RealArrayIndividual@6f6745d6[genotype={2.0050125883141723,1.0117631091413446,0.028216859274742004,1.017689708533341,0.1140353287805875,1.986243452462677,1.0110436529892712,0.009717360529588989,0.10763116793536062,1.0179982428920014,1.0080978275218462,0.006694276515317248,0.9925624280133171,0.9923340139785026,0.9865409640215338,0.09882321968616675,0.996200103394722,0.9619539833002645,1.9387162819012613,1.0008345488863764,1.951833046628931,0.9969246765813418,0.016560043181116126,0.0961026715083189,1.0007291001083667,1.0076092339920526,0.08069287520049766,0.05123804920228889,0.014245405585422338,0.06913619931455484},fitness=net.sf.jclec.fitness.SimpleValueFitness@4f704591[value=42.65123660912566]]
Average fitness = 42.66259928919794
Fitness variance = 0.0021259463132992096
Generation 130 Report
Best individual: net.sf.jclec.realarray.RealArrayIndividual@1fb19a0[genotype={2.0050125883141723,0.99826042123269,0.016560981550831473,1.0128906962119433,0.11094082587185061,1.9862607334538365,1.004415723912677,0.009872346797344044,0.10411013483299876,1.013646605313341,1.0081005382322723,0.006694276515317248,0.9925624280133171,0.9941774041701993,0.9865409640215338,0.09882321968616675,0.9962070338183581,0.9649161001799753,1.9466641528179742,1.0008345741772575,1.9524558979727409,0.997157779443847,0.016560043181116126,0.0961026715083189,1.0007291001083667,0.9925066836496681,0.06892451536119056,0.0512318609472901,0.014245405585422338,0.06790239351122862},fitness=net.sf.jclec.fitness.SimpleValueFitness@5a5338df[value=41.53060275607858]]
Worst individual: net.sf.jclec.realarray.RealArrayIndividual@418c5a9c[genotype={2.0050125883141723,1.0055274609674016,0.016560981550831473,1.0176911501854768,0.11094082587185061,1.983496504695363,1.0110436529892712,0.009885109184356231,0.10763116793536062,1.0169413175436393,1.0094225744028449,0.006694276515317248,0.9925624280133171,0.9928030312141448,0.9640879223159508,0.09882321968616675,0.9944286206615263,0.9619539833002645,1.9387162819012613,1.0008345741772575,1.951833046628931,0.9969223270344434,0.016560043181116126,0.09400568520538985,1.0222912365245311,1.0078569891449878,0.07805020059717475,0.0512318609472901,0.014265529622011221,0.06790239351122862},fitness=net.sf.jclec.fitness.SimpleValueFitness@5082d622[value=42.520312997697786]]
Median individual: net.sf.jclec.realarray.RealArrayIndividual@16eccb2e[genotype={2.0050125883141723,1.0106600323503652,0.028206897051654113,1.0176911501854768,0.11094082587185061,1.9862607334538365,1.0110436529892712,0.008710263838659053,0.10551923342773561,1.0179982428920014,1.0080978275218462,0.006694276515317248,0.9925624280133171,0.9923340139785026,0.9865409640215338,0.09895214665164677,0.996200103394722,0.9619539833002645,1.9387162819012613,1.0008345488863764,1.951833046628931,0.9968812753201588,0.016560043181116126,0.09262555496563302,1.0007291001083667,1.0078569891449878,0.08069287520049766,0.05123804920228889,0.014245405586260286,0.06790239351122862},fitness=net.sf.jclec.fitness.SimpleValueFitness@d771cc9[value=42.281262387464906]]
Average fitness = 42.109855587498345
Fitness variance = 0.03264043098806724
Generation 140 Report
Best individual: net.sf.jclec.realarray.RealArrayIndividual@289710d9[genotype={2.0038904805036175,1.0117631091413446,0.016560981550831473,1.0165647230727493,0.04781522925857121,1.986243452462677,1.0110436529892712,0.008710263838659053,0.09395520251673756,1.0169413175436393,1.0081005382322723,0.006694276515317248,0.9925624280133171,0.992174254137046,0.9865409640215338,0.09895214665164677,1.000859853614734,0.9619539833002645,1.9387162819012613,1.0008345741772575,1.951833046628931,0.9969223270344434,0.0,0.06151836603297961,1.0007291001083667,1.0078573275254186,0.06892451536119056,0.05123804920228889,0.014245405585422338,0.043914233710998334},fitness=net.sf.jclec.fitness.SimpleValueFitness@3da30852[value=38.01819386028265]]
Worst individual: net.sf.jclec.realarray.RealArrayIndividual@403f0a22[genotype={2.0050125883141723,1.0055274609674016,0.016560981550831473,1.0165647230727493,0.11094082587185061,1.9862607334538365,1.0110456133894175,0.008710263838659053,0.10501398788054428,1.0169413175436393,1.002573278707332,0.006868405857295609,0.9925624280133171,0.9923340139785026,0.9865409640215338,0.09895214665164677,0.996200103394722,0.9619539833002645,1.9387162819012613,1.0008345741772575,1.951833046628931,0.9969246765813418,0.016560043181116126,0.09262555496563302,1.0007291001083667,1.0078569891449878,0.06892451536119056,0.0512318609472901,0.014245405586260286,0.06747969939118673},fitness=net.sf.jclec.fitness.SimpleValueFitness@4c51cf28[value=41.74257264535963]]
Median individual: net.sf.jclec.realarray.RealArrayIndividual@68b32e3e[genotype={2.0050125883141723,1.0055274609674016,0.016560981550831473,1.018745838135975,0.11094082587185061,1.9862607334538365,1.0110456133894175,0.008710263838659053,0.07980556685077146,1.0169413175436393,1.0081005382322723,0.006694276515317248,0.9925624280133171,0.9923340139785026,0.9865409640215338,0.09882321968616675,1.0052605162628032,0.9619539833002645,1.9466641528179742,1.0008345741772575,1.951833046628931,0.9969223270344434,0.0,0.0961026715083189,1.0007291001083667,1.0078569891449878,0.06892451536119056,0.0512318609472901,0.014245405585422338,0.043914233710998334},fitness=net.sf.jclec.fitness.SimpleValueFitness@41709512[value=40.341380268438456]]
Average fitness = 39.82946521939012
Fitness variance = 0.45987909138852956
Generation 150 Report
Best individual: net.sf.jclec.realarray.RealArrayIndividual@7203c7ff[genotype={2.0038904805036175,1.0055274609674016,0.016560981550831473,1.0176914876880563,0.04781522925857121,1.986243452462677,1.0110436529892712,0.009967015871729289,0.0,1.0169413175436393,1.0081005382322723,0.006694276515317248,0.9925624280133171,0.992174254137046,0.9865409640215338,0.0,1.0052605162628032,0.9619539833002645,1.9569353884407505,1.0008345741772575,1.951833046628931,0.9969246765813418,0.016560043181116126,0.011123581435557459,1.0007291001083667,1.0078569891449878,0.06892451536119056,0.024115811489700566,0.014245405585422338,0.043914233710998334},fitness=net.sf.jclec.fitness.SimpleValueFitness@4b6690c0[value=33.069339946484035]]
Worst individual: net.sf.jclec.realarray.RealArrayIndividual@4758820d[genotype={2.0038904805036175,1.0117631091413446,0.016560981550831473,0.7220326315399354,0.09512362062935988,1.986243452462677,1.0110456133894175,0.008710263838659053,0.040186232988798656,1.0145143531667293,1.0081005382322723,0.006694276515317248,0.9925624280133171,0.9923340139785026,0.9872625236572997,0.03381848577637375,1.0052605162628032,0.9619539833002645,1.9569353884407505,1.0008345741772575,1.951833046628931,0.9968812753201588,0.017330073120122472,0.021047185060293412,1.0007291001083667,1.0078569891449878,0.06892451536119056,0.0,0.014245405585422338,0.023274091894290083},fitness=net.sf.jclec.fitness.SimpleValueFitness@28ec166e[value=45.76567796728574]]
Median individual: net.sf.jclec.realarray.RealArrayIndividual@5ef6ae06[genotype={2.0038904805036175,1.0055274609674016,0.016560981550831473,1.0176914876880563,0.04781522925857121,1.986243452462677,1.0110436529892712,0.008710263838659053,0.040186232988798656,1.0145143531667293,1.002573278707332,0.006694276515317248,0.9925624280133171,0.9923340139785026,0.9865409640215338,0.03381848577637375,1.0052605162628032,0.9619539833002645,1.9387162819012613,1.0008345741772575,1.951833046628931,0.9969246765813418,0.017330073120122472,0.06151836603297961,1.0007291001083667,1.0072363154106005,0.06892451536119056,0.024115811489700566,0.014245405585422338,0.043914233710998334},fitness=net.sf.jclec.fitness.SimpleValueFitness@6e35bc3d[value=34.583033414879466]]
Average fitness = 34.684940608198986
Fitness variance = 1.7278606266784209
Generation 160 Report
Best individual: net.sf.jclec.realarray.RealArrayIndividual@26bab2f1[genotype={2.0050125883141723,1.0117631091413446,0.016560981550831473,1.018745838135975,0.04781522925857121,1.986243452462677,0.0,0.008710263838659053,0.0,1.0145143531667293,0.984721642059564,0.006868405857295609,0.9925624280133171,0.9928030312141448,0.9865409640215338,0.006237268534632967,1.0052605162628032,0.9627471846436602,1.9466641528179742,1.0008345741772575,1.951833046628931,0.05089362688757837,0.016560043181116126,0.011123581435557459,1.0007318599797161,1.0078569891449878,0.028403543471142365,0.024115811489700566,0.014245405585422338,0.023274091894290083},fitness=net.sf.jclec.fitness.SimpleValueFitness@68ead359[value=30.65735198950592]]
Worst individual: net.sf.jclec.realarray.RealArrayIndividual@8692d67[genotype={2.239146806193451,1.0055274609674016,0.016560981550831473,1.0176914876880563,0.04781522925857121,1.6559776178551515,1.0110436529892712,0.008710263838659053,0.0,1.0169413175436393,1.0081005382322723,0.006694276515317248,0.9925624280133171,0.9923340139785026,0.9872625236572997,0.0,1.0052605162628032,0.9619539833002645,1.9569353884407505,1.0008345741772575,1.951833046628931,0.9969246765813418,0.017330073120122472,0.0,1.0007318599797161,0.9679218945666035,0.0,0.024115811489700566,0.014245405585422338,0.0},fitness=net.sf.jclec.fitness.SimpleValueFitness@2f48b3d2[value=56.48960258365763]]
Median individual: net.sf.jclec.realarray.RealArrayIndividual@349c1daf[genotype={2.0038904805036175,1.0117631091413446,0.016560981550831473,1.0176914876880563,0.04781522925857121,1.986243452462677,1.0110436529892712,0.008710263838659053,0.0,1.0169413175436393,1.0081005382322723,0.006868405857295609,0.9925624280133171,0.9923340139785026,0.9872625236572997,0.0,1.0052605162628032,0.9619539833002645,1.9466641528179742,1.0008345741772575,1.951833046628931,0.9969246765813418,0.017330073120122472,0.011123581435557459,1.0007291001083667,1.0078569891449878,0.028403543471142365,0.024115811489700566,0.014245405585422338,0.0},fitness=net.sf.jclec.fitness.SimpleValueFitness@4b9df8a[value=32.105578987117]]
Average fitness = 32.929081872244545
Fitness variance = 9.921465981296933
Generation 170 Report
Best individual: net.sf.jclec.realarray.RealArrayIndividual@67ab1c47[genotype={2.0038904805036175,1.0055274609674016,0.016560981550831473,1.0176914876880563,0.0,1.986243452462677,0.0,0.009872346797344044,0.0,1.0169413175436393,0.984721642059564,0.0,0.9925624280133171,0.0,0.9865409640215338,0.0,0.996200103394722,0.9627471846436602,1.9569353884407505,1.0008345741772575,1.951833046628931,0.05089362688757837,0.016560043181116126,0.0,0.9977554729319181,1.0078569891449878,0.0,0.024115811489700566,0.014245405585422338,0.0},fitness=net.sf.jclec.fitness.SimpleValueFitness@30bcf3c1[value=28.698823446448618]]
Worst individual: net.sf.jclec.realarray.RealArrayIndividual@665df3c6[genotype={2.0038904805036175,1.0055274609674016,0.01685697897423154,1.0176914876880563,0.04781522925857121,1.9943558346468713,0.0,0.009872346797344044,0.0,0.28148841072216124,0.984721642059564,0.006694276515317248,0.9925624280133171,0.992174254137046,0.9865409640215338,0.0,1.0052605162628032,0.9627471846436602,1.9569353884407505,1.3044279520452826,1.951833046628931,0.9969246765813418,0.0,0.011123581435557459,0.9977554729319181,1.0072363154106005,0.0,0.024115811489700566,0.015392042386650984,0.0},fitness=net.sf.jclec.fitness.SimpleValueFitness@4044fb95[value=55.64569801856888]]
Median individual: net.sf.jclec.realarray.RealArrayIndividual@4c4d27c8[genotype={2.0038904805036175,1.0117631091413446,0.0,1.0176914876880563,0.0,1.986243452462677,0.0,0.009872346797344044,0.0,1.0169413175436393,0.984721642059564,0.006694276515317248,0.9925624280133171,0.9923340139785026,0.9865409640215338,0.0,1.0052605162628032,0.9627471846436602,1.9569353884407505,1.0008345741772575,1.951833046628931,0.9969246765813418,0.0,0.0,1.0007291001083667,1.0072363154106005,0.0,0.024115811489700566,0.014245405585422338,0.0},fitness=net.sf.jclec.fitness.SimpleValueFitness@338494fa[value=30.13806660901672]]
Average fitness = 31.245797031147152
Fitness variance = 15.96265043407675
Generation 180 Report
Best individual: net.sf.jclec.realarray.RealArrayIndividual@5ef0d29e[genotype={0.0,1.0117631091413446,0.0,1.018745838135975,0.0,1.0650143376253705,0.0,0.0,0.0,1.0169413175436393,0.984721642059564,0.006868405857295609,0.9925624280133171,0.0,0.9872625236572997,0.0,0.996200103394722,0.9627471846436602,1.9466641528179742,1.0008345741772575,1.951833046628931,0.0,0.0,0.0,1.0007291001083667,1.0078569891449878,0.0,0.024115811489700566,0.014245405585422338,0.0},fitness=net.sf.jclec.fitness.SimpleValueFitness@51850751[value=22.2252728792808]]
Worst individual: net.sf.jclec.realarray.RealArrayIndividual@f79a760[genotype={2.0050125883141723,1.0055274609674016,0.0,1.0176914876880563,0.0,1.0650143376253705,0.0,0.009872346797344044,0.0,1.0145143531667293,2.7410712694384376,0.0071663760196384535,0.9925624280133171,0.0,0.9872625236572997,0.0,0.996200103394722,0.9627471846436602,1.9569353884407505,0.0,1.951833046628931,0.0,0.0,0.0,1.0007291001083667,1.0078569891449878,0.0,0.024115811489700566,0.014245405585422338,0.0},fitness=net.sf.jclec.fitness.SimpleValueFitness@12dae582[value=42.11124301713035]]
Median individual: net.sf.jclec.realarray.RealArrayIndividual@2b491fee[genotype={2.0050125883141723,1.0117631091413446,0.01666435338246086,1.0176914876880563,0.0,1.986243452462677,0.0,0.009872346797344044,0.0,1.0169413175436393,0.984721642059564,0.006868405857295609,0.9925624280133171,0.0,0.9865409640215338,0.0,0.996200103394722,0.9627471846436602,1.9569353884407505,1.0008345741772575,1.951833046628931,0.0,0.0,0.0,1.0007291001083667,1.0078569891449878,0.0,0.024115811489700566,0.014245405585422338,0.0},fitness=net.sf.jclec.fitness.SimpleValueFitness@1c55f277[value=28.190351578815513]]
Average fitness = 27.315621070095162
Fitness variance = 5.021057690907355
Generation 190 Report
Best individual: net.sf.jclec.realarray.RealArrayIndividual@4204541c[genotype={0.0,1.0055274609674016,0.0,0.0,0.0,1.0650143376253705,0.0,0.0,0.0,1.0145143531667293,1.0081005382322723,0.006868405857295609,0.9925624280133171,0.0,0.0,0.0,0.996200103394722,0.0,1.9569353884407505,0.0,0.025746198780175478,0.008351001232357519,0.016560043181116126,0.0,0.0,0.0,0.0,0.024115811489700566,0.014245405585422338,0.0},fitness=net.sf.jclec.fitness.SimpleValueFitness@4602c2a9[value=11.623162676789462]]
Worst individual: net.sf.jclec.realarray.RealArrayIndividual@1d1f7216[genotype={2.0038904805036175,1.0117631091413446,0.0,0.0,0.0,1.0650143376253705,0.0,0.009872346797344044,0.0,1.0169413175436393,1.0081005382322723,0.006868405857295609,0.9925624280133171,0.0,0.9872625236572997,0.0,0.996200103394722,0.0,2.4195184962115994,0.0,1.951833046628931,0.0,0.0,0.011123581435557459,1.0007291001083667,1.0078569891449878,0.0,0.024115811489700566,0.014245405585422338,0.0},fitness=net.sf.jclec.fitness.SimpleValueFitness@6e16b8b5[value=43.24943137648286]]
Median individual: net.sf.jclec.realarray.RealArrayIndividual@5fd62371[genotype={0.0,1.0117631091413446,0.01666435338246086,0.0,0.0,1.0650143376253705,0.0,0.0,0.0,1.0145143531667293,1.0081005382322723,0.0071663760196384535,0.9925624280133171,0.0,0.9865409640215338,0.0,0.996200103394722,0.9627471846436602,1.9569353884407505,0.0,1.951833046628931,0.008351001232357519,0.0,0.011123581435557459,0.0,1.0078569891449878,0.0,0.024115811489700566,0.014245405585422338,0.0},fitness=net.sf.jclec.fitness.SimpleValueFitness@2b62442c[value=19.052497778610718]]
Average fitness = 20.29573610577833
Fitness variance = 31.269027030193627
Generation 200 Report
Best individual: net.sf.jclec.realarray.RealArrayIndividual@56db847e[genotype={0.0,1.0055274609674016,0.0,0.0,0.0,1.0650143376253705,0.0,0.0,0.0,0.0,0.0,0.0071663760196384535,0.0,0.0,0.0,0.0,0.996200103394722,0.0,0.0,0.0,0.0,0.008351001232357519,0.0,0.0,0.0,0.0,0.0,0.024115811489700566,0.014245405585422338,0.0},fitness=net.sf.jclec.fitness.SimpleValueFitness@560cbf1a[value=4.148860362251023]]
Worst individual: net.sf.jclec.realarray.RealArrayIndividual@1b0a7baf[genotype={0.0,1.4365233339588999,0.0,0.0,0.0,1.0650143376253705,0.0,0.0,0.0,1.0169413175436393,0.984721642059564,5.12,0.9925624280133171,0.0,0.9872625236572997,0.0,0.9622077633061213,0.0,0.0,0.0,0.025746198780175478,0.008351001232357519,0.016560043181116126,0.011123581435557459,0.0,0.0,0.0,0.024115811489700566,0.00704733749513822,0.0},fitness=net.sf.jclec.fitness.SimpleValueFitness@32057e6[value=57.82520768021692]]
Median individual: net.sf.jclec.realarray.RealArrayIndividual@4cc547a[genotype={0.0,1.0117631091413446,0.0,0.0,0.0,1.0650143376253705,0.0,0.0,0.0,1.0169413175436393,1.0081005382322723,0.006868405857295609,0.9925624280133171,0.0,0.0,0.0,0.996200103394722,0.0,0.0,0.0,0.0,0.008351001232357519,0.0,0.0,0.0,1.0078569891449878,0.0,0.024115811489700566,0.014245405585422338,0.0},fitness=net.sf.jclec.fitness.SimpleValueFitness@4152d38d[value=8.325922616420725]]
Average fitness = 10.300247348247819
Fitness variance = 44.68453902766046
Generation 210 Report
Best individual: net.sf.jclec.realarray.RealArrayIndividual@58a55449[genotype={0.0,0.0,0.0,0.0,0.0,0.0,0.0,0.0,0.0,0.0,0.0,0.006868405857295609,0.0,0.0,0.0,0.0,0.0,0.0,0.0,0.0,0.0,0.008351001232357519,0.0,0.0,0.0,0.0,0.0,0.024115811489700566,0.00704733749513822,0.0},fitness=net.sf.jclec.fitness.SimpleValueFitness@6e0ff644[value=0.1482016691445729]]
Worst individual: net.sf.jclec.realarray.RealArrayIndividual@23c388c2[genotype={0.0,1.0117631091413446,0.0,0.0,0.0,0.0,0.0,0.0,0.0,0.0,0.0,0.006868405857295609,1.4418028411729937,0.0,0.0,0.0,0.0,0.0,0.0,0.0,0.0,0.008351001232357519,0.0,0.0,0.0,0.0,0.0,0.024115811489700566,0.014245405585422338,0.0},fitness=net.sf.jclec.fitness.SimpleValueFitness@f713686[value=22.6472113761185]]
Median individual: net.sf.jclec.realarray.RealArrayIndividual@345e5a17[genotype={0.0,0.0,0.0,0.0,0.0,0.0,0.0,0.0,0.0,0.0,0.0,0.006868405857295609,0.0,0.0,0.0,0.0,0.996200103394722,0.0,0.0,0.0,0.0,0.008351001232357519,0.0,0.0,0.0,0.0,0.0,0.024115811489700566,0.00704733749513822,0.0},fitness=net.sf.jclec.fitness.SimpleValueFitness@443dbe42[value=1.1434663664005331]]
Average fitness = 1.905094667514276
Fitness variance = 6.45033374480351
Generation 220 Report
Best individual: net.sf.jclec.realarray.RealArrayIndividual@1a38ba58[genotype={0.0,0.0,0.0,0.0,0.0,0.0,0.0,0.0,0.0,0.0,0.0,0.0,0.0,0.0,0.0,0.0,0.0,0.0,0.0,0.0,0.0,0.0,0.0,0.0,0.0,0.0,0.0,0.0,0.0,0.0},fitness=net.sf.jclec.fitness.SimpleValueFitness@6058e535[value=0.0]]
Worst individual: net.sf.jclec.realarray.RealArrayIndividual@42deb43a[genotype={0.0,0.0,0.0,0.0,0.0,0.0,0.0,0.0,0.0,0.0,0.0,0.0071663760196384535,0.0,0.0,0.0,0.0,0.0,0.0,0.0,0.0,0.0,0.058023839492626496,0.0,0.0,0.0,0.0,0.0,0.0,0.0,0.0},fitness=net.sf.jclec.fitness.SimpleValueFitness@3bb9efbc[value=0.6707984071618487]]
Median individual: net.sf.jclec.realarray.RealArrayIndividual@35e52059[genotype={0.0,0.0,0.0,0.0,0.0,0.0,0.0,0.0,0.0,0.0,0.0,0.006868405857295609,0.0,0.0,0.0,0.0,0.0,0.0,0.0,0.0,0.0,0.0,0.0,0.0,0.0,0.0,0.0,0.0,0.0,0.0},fitness=net.sf.jclec.fitness.SimpleValueFitness@49bd54f7[value=0.009357701434252519]]
Average fitness = 0.02830067585721249
Fitness variance = 0.004727525063292399
Generation 230 Report
Best individual: net.sf.jclec.realarray.RealArrayIndividual@2392212b[genotype={0.0,0.0,0.0,0.0,0.0,0.0,0.0,0.0,0.0,0.0,0.0,0.0,0.0,0.0,0.0,0.0,0.0,0.0,0.0,0.0,0.0,0.0,0.0,0.0,0.0,0.0,0.0,0.0,0.0,0.0},fitness=net.sf.jclec.fitness.SimpleValueFitness@28f8e165[value=0.0]]
Worst individual: net.sf.jclec.realarray.RealArrayIndividual@2392212b[genotype={0.0,0.0,0.0,0.0,0.0,0.0,0.0,0.0,0.0,0.0,0.0,0.0,0.0,0.0,0.0,0.0,0.0,0.0,0.0,0.0,0.0,0.0,0.0,0.0,0.0,0.0,0.0,0.0,0.0,0.0},fitness=net.sf.jclec.fitness.SimpleValueFitness@28f8e165[value=0.0]]
Median individual: net.sf.jclec.realarray.RealArrayIndividual@3003697[genotype={0.0,0.0,0.0,0.0,0.0,0.0,0.0,0.0,0.0,0.0,0.0,0.0,0.0,0.0,0.0,0.0,0.0,0.0,0.0,0.0,0.0,0.0,0.0,0.0,0.0,0.0,0.0,0.0,0.0,0.0},fitness=net.sf.jclec.fitness.SimpleValueFitness@1d269ed7[value=0.0]]
Average fitness = 0.0
Fitness variance = 0.0
Generation 240 Report
Best individual: net.sf.jclec.realarray.RealArrayIndividual@78f9ed3e[genotype={0.0,0.0,0.0,0.0,0.0,0.0,0.0,0.0,0.0,0.0,0.0,0.0,0.0,0.0,0.0,0.0,0.0,0.0,0.0,0.0,0.0,0.0,0.0,0.0,0.0,0.0,0.0,0.0,0.0,0.0},fitness=net.sf.jclec.fitness.SimpleValueFitness@b0964b2[value=0.0]]
Worst individual: net.sf.jclec.realarray.RealArrayIndividual@78f9ed3e[genotype={0.0,0.0,0.0,0.0,0.0,0.0,0.0,0.0,0.0,0.0,0.0,0.0,0.0,0.0,0.0,0.0,0.0,0.0,0.0,0.0,0.0,0.0,0.0,0.0,0.0,0.0,0.0,0.0,0.0,0.0},fitness=net.sf.jclec.fitness.SimpleValueFitness@b0964b2[value=0.0]]
Median individual: net.sf.jclec.realarray.RealArrayIndividual@deb3b60[genotype={0.0,0.0,0.0,0.0,0.0,0.0,0.0,0.0,0.0,0.0,0.0,0.0,0.0,0.0,0.0,0.0,0.0,0.0,0.0,0.0,0.0,0.0,0.0,0.0,0.0,0.0,0.0,0.0,0.0,0.0},fitness=net.sf.jclec.fitness.SimpleValueFitness@39aa45a1[value=0.0]]
Average fitness = 0.0
Fitness variance = 0.0
Generation 250 Report
Best individual: net.sf.jclec.realarray.RealArrayIndividual@26a94fa5[genotype={0.0,0.0,0.0,0.0,0.0,0.0,0.0,0.0,0.0,0.0,0.0,0.0,0.0,0.0,0.0,0.0,0.0,0.0,0.0,0.0,0.0,0.0,0.0,0.0,0.0,0.0,0.0,0.0,0.0,0.0},fitness=net.sf.jclec.fitness.SimpleValueFitness@2873d672[value=0.0]]
Worst individual: net.sf.jclec.realarray.RealArrayIndividual@26a94fa5[genotype={0.0,0.0,0.0,0.0,0.0,0.0,0.0,0.0,0.0,0.0,0.0,0.0,0.0,0.0,0.0,0.0,0.0,0.0,0.0,0.0,0.0,0.0,0.0,0.0,0.0,0.0,0.0,0.0,0.0,0.0},fitness=net.sf.jclec.fitness.SimpleValueFitness@2873d672[value=0.0]]
Median individual: net.sf.jclec.realarray.RealArrayIndividual@4905c46b[genotype={0.0,0.0,0.0,0.0,0.0,0.0,0.0,0.0,0.0,0.0,0.0,0.0,0.0,0.0,0.0,0.0,0.0,0.0,0.0,0.0,0.0,0.0,0.0,0.0,0.0,0.0,0.0,0.0,0.0,0.0},fitness=net.sf.jclec.fitness.SimpleValueFitness@1136b469[value=0.0]]
Average fitness = 0.0
Fitness variance = 0.0
Generation 260 Report
Best individual: net.sf.jclec.realarray.RealArrayIndividual@783ec989[genotype={0.0,0.0,0.0,0.0,0.0,0.0,0.0,0.0,0.0,0.0,0.0,0.0,0.0,0.0,0.0,0.0,0.0,0.0,0.0,0.0,0.0,0.0,0.0,0.0,0.0,0.0,0.0,0.0,0.0,0.0},fitness=net.sf.jclec.fitness.SimpleValueFitness@f973499[value=0.0]]
Worst individual: net.sf.jclec.realarray.RealArrayIndividual@783ec989[genotype={0.0,0.0,0.0,0.0,0.0,0.0,0.0,0.0,0.0,0.0,0.0,0.0,0.0,0.0,0.0,0.0,0.0,0.0,0.0,0.0,0.0,0.0,0.0,0.0,0.0,0.0,0.0,0.0,0.0,0.0},fitness=net.sf.jclec.fitness.SimpleValueFitness@f973499[value=0.0]]
Median individual: net.sf.jclec.realarray.RealArrayIndividual@79a1728c[genotype={0.0,0.0,0.0,0.0,0.0,0.0,0.0,0.0,0.0,0.0,0.0,0.0,0.0,0.0,0.0,0.0,0.0,0.0,0.0,0.0,0.0,0.0,0.0,0.0,0.0,0.0,0.0,0.0,0.0,0.0},fitness=net.sf.jclec.fitness.SimpleValueFitness@41f35f7c[value=0.0]]
Average fitness = 0.0
Fitness variance = 0.0
Generation 270 Report
Best individual: net.sf.jclec.realarray.RealArrayIndividual@415156bf[genotype={0.0,0.0,0.0,0.0,0.0,0.0,0.0,0.0,0.0,0.0,0.0,0.0,0.0,0.0,0.0,0.0,0.0,0.0,0.0,0.0,0.0,0.0,0.0,0.0,0.0,0.0,0.0,0.0,0.0,0.0},fitness=net.sf.jclec.fitness.SimpleValueFitness@4af46df3[value=0.0]]
Worst individual: net.sf.jclec.realarray.RealArrayIndividual@415156bf[genotype={0.0,0.0,0.0,0.0,0.0,0.0,0.0,0.0,0.0,0.0,0.0,0.0,0.0,0.0,0.0,0.0,0.0,0.0,0.0,0.0,0.0,0.0,0.0,0.0,0.0,0.0,0.0,0.0,0.0,0.0},fitness=net.sf.jclec.fitness.SimpleValueFitness@4af46df3[value=0.0]]
Median individual: net.sf.jclec.realarray.RealArrayIndividual@51dbd6e4[genotype={0.0,0.0,0.0,0.0,0.0,0.0,0.0,0.0,0.0,0.0,0.0,0.0,0.0,0.0,0.0,0.0,0.0,0.0,0.0,0.0,0.0,0.0,0.0,0.0,0.0,0.0,0.0,0.0,0.0,0.0},fitness=net.sf.jclec.fitness.SimpleValueFitness@5f13be1[value=0.0]]
Average fitness = 0.0
Fitness variance = 0.0
Generation 280 Report
Best individual: net.sf.jclec.realarray.RealArrayIndividual@4567e53d[genotype={0.0,0.0,0.0,0.0,0.0,0.0,0.0,0.0,0.0,0.0,0.0,0.0,0.0,0.0,0.0,0.0,0.0,0.0,0.0,0.0,0.0,0.0,0.0,0.0,0.0,0.0,0.0,0.0,0.0,0.0},fitness=net.sf.jclec.fitness.SimpleValueFitness@5bb7643d[value=0.0]]
Worst individual: net.sf.jclec.realarray.RealArrayIndividual@38a1c423[genotype={0.0,0.0,0.0,0.0,0.0,0.0,0.0,0.0,0.0,0.0,0.0,5.12,0.0,0.0,0.0,0.0,0.0,0.0,0.0,0.0,0.0,0.0,0.0,0.0,0.0,0.0,0.0,0.0,0.0,0.0},fitness=net.sf.jclec.fitness.SimpleValueFitness@38eb2fb0[value=28.924713725785896]]
Median individual: net.sf.jclec.realarray.RealArrayIndividual@29c2c826[genotype={0.0,0.0,0.0,0.0,0.0,0.0,0.0,0.0,0.0,0.0,0.0,0.0,0.0,0.0,0.0,0.0,0.0,0.0,0.0,0.0,0.0,0.0,0.0,0.0,0.0,0.0,0.0,0.0,0.0,0.0},fitness=net.sf.jclec.fitness.SimpleValueFitness@6818d900[value=0.0]]
Average fitness = 1.1569885490314358
Fitness variance = 32.12694006215681
Generation 290 Report
Best individual: net.sf.jclec.realarray.RealArrayIndividual@10667848[genotype={0.0,0.0,0.0,0.0,0.0,0.0,0.0,0.0,0.0,0.0,0.0,0.0,0.0,0.0,0.0,0.0,0.0,0.0,0.0,0.0,0.0,0.0,0.0,0.0,0.0,0.0,0.0,0.0,0.0,0.0},fitness=net.sf.jclec.fitness.SimpleValueFitness@77c7ed8e[value=0.0]]
Worst individual: net.sf.jclec.realarray.RealArrayIndividual@33b082c5[genotype={0.0,0.0,0.0,5.12,0.0,0.0,0.0,0.0,0.0,0.0,0.0,0.0,0.0,0.0,0.0,0.0,0.0,0.0,0.0,0.0,0.0,0.0,0.0,0.0,0.0,0.0,0.0,0.0,0.0,0.0},fitness=net.sf.jclec.fitness.SimpleValueFitness@1cc9cfb2[value=28.924713725785896]]
Median individual: net.sf.jclec.realarray.RealArrayIndividual@8d7b252[genotype={0.0,0.0,0.0,0.0,0.0,0.0,0.0,0.0,0.0,0.0,0.0,0.0,0.0,0.0,0.0,0.0,0.0,0.0,0.0,0.0,0.0,0.0,0.0,0.0,0.0,0.0,0.0,0.0,0.0,0.0},fitness=net.sf.jclec.fitness.SimpleValueFitness@6d9fb2d1[value=0.0]]
Average fitness = 0.28924713725785894
Fitness variance = 8.282726734774803
Generation 300 Report
Best individual: net.sf.jclec.realarray.RealArrayIndividual@1b7cae6f[genotype={0.0,0.0,0.0,0.0,0.0,0.0,0.0,0.0,0.0,0.0,0.0,0.0,0.0,0.0,0.0,0.0,0.0,0.0,0.0,0.0,0.0,0.0,0.0,0.0,0.0,0.0,0.0,0.0,0.0,0.0},fitness=net.sf.jclec.fitness.SimpleValueFitness@d5ce97f[value=0.0]]
Worst individual: net.sf.jclec.realarray.RealArrayIndividual@51351f28[genotype={0.0,0.0,0.0,0.0,0.0,0.0,0.0,5.12,0.0,0.0,0.0,0.0,0.0,0.0,0.0,0.0,0.0,0.0,0.0,0.0,0.0,0.0,0.0,0.0,0.0,0.0,0.0,0.0,0.0,0.0},fitness=net.sf.jclec.fitness.SimpleValueFitness@15f2eda3[value=28.924713725785896]]
Median individual: net.sf.jclec.realarray.RealArrayIndividual@e1e2e5e[genotype={0.0,0.0,0.0,0.0,0.0,0.0,0.0,0.0,0.0,0.0,0.0,0.0,0.0,0.0,0.0,0.0,0.0,0.0,0.0,0.0,0.0,0.0,0.0,0.0,0.0,0.0,0.0,0.0,0.0,0.0},fitness=net.sf.jclec.fitness.SimpleValueFitness@37864b77[value=0.0]]
Average fitness = 0.8677414117735769
Fitness variance = 24.346196765853207
Generation 310 Report
Best individual: net.sf.jclec.realarray.RealArrayIndividual@7fb33394[genotype={0.0,0.0,0.0,0.0,0.0,0.0,0.0,0.0,0.0,0.0,0.0,0.0,0.0,0.0,0.0,0.0,0.0,0.0,0.0,0.0,0.0,0.0,0.0,0.0,0.0,0.0,0.0,0.0,0.0,0.0},fitness=net.sf.jclec.fitness.SimpleValueFitness@1a891add[value=0.0]]
Worst individual: net.sf.jclec.realarray.RealArrayIndividual@cb03411[genotype={0.0,0.0,0.0,0.0,0.0,0.0,0.0,5.12,0.0,0.0,0.0,0.0,0.0,0.0,0.0,0.0,0.0,0.0,0.0,0.0,0.0,0.0,0.0,0.0,0.0,5.12,0.0,0.0,0.0,0.0},fitness=net.sf.jclec.fitness.SimpleValueFitness@58ec7116[value=57.84942745157179]]
Median individual: net.sf.jclec.realarray.RealArrayIndividual@3e84111a[genotype={0.0,0.0,0.0,0.0,0.0,0.0,0.0,0.0,0.0,0.0,0.0,0.0,0.0,0.0,0.0,0.0,0.0,0.0,0.0,0.0,0.0,0.0,0.0,0.0,0.0,0.0,0.0,0.0,0.0,0.0},fitness=net.sf.jclec.fitness.SimpleValueFitness@6fa69af7[value=0.0]]
Average fitness = 3.4709656470943075
Fitness variance = 121.8146477356779
Generation 320 Report
Best individual: net.sf.jclec.realarray.RealArrayIndividual@3d278b4d[genotype={0.0,0.0,0.0,0.0,0.0,0.0,0.0,0.0,0.0,0.0,0.0,0.0,0.0,0.0,0.0,0.0,0.0,0.0,0.0,0.0,0.0,0.0,0.0,0.0,0.0,0.0,0.0,0.0,0.0,0.0},fitness=net.sf.jclec.fitness.SimpleValueFitness@9d3c67[value=0.0]]
Worst individual: net.sf.jclec.realarray.RealArrayIndividual@16a49a5d[genotype={0.0,0.0,0.0,0.0,0.0,0.0,0.0,0.0,0.0,0.0,0.0,0.0,0.0,0.0,5.12,0.0,0.0,0.0,0.0,0.0,0.0,0.0,0.0,0.0,0.0,0.0,5.12,0.0,0.0,0.0},fitness=net.sf.jclec.fitness.SimpleValueFitness@23706db8[value=57.84942745157179]]
Median individual: net.sf.jclec.realarray.RealArrayIndividual@52d6cd34[genotype={0.0,0.0,0.0,0.0,0.0,0.0,0.0,0.0,0.0,0.0,0.0,0.0,0.0,0.0,0.0,0.0,0.0,0.0,0.0,0.0,0.0,0.0,0.0,0.0,0.0,0.0,0.0,0.0,0.0,0.0},fitness=net.sf.jclec.fitness.SimpleValueFitness@27b2faa6[value=0.0]]
Average fitness = 2.8924713725785898
Fitness variance = 108.76307833542668
Generation 330 Report
Best individual: net.sf.jclec.realarray.RealArrayIndividual@5d5160e6[genotype={0.0,0.0,0.0,0.0,0.0,0.0,0.0,0.0,0.0,0.0,0.0,0.0,0.0,0.0,0.0,0.0,0.0,0.0,0.0,0.0,0.0,0.0,0.0,0.0,0.0,0.0,0.0,0.0,0.0,0.0},fitness=net.sf.jclec.fitness.SimpleValueFitness@2903c6ff[value=0.0]]
Worst individual: net.sf.jclec.realarray.RealArrayIndividual@77eb5790[genotype={0.0,0.0,0.0,0.0,0.0,0.0,0.0,0.0,0.0,0.0,0.0,0.0,0.0,0.0,0.0,5.12,0.0,0.0,0.0,0.0,0.0,0.0,5.12,0.0,0.0,0.0,0.0,0.0,0.0,0.0},fitness=net.sf.jclec.fitness.SimpleValueFitness@319c3a25[value=57.84942745157179]]
Median individual: net.sf.jclec.realarray.RealArrayIndividual@706fe5c6[genotype={0.0,0.0,0.0,0.0,0.0,0.0,0.0,0.0,0.0,0.0,0.0,0.0,0.0,0.0,0.0,0.0,0.0,0.0,0.0,0.0,0.0,0.0,0.0,0.0,0.0,0.0,0.0,0.0,0.0,0.0},fitness=net.sf.jclec.fitness.SimpleValueFitness@56380231[value=0.0]]
Average fitness = 2.8924713725785898
Fitness variance = 108.76307833542668
Generation 340 Report
Best individual: net.sf.jclec.realarray.RealArrayIndividual@e042c99[genotype={0.0,0.0,0.0,0.0,0.0,0.0,0.0,0.0,0.0,0.0,0.0,0.0,0.0,0.0,0.0,0.0,0.0,0.0,0.0,0.0,0.0,0.0,0.0,0.0,0.0,0.0,0.0,0.0,0.0,0.0},fitness=net.sf.jclec.fitness.SimpleValueFitness@42b6d0cc[value=0.0]]
Worst individual: net.sf.jclec.realarray.RealArrayIndividual@38aafb53[genotype={0.0,0.0,0.0,0.0,0.0,5.12,0.0,0.0,0.0,0.0,0.0,0.0,0.0,0.0,0.0,0.0,0.0,0.0,0.0,0.0,0.0,0.0,0.0,0.0,0.0,5.12,0.0,0.0,0.0,0.0},fitness=net.sf.jclec.fitness.SimpleValueFitness@67f3d192[value=57.84942745157179]]
Median individual: net.sf.jclec.realarray.RealArrayIndividual@3b4d50b[genotype={0.0,0.0,0.0,0.0,0.0,0.0,0.0,0.0,0.0,0.0,0.0,0.0,0.0,0.0,0.0,0.0,0.0,0.0,0.0,0.0,0.0,0.0,0.0,0.0,0.0,0.0,0.0,0.0,0.0,0.0},fitness=net.sf.jclec.fitness.SimpleValueFitness@476ee5b3[value=0.0]]
Average fitness = 2.0247299608050127
Fitness variance = 87.93076563887189
Generation 350 Report
Best individual: net.sf.jclec.realarray.RealArrayIndividual@2e8a1ab4[genotype={0.0,0.0,0.0,0.0,0.0,0.0,0.0,0.0,0.0,0.0,0.0,0.0,0.0,0.0,0.0,0.0,0.0,0.0,0.0,0.0,0.0,0.0,0.0,0.0,0.0,0.0,0.0,0.0,0.0,0.0},fitness=net.sf.jclec.fitness.SimpleValueFitness@1aabf50d[value=0.0]]
Worst individual: net.sf.jclec.realarray.RealArrayIndividual@1292071f[genotype={0.0,0.0,0.0,0.0,0.0,0.0,0.0,0.0,0.0,0.0,0.0,0.0,0.0,0.0,0.0,0.0,0.0,0.0,0.0,0.0,0.0,0.0,0.0,5.12,0.0,5.12,0.0,0.0,0.0,0.0},fitness=net.sf.jclec.fitness.SimpleValueFitness@b606cb6[value=57.84942745157179]]
Median individual: net.sf.jclec.realarray.RealArrayIndividual@7aac8884[genotype={0.0,0.0,0.0,0.0,0.0,0.0,0.0,0.0,0.0,0.0,0.0,0.0,0.0,0.0,0.0,0.0,0.0,0.0,0.0,0.0,0.0,0.0,0.0,0.0,0.0,0.0,0.0,0.0,0.0,0.0},fitness=net.sf.jclec.fitness.SimpleValueFitness@5b852b49[value=0.0]]
Average fitness = 3.181718509836449
Fitness variance = 132.1053082243375
Generation 360 Report
Best individual: net.sf.jclec.realarray.RealArrayIndividual@118ffcfd[genotype={0.0,0.0,0.0,0.0,0.0,0.0,0.0,0.0,0.0,0.0,0.0,0.0,0.0,0.0,0.0,0.0,0.0,0.0,0.0,0.0,0.0,0.0,0.0,0.0,0.0,0.0,0.0,0.0,0.0,0.0},fitness=net.sf.jclec.fitness.SimpleValueFitness@74174a23[value=0.0]]
Worst individual: net.sf.jclec.realarray.RealArrayIndividual@54e2fe[genotype={0.0,0.0,0.0,0.0,0.0,0.0,0.0,0.0,0.0,0.0,0.0,0.0,0.0,5.12,0.0,0.0,0.0,0.0,0.0,0.0,0.0,0.0,0.0,0.0,0.0,5.12,0.0,0.0,0.0,0.0},fitness=net.sf.jclec.fitness.SimpleValueFitness@119aa36[value=57.84942745157179]]
Median individual: net.sf.jclec.realarray.RealArrayIndividual@6ad16c5d[genotype={0.0,0.0,0.0,0.0,0.0,0.0,0.0,0.0,0.0,0.0,0.0,0.0,0.0,0.0,0.0,0.0,0.0,0.0,0.0,0.0,0.0,0.0,0.0,0.0,0.0,0.0,0.0,0.0,0.0,0.0},fitness=net.sf.jclec.fitness.SimpleValueFitness@6f911326[value=0.0]]
Average fitness = 3.181718509836449
Fitness variance = 98.63974565959082
Generation 370 Report
Best individual: net.sf.jclec.realarray.RealArrayIndividual@445bb139[genotype={0.0,0.0,0.0,0.0,0.0,0.0,0.0,0.0,0.0,0.0,0.0,0.0,0.0,0.0,0.0,0.0,0.0,0.0,0.0,0.0,0.0,0.0,0.0,0.0,0.0,0.0,0.0,0.0,0.0,0.0},fitness=net.sf.jclec.fitness.SimpleValueFitness@7a81065e[value=0.0]]
Worst individual: net.sf.jclec.realarray.RealArrayIndividual@378f002a[genotype={0.0,0.0,0.0,0.0,0.0,0.0,5.12,0.0,0.0,0.0,0.0,0.0,0.0,0.0,0.0,0.0,0.0,0.0,0.0,0.0,0.0,0.0,0.0,0.0,0.0,0.0,0.0,5.12,0.0,0.0},fitness=net.sf.jclec.fitness.SimpleValueFitness@2cc75074[value=57.84942745157179]]
Median individual: net.sf.jclec.realarray.RealArrayIndividual@7f93dd4e[genotype={0.0,0.0,0.0,0.0,0.0,0.0,0.0,0.0,0.0,0.0,0.0,0.0,0.0,0.0,0.0,0.0,0.0,0.0,0.0,0.0,0.0,0.0,0.0,0.0,0.0,0.0,0.0,0.0,0.0,0.0},fitness=net.sf.jclec.fitness.SimpleValueFitness@3ad85136[value=0.0]]
Average fitness = 2.8924713725785898
Fitness variance = 108.7630783354267
Generation 380 Report
Best individual: net.sf.jclec.realarray.RealArrayIndividual@7f6874f2[genotype={0.0,0.0,0.0,0.0,0.0,0.0,0.0,0.0,0.0,0.0,0.0,0.0,0.0,0.0,0.0,0.0,0.0,0.0,0.0,0.0,0.0,0.0,0.0,0.0,0.0,0.0,0.0,0.0,0.0,0.0},fitness=net.sf.jclec.fitness.SimpleValueFitness@697a34af[value=0.0]]
Worst individual: net.sf.jclec.realarray.RealArrayIndividual@17461db[genotype={0.0,0.0,0.0,0.0,0.0,0.0,0.0,5.12,0.0,0.0,0.0,0.0,0.0,0.0,0.0,0.0,0.0,5.12,5.12,0.0,0.0,0.0,0.0,0.0,0.0,0.0,0.0,0.0,0.0,0.0},fitness=net.sf.jclec.fitness.SimpleValueFitness@4e682398[value=86.77414117735769]]
Median individual: net.sf.jclec.realarray.RealArrayIndividual@4b0b64cc[genotype={0.0,0.0,0.0,0.0,0.0,0.0,0.0,0.0,0.0,0.0,0.0,0.0,0.0,0.0,0.0,0.0,0.0,0.0,0.0,0.0,0.0,0.0,0.0,0.0,0.0,0.0,0.0,0.0,0.0,0.0},fitness=net.sf.jclec.fitness.SimpleValueFitness@4860827a[value=0.0]]
Average fitness = 6.0741898824150375
Fitness variance = 255.92788971390024
Generation 390 Report
Best individual: net.sf.jclec.realarray.RealArrayIndividual@37637a24[genotype={0.0,0.0,0.0,0.0,0.0,0.0,0.0,0.0,0.0,0.0,0.0,0.0,0.0,0.0,0.0,0.0,0.0,0.0,0.0,0.0,0.0,0.0,0.0,0.0,0.0,0.0,0.0,0.0,0.0,0.0},fitness=net.sf.jclec.fitness.SimpleValueFitness@770beef5[value=0.0]]
Worst individual: net.sf.jclec.realarray.RealArrayIndividual@4fb392c4[genotype={0.0,0.0,0.0,0.0,0.0,5.12,0.0,0.0,0.0,0.0,0.0,0.0,0.0,0.0,0.0,0.0,0.0,0.0,5.12,0.0,0.0,0.0,0.0,0.0,0.0,0.0,0.0,0.0,0.0,0.0},fitness=net.sf.jclec.fitness.SimpleValueFitness@54d1608f[value=57.84942745157179]]
Median individual: net.sf.jclec.realarray.RealArrayIndividual@1e1b061[genotype={0.0,0.0,0.0,0.0,0.0,0.0,0.0,0.0,0.0,0.0,0.0,0.0,0.0,0.0,0.0,0.0,0.0,0.0,0.0,0.0,0.0,0.0,0.0,0.0,0.0,0.0,0.0,0.0,0.0,0.0},fitness=net.sf.jclec.fitness.SimpleValueFitness@4a8e6e89[value=0.0]]
Average fitness = 3.7602127843521673
Fitness variance = 111.35665943419454
Generation 400 Report
Best individual: net.sf.jclec.realarray.RealArrayIndividual@462abec3[genotype={0.0,0.0,0.0,0.0,0.0,0.0,0.0,0.0,0.0,0.0,0.0,0.0,0.0,0.0,0.0,0.0,0.0,0.0,0.0,0.0,0.0,0.0,0.0,0.0,0.0,0.0,0.0,0.0,0.0,0.0},fitness=net.sf.jclec.fitness.SimpleValueFitness@7a4d582c[value=0.0]]
Worst individual: net.sf.jclec.realarray.RealArrayIndividual@3ddeaa5f[genotype={0.0,0.0,0.0,0.0,0.0,0.0,0.0,0.0,0.0,0.0,0.0,0.0,5.12,0.0,0.0,5.12,0.0,0.0,5.12,5.12,0.0,0.0,0.0,0.0,0.0,0.0,0.0,0.0,0.0,0.0},fitness=net.sf.jclec.fitness.SimpleValueFitness@7f608e21[value=115.69885490314358]]
Median individual: net.sf.jclec.realarray.RealArrayIndividual@51ab1ee3[genotype={0.0,0.0,0.0,0.0,0.0,0.0,0.0,0.0,0.0,0.0,0.0,0.0,0.0,0.0,0.0,0.0,0.0,0.0,0.0,0.0,0.0,0.0,0.0,0.0,0.0,0.0,0.0,0.0,0.0,0.0},fitness=net.sf.jclec.fitness.SimpleValueFitness@3003e580[value=0.0]]
Average fitness = 3.4709656470943075
Fitness variance = 238.94411671229128
Generation 410 Report
Best individual: net.sf.jclec.realarray.RealArrayIndividual@5034f5dd[genotype={0.0,0.0,0.0,0.0,0.0,0.0,0.0,0.0,0.0,0.0,0.0,0.0,0.0,0.0,0.0,0.0,0.0,0.0,0.0,0.0,0.0,0.0,0.0,0.0,0.0,0.0,0.0,0.0,0.0,0.0},fitness=net.sf.jclec.fitness.SimpleValueFitness@6a916402[value=0.0]]
Worst individual: net.sf.jclec.realarray.RealArrayIndividual@748f93bb[genotype={0.0,0.0,0.0,0.0,0.0,0.0,0.0,5.12,0.0,0.0,0.0,5.12,0.0,0.0,0.0,0.0,0.0,0.0,5.12,0.0,0.0,0.0,0.0,0.0,0.0,0.0,0.0,0.0,0.0,0.0},fitness=net.sf.jclec.fitness.SimpleValueFitness@2e7157c7[value=86.77414117735769]]
Median individual: net.sf.jclec.realarray.RealArrayIndividual@3667faa8[genotype={0.0,0.0,0.0,0.0,0.0,0.0,0.0,0.0,0.0,0.0,0.0,0.0,0.0,0.0,0.0,0.0,0.0,0.0,0.0,0.0,0.0,0.0,0.0,0.0,0.0,0.0,0.0,0.0,0.0,0.0},fitness=net.sf.jclec.fitness.SimpleValueFitness@3138953b[value=0.0]]
Average fitness = 6.652684156930755
Fitness variance = 298.76380979677594
Generation 420 Report
Best individual: net.sf.jclec.realarray.RealArrayIndividual@36c2d629[genotype={0.0,0.0,0.0,0.0,0.0,0.0,0.0,0.0,0.0,0.0,0.0,0.0,0.0,0.0,0.0,0.0,0.0,0.0,0.0,0.0,0.0,0.0,0.0,0.0,0.0,0.0,0.0,0.0,0.0,0.0},fitness=net.sf.jclec.fitness.SimpleValueFitness@54089484[value=0.0]]
Worst individual: net.sf.jclec.realarray.RealArrayIndividual@21b6c9c2[genotype={5.12,0.0,0.0,0.0,0.0,0.0,0.0,0.0,0.0,0.0,0.0,0.0,0.0,0.0,0.0,0.0,0.0,0.0,0.0,0.0,5.12,0.0,0.0,0.0,5.12,0.0,0.0,0.0,0.0,0.0},fitness=net.sf.jclec.fitness.SimpleValueFitness@3b95a6db[value=86.77414117735769]]
Median individual: net.sf.jclec.realarray.RealArrayIndividual@1bf14704[genotype={0.0,0.0,0.0,0.0,0.0,0.0,0.0,0.0,0.0,0.0,0.0,0.0,0.0,0.0,0.0,0.0,0.0,0.0,0.0,0.0,0.0,0.0,0.0,0.0,0.0,0.0,0.0,0.0,0.0,0.0},fitness=net.sf.jclec.fitness.SimpleValueFitness@2be21396[value=0.0]]
Average fitness = 4.049459921610026
Fitness variance = 167.6624684493808
Generation 430 Report
Best individual: net.sf.jclec.realarray.RealArrayIndividual@5d94a2dc[genotype={0.0,0.0,0.0,0.0,0.0,0.0,0.0,0.0,0.0,0.0,0.0,0.0,0.0,0.0,0.0,0.0,0.0,0.0,0.0,0.0,0.0,0.0,0.0,0.0,0.0,0.0,0.0,0.0,0.0,0.0},fitness=net.sf.jclec.fitness.SimpleValueFitness@59b32539[value=0.0]]
Worst individual: net.sf.jclec.realarray.RealArrayIndividual@5b47731f[genotype={0.0,0.0,0.0,0.0,0.0,5.12,0.0,0.0,0.0,0.0,0.0,0.0,0.0,0.0,0.0,0.0,0.0,0.0,0.0,0.0,0.0,5.12,0.0,0.0,5.12,0.0,0.0,0.0,0.0,0.0},fitness=net.sf.jclec.fitness.SimpleValueFitness@40c2ce52[value=86.77414117735769]]
Median individual: net.sf.jclec.realarray.RealArrayIndividual@5cf8676a[genotype={0.0,0.0,0.0,0.0,0.0,0.0,0.0,0.0,0.0,0.0,0.0,0.0,0.0,0.0,0.0,0.0,0.0,0.0,0.0,0.0,0.0,0.0,0.0,0.0,0.0,0.0,0.0,0.0,0.0,0.0},fitness=net.sf.jclec.fitness.SimpleValueFitness@3520963d[value=0.0]]
Average fitness = 3.760212784352167
Fitness variance = 178.28778456368792
Generation 440 Report
Best individual: net.sf.jclec.realarray.RealArrayIndividual@6c8f60f3[genotype={0.0,0.0,0.0,0.0,0.0,0.0,0.0,0.0,0.0,0.0,0.0,0.0,0.0,0.0,0.0,0.0,0.0,0.0,0.0,0.0,0.0,0.0,0.0,0.0,0.0,0.0,0.0,0.0,0.0,0.0},fitness=net.sf.jclec.fitness.SimpleValueFitness@71b6172c[value=0.0]]
Worst individual: net.sf.jclec.realarray.RealArrayIndividual@723877dd[genotype={0.0,0.0,0.0,0.0,5.12,0.0,0.0,0.0,0.0,5.12,0.0,0.0,5.12,0.0,0.0,0.0,0.0,0.0,0.0,0.0,0.0,0.0,0.0,0.0,0.0,0.0,0.0,0.0,5.12,0.0},fitness=net.sf.jclec.fitness.SimpleValueFitness@56cc9f29[value=115.69885490314358]]
Median individual: net.sf.jclec.realarray.RealArrayIndividual@718f805a[genotype={0.0,0.0,0.0,0.0,0.0,0.0,0.0,0.0,0.0,0.0,0.0,0.0,0.0,0.0,0.0,0.0,0.0,0.0,0.0,0.0,0.0,0.0,0.0,0.0,0.0,0.0,0.0,0.0,0.0,0.0},fitness=net.sf.jclec.fitness.SimpleValueFitness@557b6a37[value=0.0]]
Average fitness = 6.941931294188613
Fitness variance = 336.6635594013516
Generation 450 Report
Best individual: net.sf.jclec.realarray.RealArrayIndividual@67eec8e1[genotype={0.0,0.0,0.0,0.0,0.0,0.0,0.0,0.0,0.0,0.0,0.0,0.0,0.0,0.0,0.0,0.0,0.0,0.0,0.0,0.0,0.0,0.0,0.0,0.0,0.0,0.0,0.0,0.0,0.0,0.0},fitness=net.sf.jclec.fitness.SimpleValueFitness@7ba93755[value=0.0]]
Worst individual: net.sf.jclec.realarray.RealArrayIndividual@478b0739[genotype={0.0,5.12,0.0,0.0,0.0,0.0,0.0,0.0,0.0,0.0,0.0,0.0,0.0,0.0,0.0,0.0,0.0,0.0,0.0,5.12,0.0,0.0,5.12,0.0,0.0,0.0,0.0,0.0,0.0,0.0},fitness=net.sf.jclec.fitness.SimpleValueFitness@51f95f0d[value=86.77414117735769]]
Median individual: net.sf.jclec.realarray.RealArrayIndividual@68ddd415[genotype={0.0,0.0,0.0,0.0,0.0,0.0,0.0,0.0,0.0,0.0,0.0,0.0,0.0,0.0,0.0,0.0,0.0,0.0,0.0,0.0,0.0,0.0,0.0,0.0,0.0,0.0,0.0,0.0,0.0,0.0},fitness=net.sf.jclec.fitness.SimpleValueFitness@664632e9[value=0.0]]
Average fitness = 5.206448470641463
Fitness variance = 240.6173948405286
Generation 460 Report
Best individual: net.sf.jclec.realarray.RealArrayIndividual@25ffd826[genotype={0.0,0.0,0.0,0.0,0.0,0.0,0.0,0.0,0.0,0.0,0.0,0.0,0.0,0.0,0.0,0.0,0.0,0.0,0.0,0.0,0.0,0.0,0.0,0.0,0.0,0.0,0.0,0.0,0.0,0.0},fitness=net.sf.jclec.fitness.SimpleValueFitness@e29f4f6[value=0.0]]
Worst individual: net.sf.jclec.realarray.RealArrayIndividual@750f64fe[genotype={0.0,0.0,0.0,0.0,0.0,0.0,0.0,0.0,0.0,0.0,0.0,0.0,5.12,5.12,0.0,0.0,0.0,0.0,0.0,0.0,5.12,0.0,0.0,0.0,0.0,0.0,5.12,0.0,0.0,0.0},fitness=net.sf.jclec.fitness.SimpleValueFitness@4fc165f6[value=115.69885490314358]]
Median individual: net.sf.jclec.realarray.RealArrayIndividual@7a1b8a46[genotype={0.0,0.0,0.0,0.0,0.0,0.0,0.0,0.0,0.0,0.0,0.0,0.0,0.0,0.0,0.0,0.0,0.0,0.0,0.0,0.0,0.0,0.0,0.0,0.0,0.0,0.0,0.0,0.0,0.0,0.0},fitness=net.sf.jclec.fitness.SimpleValueFitness@3d40a3b4[value=0.0]]
Average fitness = 7.520425568704335
Fitness variance = 361.76273132491144
Generation 470 Report
Best individual: net.sf.jclec.realarray.RealArrayIndividual@186d8a71[genotype={0.0,0.0,0.0,0.0,0.0,0.0,0.0,0.0,0.0,0.0,0.0,0.0,0.0,0.0,0.0,0.0,0.0,0.0,0.0,0.0,0.0,0.0,0.0,0.0,0.0,0.0,0.0,0.0,0.0,0.0},fitness=net.sf.jclec.fitness.SimpleValueFitness@2db6d68d[value=0.0]]
Worst individual: net.sf.jclec.realarray.RealArrayIndividual@7e8279e5[genotype={0.0,0.0,0.0,0.0,0.0,0.0,0.0,0.0,0.0,0.0,0.0,0.0,0.0,5.12,5.12,0.0,0.0,0.0,0.0,0.0,0.0,5.12,0.0,0.0,0.0,0.0,0.0,0.0,0.0,0.0},fitness=net.sf.jclec.fitness.SimpleValueFitness@3caafa67[value=86.77414117735769]]
Median individual: net.sf.jclec.realarray.RealArrayIndividual@6d6ac396[genotype={0.0,0.0,0.0,0.0,0.0,0.0,0.0,0.0,0.0,0.0,0.0,0.0,0.0,0.0,0.0,0.0,0.0,0.0,0.0,5.12,0.0,0.0,0.0,0.0,0.0,0.0,0.0,0.0,0.0,0.0},fitness=net.sf.jclec.fitness.SimpleValueFitness@f5a7226[value=28.924713725785896]]
Average fitness = 5.7849427451571795
Fitness variance = 284.4572818003468
Generation 480 Report
Best individual: net.sf.jclec.realarray.RealArrayIndividual@2d7637e6[genotype={0.0,0.0,0.0,0.0,0.0,0.0,0.0,0.0,0.0,0.0,0.0,0.0,0.0,0.0,0.0,0.0,0.0,0.0,0.0,0.0,0.0,0.0,0.0,0.0,0.0,0.0,0.0,0.0,0.0,0.0},fitness=net.sf.jclec.fitness.SimpleValueFitness@39b626e5[value=0.0]]
Worst individual: net.sf.jclec.realarray.RealArrayIndividual@69364b2d[genotype={0.0,0.0,5.12,0.0,0.0,0.0,0.0,0.0,0.0,0.0,5.12,0.0,0.0,5.12,0.0,0.0,0.0,0.0,5.12,0.0,0.0,0.0,0.0,0.0,0.0,0.0,0.0,0.0,0.0,5.12},fitness=net.sf.jclec.fitness.SimpleValueFitness@4792f119[value=144.6235686289295]]
Median individual: net.sf.jclec.realarray.RealArrayIndividual@739265f1[genotype={0.0,0.0,0.0,0.0,0.0,0.0,0.0,0.0,0.0,0.0,0.0,0.0,0.0,0.0,0.0,0.0,0.0,0.0,0.0,0.0,0.0,0.0,0.0,0.0,0.0,0.0,0.0,0.0,0.0,0.0},fitness=net.sf.jclec.fitness.SimpleValueFitness@6acffb2d[value=0.0]]
Average fitness = 6.652684156930754
Fitness variance = 499.5571851852561
Generation 490 Report
Best individual: net.sf.jclec.realarray.RealArrayIndividual@6c33da7a[genotype={0.0,0.0,0.0,0.0,0.0,0.0,0.0,0.0,0.0,0.0,0.0,0.0,0.0,0.0,0.0,0.0,0.0,0.0,0.0,0.0,0.0,0.0,0.0,0.0,0.0,0.0,0.0,0.0,0.0,0.0},fitness=net.sf.jclec.fitness.SimpleValueFitness@32a72c4[value=0.0]]
Worst individual: net.sf.jclec.realarray.RealArrayIndividual@15986dd5[genotype={0.0,5.12,0.0,0.0,0.0,0.0,0.0,0.0,0.0,0.0,0.0,0.0,0.0,0.0,0.0,0.0,0.0,0.0,0.0,0.0,5.12,0.0,0.0,0.0,0.0,0.0,0.0,0.0,5.12,0.0},fitness=net.sf.jclec.fitness.SimpleValueFitness@5bf9ea6b[value=86.77414117735769]]
Median individual: net.sf.jclec.realarray.RealArrayIndividual@1961d75a[genotype={0.0,0.0,0.0,0.0,0.0,0.0,0.0,0.0,0.0,0.0,0.0,0.0,0.0,0.0,0.0,0.0,0.0,0.0,0.0,0.0,0.0,0.0,0.0,0.0,0.0,0.0,0.0,0.0,0.0,0.0},fitness=net.sf.jclec.fitness.SimpleValueFitness@3e26482[value=0.0]]
Average fitness = 7.231178431446475
Fitness variance = 374.39598119310347
Generation 500 Report
Best individual: net.sf.jclec.realarray.RealArrayIndividual@59018eed[genotype={0.0,0.0,0.0,0.0,0.0,0.0,0.0,0.0,0.0,0.0,0.0,0.0,0.0,0.0,0.0,0.0,0.0,0.0,0.0,0.0,0.0,0.0,0.0,0.0,0.0,0.0,0.0,0.0,0.0,0.0},fitness=net.sf.jclec.fitness.SimpleValueFitness@76973a6[value=0.0]]
Worst individual: net.sf.jclec.realarray.RealArrayIndividual@71a4f441[genotype={0.0,0.0,0.0,0.0,0.0,0.0,0.0,0.0,0.0,0.0,5.12,0.0,5.12,0.0,0.0,0.0,0.0,0.0,0.0,0.0,5.12,5.12,0.0,0.0,0.0,0.0,0.0,0.0,0.0,0.0},fitness=net.sf.jclec.fitness.SimpleValueFitness@1625789b[value=115.69885490314358]]
Median individual: net.sf.jclec.realarray.RealArrayIndividual@6839203b[genotype={0.0,0.0,0.0,0.0,0.0,0.0,0.0,0.0,0.0,0.0,0.0,0.0,0.0,0.0,0.0,0.0,0.0,0.0,0.0,0.0,0.0,0.0,0.0,0.0,0.0,0.0,0.0,0.0,0.0,0.0},fitness=net.sf.jclec.fitness.SimpleValueFitness@6db328f8[value=0.0]]
Average fitness = 6.074189882415038
Fitness variance = 356.3245774081402
