Wed Nov 21 15.28.49 CET 2018
Generation 0 Report
Best individual: net.sf.jclec.realarray.RealArrayIndividual@4c3e4790[genotype={1.985893539674464,0.894133210711204,3.169340866166233,1.4650961464625143,1.8046097698941446,4.519347609677216,0.4793488442420921,1.415885098425488,3.9360077595642022,3.221080493507256,2.8628901117540644,3.267470928083156,4.2115420106579595,2.6030706352204107,4.923796008323865,0.5446041160249897,1.6587730788311457,0.21810059426632755,2.09115782715434,3.891338647571688,2.0943352578706755,0.14242214114235494,3.3769133272301044,0.942802142568293,0.12434187751173427,0.06945230196473755,1.358170567814921,1.8683103903742921,2.942117930972094,0.5365302661268859},fitness=net.sf.jclec.fitness.SimpleValueFitness@5679c6c6[value=446.2973056580658]]
Worst individual: net.sf.jclec.realarray.RealArrayIndividual@28ba21f3[genotype={4.300910535261031,3.6971206528332683,0.5297458292392382,2.1550223318018573,1.0234852068439932,3.806030114915825,3.455645149959395,1.967291208482769,1.606683000011149,3.4791952914589848,0.5633307181360568,0.6586994446047908,2.42981381124985,2.303983567570534,3.385903963347044,3.940095641717554,1.1066719976703274,4.535589670781233,0.3126473631244621,4.798374125613779,2.574055944507241,4.301837625931137,3.4031221196772505,3.3799517098431324,4.71108389105301,0.41971896838736383,2.4344693752080735,2.7415648826170944,4.737709858804496,0.22308420074066385},fitness=net.sf.jclec.fitness.SimpleValueFitness@f2a0b8e[value=663.8852067533579]]
Median individual: net.sf.jclec.realarray.RealArrayIndividual@26f0a63f[genotype={3.764804952239745,0.17533680916900765,0.9134644971916274,0.7560695878112733,0.019667513906579972,0.6845608134890004,1.1655112369640466,3.6612025662791656,3.8246629994492647,0.5929504889934346,1.3074515937495503,1.7722196585185999,0.8863077667532508,4.616569220489056,3.6151153953757773,4.0310890056707915,0.05126671453974221,4.691665727224181,3.5053035642462556,2.703384914173033,3.357514348944857,3.722299770245482,0.8339268005695212,4.458499393392399,3.977533360652554,4.6722030124984455,3.453339885423601,2.220096412612256,0.8554695815560228,1.1234410687526974},fitness=net.sf.jclec.fitness.SimpleValueFitness@53bd815b[value=538.1464218708772]]
Average fitness = 554.287222772762
Fitness variance = 2410.816777023021
Generation 10 Report
Best individual: net.sf.jclec.realarray.RealArrayIndividual@2d209079[genotype={1.985893539674464,1.141821458467243,4.02400288821004,0.47889963263240554,1.7897853695419645,0.09661995674270618,2.3018735916982043,1.943112898383142,0.036352356471029246,0.16945221409131725,3.08156495387311,0.9703022315327212,2.97937773003759,2.2422088781197482,2.80528532998682,1.9045923299160643,1.6587730788311457,1.9492061025706746,2.0000269004455835,0.928523866212474,0.5780414381224371,1.799640869078168,0.8382597817972419,0.8895932153939785,0.12434187751173427,0.06945230196473755,0.7226482630694107,1.8103485219388376,0.020905497643936257,0.09227205051152693},fitness=net.sf.jclec.fitness.SimpleValueFitness@6b71769e[value=235.148672778931]]
Worst individual: net.sf.jclec.realarray.RealArrayIndividual@2d6d8735[genotype={4.944504414859829,0.894133210711204,2.782047316562755,1.4955266174545727,3.939201181015074,4.806347243742787,2.7332074695742072,1.415885098425488,2.1951845528977563,0.16945221409131725,1.6902763088310462,2.840063015146466,3.2603402787989864,1.0127851952989921,2.80528532998682,1.2944812507599168,1.6587730788311457,1.9492061025706746,2.357116207950014,1.1779367744120972,2.162613500889228,0.14242214114235494,0.9097719964997049,2.952951180179439,1.040341372235683,0.18584195336760867,0.7226482630694107,0.5470435506198308,1.4137516264015475,2.674848555515595},fitness=net.sf.jclec.fitness.SimpleValueFitness@12bc6874[value=406.00629556287294]]
Median individual: net.sf.jclec.realarray.RealArrayIndividual@2c8d66b2[genotype={1.985893539674464,0.894133210711204,0.8852882268923931,3.087174792988569,0.34285158853420805,2.726117453969582,4.883727900580446,1.8277660486586942,3.9360077595642022,3.221080493507256,2.5682913621929844,0.9703022315327212,2.6488006884611717,0.9327944842907593,1.6977297148912858,0.5446041160249897,0.3384766360986783,0.21810059426632755,1.7757626254578198,3.1423993514167057,3.753367378495075,0.14242214114235494,0.9097719964997049,0.942802142568293,1.040341372235683,1.233207648034672,1.358170567814921,1.8683103903742921,1.3288973932079873,0.9815218859217808},fitness=net.sf.jclec.fitness.SimpleValueFitness@3cb5cdba[value=347.6042886543319]]
Average fitness = 310.4449067055219
Fitness variance = 1155.7745306004217
Generation 20 Report
Best individual: net.sf.jclec.realarray.RealArrayIndividual@4b4523f8[genotype={1.985893539674464,0.894133210711204,0.03998806824004762,1.158133562183337,1.8046097698941446,0.14941161562943284,1.0176896706447678,1.8277660486586942,0.036352356471029246,0.16945221409131725,0.9908465832682283,0.9703022315327212,2.97937773003759,1.0127851952989921,1.9915814918711232,1.9045923299160643,2.0418416222159492,0.9934243925976715,0.8492754738546924,0.928523866212474,2.0943352578706755,0.14242214114235494,0.8382597817972419,1.0178785617398711,0.0853373239123614,0.9565447233566848,0.7226482630694107,1.8103485219388376,2.942117930972094,0.09227205051152693},fitness=net.sf.jclec.fitness.SimpleValueFitness@369f73a2[value=127.88215095963588]]
Worst individual: net.sf.jclec.realarray.RealArrayIndividual@6ea12c19[genotype={3.1576703598127356,1.141821458467243,0.03998806824004762,1.158133562183337,1.8046097698941446,0.14941161562943284,2.9605208583955362,3.9742003493703257,0.036352356471029246,0.16945221409131725,0.9908465832682283,0.6397248758940853,1.7227786533715763,1.0127851952989921,2.80528532998682,1.5686022300282514,0.008861241582162945,0.21810059426632755,2.0000269004455835,0.928523866212474,2.0943352578706755,1.799640869078168,0.9097719964997049,2.026069636732045,1.040341372235683,0.06945230196473755,0.7226482630694107,2.0448103699126805,0.451913542991208,0.7954639937731769},fitness=net.sf.jclec.fitness.SimpleValueFitness@7921b0a2[value=223.22339840739525]]
Median individual: net.sf.jclec.realarray.RealArrayIndividual@6a41eaa2[genotype={1.985893539674464,0.894133210711204,0.03998806824004762,1.8364867591739469,1.7897853695419645,0.09661995674270618,1.9434766655401212,3.0215004123266027,0.036352356471029246,0.16945221409131725,3.08156495387311,0.9703022315327212,3.2603402787989864,2.008350222014916,1.6977297148912858,1.9045923299160643,0.008861241582162945,0.9934243925976715,3.121788796677857,0.7622116034358359,2.0943352578706755,0.14242214114235494,0.8382597817972419,2.026069636732045,0.12434187751173427,0.9565447233566848,0.630206070434151,1.8683103903742921,0.020905497643936257,3.099279771341513},fitness=net.sf.jclec.fitness.SimpleValueFitness@6d4b1c02[value=188.34539456722734]]
Average fitness = 166.07700524125852
Fitness variance = 338.90904471375325
Generation 30 Report
Best individual: net.sf.jclec.realarray.RealArrayIndividual@2833cc44[genotype={1.985893539674464,0.894133210711204,0.8852882268923931,1.023793134548079,2.073914787660359,0.14941161562943284,1.9434766655401212,0.02444933048032108,0.036352356471029246,0.16945221409131725,2.0140576720835055,0.9703022315327212,2.97937773003759,1.0127851952989921,1.9915814918711232,1.9045923299160643,0.008861241582162945,0.9934243925976715,0.8492754738546924,0.928523866212474,1.9026084025587937,0.14242214114235494,0.9097719964997049,1.0178785617398711,1.040341372235683,0.9565447233566848,1.9313705702841986,1.8683103903742921,0.020905497643936257,0.09227205051152693},fitness=net.sf.jclec.fitness.SimpleValueFitness@27a8c74e[value=91.5814752968144]]
Worst individual: net.sf.jclec.realarray.RealArrayIndividual@6e0e048a[genotype={1.985893539674464,0.894133210711204,0.03998806824004762,1.158133562183337,1.8046097698941446,0.14941161562943284,1.9434766655401212,0.02444933048032108,1.0384508296769819,1.9930514242320794,0.9908465832682283,0.9703022315327212,2.97937773003759,1.0127851952989921,1.9915814918711232,1.9045923299160643,0.008861241582162945,0.9934243925976715,0.893780101279964,1.1844462846514923,2.162613500889228,2.272156050442994,0.9906935406174184,1.0178785617398711,0.12434187751173427,0.9600818441467838,3.208238860791059,1.8683103903742921,0.3165320663403654,0.09227205051152693},fitness=net.sf.jclec.fitness.SimpleValueFitness@47ef968d[value=142.30980078771412]]
Median individual: net.sf.jclec.realarray.RealArrayIndividual@80503[genotype={1.985893539674464,0.894133210711204,0.8852882268923931,0.9617786918573965,1.8046097698941446,0.14941161562943284,1.9434766655401212,0.02444933048032108,1.0384508296769819,2.05889721521775,0.9908465832682283,0.9703022315327212,2.97937773003759,1.0127851952989921,1.9915814918711232,1.9045923299160643,0.008861241582162945,0.9934243925976715,0.8492754738546924,0.928523866212474,2.0943352578706755,1.799640869078168,0.8382597817972419,2.026069636732045,0.0853373239123614,0.9565447233566848,3.208238860791059,1.8683103903742921,0.020905497643936257,0.09227205051152693},fitness=net.sf.jclec.fitness.SimpleValueFitness@69a3d1d[value=120.22168437715686]]
Average fitness = 110.46260213552095
Fitness variance = 76.44548441847837
Generation 40 Report
Best individual: net.sf.jclec.realarray.RealArrayIndividual@4f9a3314[genotype={1.985893539674464,0.894133210711204,0.03998806824004762,0.9617786918573965,2.073914787660359,0.08235615786077137,1.0176896706447678,0.02444933048032108,0.036352356471029246,2.05889721521775,0.9769666256191303,0.9703022315327212,2.97937773003759,1.0127851952989921,1.9915814918711232,2.005936533728947,0.008861241582162945,0.9934243925976715,0.8492754738546924,0.928523866212474,2.0943352578706755,0.14242214114235494,0.9906935406174184,1.0178785617398711,0.0853373239123614,0.06945230196473755,1.0595152634300167,2.0448103699126805,0.019797023677858776,0.09227205051152693},fitness=net.sf.jclec.fitness.SimpleValueFitness@491666ad[value=71.87515201929841]]
Worst individual: net.sf.jclec.realarray.RealArrayIndividual@544a2ea6[genotype={1.985893539674464,0.894133210711204,0.8852882268923931,0.9617786918573965,2.073914787660359,0.14941161562943284,1.0176896706447678,0.02444933048032108,0.036352356471029246,0.16945221409131725,0.8442505441096705,1.1450925176296083,2.97937773003759,0.8212970868837038,1.9915814918711232,1.9045923299160643,0.008861241582162945,0.9934243925976715,0.8492754738546924,0.928523866212474,2.0943352578706755,0.14242214114235494,0.9906935406174184,1.0178785617398711,0.0853373239123614,0.9565447233566848,0.7226482630694107,2.0448103699126805,0.020905497643936257,0.09227205051152693},fitness=net.sf.jclec.fitness.SimpleValueFitness@150c158[value=103.43408425016958]]
Median individual: net.sf.jclec.realarray.RealArrayIndividual@130f889[genotype={1.985893539674464,0.894133210711204,0.03998806824004762,0.9617786918573965,2.073914787660359,0.14941161562943284,1.0176896706447678,0.02444933048032108,0.036352356471029246,2.05889721521775,0.9462796498416802,0.9703022315327212,2.97937773003759,1.0127851952989921,1.9915814918711232,1.9045923299160643,0.008861241582162945,0.9934243925976715,0.8492754738546924,0.928523866212474,2.0943352578706755,0.14242214114235494,0.9906935406174184,0.8895932153939785,0.0853373239123614,0.026354107774264342,1.9313705702841986,2.0448103699126805,0.020905497643936257,0.09227205051152693},fitness=net.sf.jclec.fitness.SimpleValueFitness@2f490758[value=80.45467538695436]]
Average fitness = 82.48273374394734
Fitness variance = 44.23112987672266
Generation 50 Report
Best individual: net.sf.jclec.realarray.RealArrayIndividual@400cff1a[genotype={1.985893539674464,1.022616123965213,0.03998806824004762,0.9617786918573965,2.073914787660359,0.08235615786077137,1.0176896706447678,0.02444933048032108,0.036352356471029246,2.05889721521775,0.9769666256191303,0.9479858376949789,2.97937773003759,1.0127851952989921,1.9915814918711232,2.005936533728947,0.008861241582162945,0.9934243925976715,0.8492754738546924,0.928523866212474,2.0943352578706755,0.10740744562124818,0.9906935406174184,1.0178785617398711,0.0853373239123614,0.026354107774264342,1.0595152634300167,2.0448103699126805,0.019797023677858776,0.09227205051152693},fitness=net.sf.jclec.fitness.SimpleValueFitness@525f1e4e[value=68.03825595226508]]
Worst individual: net.sf.jclec.realarray.RealArrayIndividual@18a70f16[genotype={1.985893539674464,0.894133210711204,0.03998806824004762,0.9617786918573965,1.9808187000356292,0.08235615786077137,1.0176896706447678,0.02444933048032108,0.03580782610153373,2.05889721521775,0.9462796498416802,0.9703022315327212,2.97937773003759,1.0127851952989921,1.943159638096564,2.042664833455706,0.008861241582162945,0.9934243925976715,0.8492754738546924,0.928523866212474,2.2353337001151665,0.14242214114235494,0.9906935406174184,1.0178785617398711,0.0853373239123614,0.026354107774264342,1.0595152634300167,2.0448103699126805,0.23320076257332764,0.09227205051152693},fitness=net.sf.jclec.fitness.SimpleValueFitness@c8e4bb0[value=87.93254076178863]]
Median individual: net.sf.jclec.realarray.RealArrayIndividual@6ab7a896[genotype={1.985893539674464,0.894133210711204,0.03998806824004762,0.9617786918573965,1.9808187000356292,0.08235615786077137,1.0176896706447678,0.02444933048032108,0.036352356471029246,2.05889721521775,0.9908465832682283,0.9703022315327212,2.97937773003759,1.0127851952989921,1.9915814918711232,2.005936533728947,0.008861241582162945,0.9934243925976715,0.8492754738546924,0.928523866212474,2.0943352578706755,0.10740744562124818,0.9906935406174184,1.0178785617398711,0.0853373239123614,0.026354107774264342,1.0595152634300167,2.0448103699126805,0.020905497643936257,0.09227205051152693},fitness=net.sf.jclec.fitness.SimpleValueFitness@45dd4eda[value=68.09433659649702]]
Average fitness = 71.07501448615147
Fitness variance = 7.910491882456881
Generation 60 Report
Best individual: net.sf.jclec.realarray.RealArrayIndividual@6580cfdd[genotype={1.985893539674464,1.022616123965213,0.03998806824004762,0.9617786918573965,1.9808187000356292,0.08235615786077137,1.0077465460171495,0.02436349647602765,0.036352356471029246,2.05889721521775,0.9908465832682283,0.9703022315327212,2.97937773003759,1.0127851952989921,1.9915814918711232,2.005936533728947,0.008861241582162945,0.9934243925976715,0.9235953818046965,0.928523866212474,1.971339540399179,0.10740744562124818,0.9906935406174184,1.0178785617398711,0.08461708069641875,0.026354107774264342,1.0595152634300167,2.0448103699126805,0.019797023677858776,0.09227205051152693},fitness=net.sf.jclec.fitness.SimpleValueFitness@63355449[value=61.26546821166813]]
Worst individual: net.sf.jclec.realarray.RealArrayIndividual@5ccddd20[genotype={1.985893539674464,1.1910275955951248,0.03998806824004762,0.9617786918573965,1.9808187000356292,0.08162046244400202,1.0137081967062722,0.02444933048032108,0.036352356471029246,2.05889721521775,0.9908465832682283,0.9703022315327212,2.97937773003759,1.0127851952989921,1.9915814918711232,2.005936533728947,0.008861241582162945,0.9934243925976715,0.8492754738546924,0.928523866212474,2.064198158915858,0.10740744562124818,0.9906935406174184,1.0178785617398711,0.0853373239123614,0.026354107774264342,1.058115454668721,2.0448103699126805,0.019797023677858776,0.09227205051152693},fitness=net.sf.jclec.fitness.SimpleValueFitness@1f3f4916[value=71.83249392713014]]
Median individual: net.sf.jclec.realarray.RealArrayIndividual@4facf68f[genotype={1.985893539674464,0.9283375117509739,0.03998806824004762,0.9617786918573965,1.9808187000356292,0.08235615786077137,1.0176896706447678,0.02444933048032108,0.036352356471029246,2.05889721521775,0.9908465832682283,0.9703022315327212,2.97937773003759,1.0127851952989921,1.9915814918711232,2.005936533728947,0.008861241582162945,0.9934243925976715,0.8492754738546924,0.928523866212474,2.064198158915858,0.10740744562124818,0.9906935406174184,1.0178785617398711,0.0853373239123614,0.026354107774264342,1.0595152634300167,2.0448103699126805,0.019797023677858776,0.09227205051152693},fitness=net.sf.jclec.fitness.SimpleValueFitness@41e36e46[value=65.98394266530028]]
Average fitness = 66.01818577833474
Fitness variance = 1.7084866480781784
Generation 70 Report
Best individual: net.sf.jclec.realarray.RealArrayIndividual@2a5c8d3f[genotype={1.985893539674464,1.022616123965213,0.03998806824004762,1.0002292246428894,1.9808187000356292,0.08235615786077137,1.0077465460171495,0.02444933048032108,0.036352356471029246,2.05889721521775,0.9908465832682283,0.9703022315327212,2.97937773003759,1.0127851952989921,1.9915814918711232,2.005936533728947,0.008861241582162945,0.9934243925976715,0.9235953818046965,0.9892808007436091,1.971339540399179,0.09738147846715788,0.9906935406174184,1.013811164636611,0.0853373239123614,0.026354107774264342,1.018222817903282,2.0448103699126805,0.019797023677858776,0.09227205051152693},fitness=net.sf.jclec.fitness.SimpleValueFitness@279fedbd[value=59.10056310723323]]
Worst individual: net.sf.jclec.realarray.RealArrayIndividual@d35dea7[genotype={1.9770459454634344,1.022616123965213,0.03998806824004762,0.9617786918573965,1.9808187000356292,0.08235615786077137,1.0176896706447678,0.02444933048032108,0.03618086090862804,2.05889721521775,0.9908465832682283,0.9703022315327212,2.97937773003759,1.0127851952989921,1.9915814918711232,2.005936533728947,0.008861241582162945,0.9934243925976715,0.9235953818046965,0.928523866212474,2.064198158915858,0.10740744562124818,0.9906935406174184,1.0178785617398711,0.0853373239123614,0.026354107774264342,1.018222817903282,2.0448103699126805,0.019797023677858776,0.09227205051152693},fitness=net.sf.jclec.fitness.SimpleValueFitness@5e5d171f[value=61.69071820594904]]
Median individual: net.sf.jclec.realarray.RealArrayIndividual@3c46e67a[genotype={1.9770459454634344,1.022616123965213,0.03998806824004762,1.0002292246428894,1.9808187000356292,0.08235615786077137,1.0176896706447678,0.02444933048032108,0.036352356471029246,2.05889721521775,0.9908465832682283,0.9703022315327212,2.97937773003759,1.0127851952989921,1.9915814918711232,2.005936533728947,0.008861241582162945,0.9934243925976715,0.9235953818046965,0.9892808007436091,1.971339540399179,0.09738147846715788,0.9906935406174184,1.0178785617398711,0.0853373239123614,0.026354107774264342,1.018222817903282,2.0448103699126805,0.019797023677858776,0.09227205051152693},fitness=net.sf.jclec.fitness.SimpleValueFitness@206a70ef[value=59.23373557099909]]
Average fitness = 60.13754129219606
Fitness variance = 0.2986656749062604
Generation 80 Report
Best individual: net.sf.jclec.realarray.RealArrayIndividual@3d1cfad4[genotype={1.985893539674464,0.9880348580871333,0.03998806824004762,1.0002292246428894,1.9808187000356292,0.08235615786077137,1.0077465460171495,0.02444933048032108,0.036352356471029246,2.05889721521775,0.9908465832682283,0.9703022315327212,2.97937773003759,1.0127851952989921,1.9915814918711232,2.005936533728947,0.008851943559330307,0.9934243925976715,0.9235953818046965,0.9885069245128298,1.971339540399179,0.09738147846715788,0.9906935406174184,1.013811164636611,0.08274634746876797,0.026354107774264342,1.0122370442348019,2.0290952597370135,0.019797023677858776,0.09227205051152693},fitness=net.sf.jclec.fitness.SimpleValueFitness@2cd2a21f[value=58.538632216301764]]
Worst individual: net.sf.jclec.realarray.RealArrayIndividual@1e66f1f5[genotype={1.985893539674464,0.9880348580871333,0.0399645234284741,1.0002292246428894,1.9808187000356292,0.08235615786077137,1.0176896706447678,0.02444933048032108,0.036352356471029246,2.05889721521775,0.9769666256191303,0.970630267472247,2.97937773003759,1.0127851952989921,1.9915814918711232,2.005936533728947,0.008861241582162945,0.9934243925976715,0.9235953818046965,0.9892808007436091,1.971339540399179,0.09738147846715788,0.9899985779786056,1.0178785617398711,0.08274634746876797,0.026855573118294316,1.018222817903282,2.0448103699126805,0.020905497643936257,0.09227205051152693},fitness=net.sf.jclec.fitness.SimpleValueFitness@7530ad9c[value=59.05231493467198]]
Median individual: net.sf.jclec.realarray.RealArrayIndividual@236e3f4e[genotype={1.985893539674464,0.9880348580871333,0.03998806824004762,1.0002292246428894,1.9808187000356292,0.08235615786077137,1.0176896706447678,0.02444933048032108,0.036352356471029246,2.05889721521775,0.9908465832682283,0.9703022315327212,2.97937773003759,1.0127851952989921,1.9915814918711232,2.005936533728947,0.008861241582162945,0.9934243925976715,0.9235953818046965,0.9892808007436091,1.971339540399179,0.09738147846715788,0.9906935406174184,1.0178785617398711,0.08274634746876797,0.026354107774264342,1.018222817903282,2.0290952597370135,0.019797023677858776,0.09227205051152693},fitness=net.sf.jclec.fitness.SimpleValueFitness@6bf0219d[value=58.68855688069342]]
Average fitness = 58.73656997747678
Fitness variance = 0.007461657399289834
Generation 90 Report
Best individual: net.sf.jclec.realarray.RealArrayIndividual@2dc54ad4[genotype={1.985893539674464,0.9880348580871333,0.03998806824004762,1.0002292246428894,1.9808187000356292,0.08235615786077137,1.0077465460171495,0.02444933048032108,0.036352356471029246,2.05889721521775,0.9908465832682283,0.9791219450181173,2.97937773003759,1.0127851952989921,1.9915814918711232,2.005936533728947,0.008861241582162945,0.9934243925976715,0.9235953818046965,0.9892808007436091,1.9728151006045052,0.09738147846715788,0.9906898532128225,1.013811164636611,0.08274459125307645,0.025927681683751366,1.0122370442348019,2.0290952597370135,0.019797023677858776,0.09196924141664109},fitness=net.sf.jclec.fitness.SimpleValueFitness@55634720[value=58.44105189568402]]
Worst individual: net.sf.jclec.realarray.RealArrayIndividual@36916eb0[genotype={1.985893539674464,0.9880348580871333,0.03998806824004762,1.0002292246428894,1.9808187000356292,0.08233955607433936,1.0077465460171495,0.02444933048032108,0.036352356471029246,2.05889721521775,0.9908378491896268,0.9782143341190573,2.97937773003759,1.0127851952989921,1.9915814918711232,2.005936533728947,0.008861241582162945,0.9934243925976715,0.9235953818046965,0.9892808007436091,1.972683152338442,0.09738147846715788,0.9906935406174184,1.017535236297116,0.08274634746876797,0.026354107774264342,1.018222817903282,2.0290952597370135,0.019797023677858776,0.09196765954438854},fitness=net.sf.jclec.fitness.SimpleValueFitness@437da279[value=58.53033752800542]]
Median individual: net.sf.jclec.realarray.RealArrayIndividual@6fd83fc1[genotype={1.985893539674464,0.9880348580871333,0.03998806824004762,1.0002292246428894,1.98069057834932,0.08235615786077137,1.0077465460171495,0.02444933048032108,0.036352356471029246,2.05889721521775,0.9908465832682283,0.9782143341190573,2.97937773003759,1.0127851952989921,1.9915814918711232,2.005936533728947,0.008861241582162945,0.9934243925976715,0.9235953818046965,0.9892808007436091,1.971339540399179,0.09738147846715788,0.9906935406174184,1.013811164636611,0.08274634746876797,0.026354107774264342,1.0122370442348019,2.0290952597370135,0.019797023677858776,0.09227205051152693},fitness=net.sf.jclec.fitness.SimpleValueFitness@bae7dc0[value=58.47263771099699]]
Average fitness = 58.47227378633416
Fitness variance = 3.685036112983653E-4
Generation 100 Report
Best individual: net.sf.jclec.realarray.RealArrayIndividual@3feb2dda[genotype={1.985893539674464,0.9880348580871333,0.03966458028061776,1.0002292246428894,1.9808187000356292,0.08235615786077137,1.0077465460171495,0.02444933048032108,0.036352356471029246,2.0587829516959006,0.9908465832682283,0.9791219450181173,2.97937773003759,1.0127183117531897,1.9915814918711232,2.005936533728947,0.008861008330396505,0.9934243925976715,0.9235953818046965,0.9892808007436091,1.9728151006511399,0.09737727218923477,0.9906830195767754,1.013811164636611,0.08274634746876797,0.025927681683751366,1.0122370442348019,2.0290952597370135,0.019797023677858776,0.09196924141664109},fitness=net.sf.jclec.fitness.SimpleValueFitness@1c742ed4[value=58.43236963879123]]
Worst individual: net.sf.jclec.realarray.RealArrayIndividual@72cc7e6f[genotype={1.985893539674464,0.9880348580871333,0.03966458028061776,1.0002292246428894,1.9808187000356292,0.08235615786077137,1.0077465460171495,0.02444933048032108,0.036352356471029246,2.05889721521775,0.9908465832682283,0.9791219450181173,2.97937773003759,1.0127851952989921,1.9915814918711232,2.005936533728947,0.008861005954528248,0.9934243925976715,0.9235953818046965,0.9892807961172911,1.9728151006045052,0.09738147846715788,0.9906898532128225,1.013871882336318,0.08274634746876797,0.026354107774264342,1.0122370442348019,2.0290952597370135,0.019797023677858776,0.09196924141664109},fitness=net.sf.jclec.fitness.SimpleValueFitness@72035809[value=58.440904940167265]]
Median individual: net.sf.jclec.realarray.RealArrayIndividual@710c2b53[genotype={1.985893539674464,0.9880348580871333,0.03966458028061776,1.0002292246428894,1.9808187000356292,0.08235615786077137,1.0077465460171495,0.02444933048032108,0.036352356471029246,2.0587829516959006,0.9908465832682283,0.9791219450181173,2.97937773003759,1.0127183117531897,1.9915814918711232,2.005936533728947,0.008861008330396505,0.9934243925976715,0.9235953818046965,0.9892808007436091,1.9728151006511399,0.09737727218923477,0.9906935406174184,1.013811164636611,0.08274634746876797,0.025927681683751366,1.0122370442348019,2.029097663982632,0.019797023677858776,0.09196924141664109},fitness=net.sf.jclec.fitness.SimpleValueFitness@14028087[value=58.4323890508452]]
Average fitness = 58.43590791033674
Fitness variance = 6.905937880219426E-6
Generation 110 Report
Best individual: net.sf.jclec.realarray.RealArrayIndividual@50378a4[genotype={1.985893539674464,0.9880348580871333,0.03966458028061776,1.0002292246428894,1.9808187000356292,0.08235615786077137,1.0077465460171495,0.02444933048032108,0.036352356471029246,2.0587829516959006,0.9908309014650227,0.9791219450181173,2.97937773003759,1.0127183117531897,1.9915814918711232,2.005929743915485,0.008861006072399005,0.9934071279649024,0.9236330611890488,0.9892808007436091,1.9728151006045052,0.09738147846715788,0.9906898532128225,1.0138111661386455,0.08268621982399801,0.025927681683751366,1.012239571447437,2.0290643363653715,0.019775819736719033,0.09196924141664109},fitness=net.sf.jclec.fitness.SimpleValueFitness@79207381[value=58.42896672207225]]
Worst individual: net.sf.jclec.realarray.RealArrayIndividual@37313c65[genotype={1.985893539674464,0.9880348580871333,0.03966458028061776,1.0002292246428894,1.9808187000356292,0.08235615786077137,1.0077465460171495,0.02444933048032108,0.036352356471029246,2.0587829516959006,0.9908465828527695,0.9791219450181173,2.979375114064435,1.0127183117531897,1.9915814918711232,2.005936533728947,0.008851943873525184,0.9934243925976715,0.9236173365671401,0.9892808007436091,1.9728151006045052,0.09737727218923477,0.9906830195767754,1.013811164636611,0.08274634746876797,0.025927681683751366,1.0122370442348019,2.0290952597370135,0.019775819736719033,0.09196924141664109},fitness=net.sf.jclec.fitness.SimpleValueFitness@798162bc[value=58.43158096510398]]
Median individual: net.sf.jclec.realarray.RealArrayIndividual@24959ca4[genotype={1.985893539674464,0.9880348580871333,0.03966458028061776,1.0002292246428894,1.9808187000356292,0.08235615786077137,1.0077465460171495,0.02444933048032108,0.036352356471029246,2.0587829516959006,0.9908465828527695,0.9791219450181173,2.97937773003759,1.0127183117531897,1.9915814918711232,2.005936533728947,0.008851943559330307,0.9934071279649024,0.9236327251136858,0.9892808007436091,1.9728151006045052,0.09737727218923477,0.9906935406174184,1.013811164636611,0.08274634746876797,0.025927681683751366,1.0122370442348019,2.0290945940605423,0.019775819736719033,0.09196924141664109},fitness=net.sf.jclec.fitness.SimpleValueFitness@5c86dbc5[value=58.43113980231811]]
Average fitness = 58.43100506517408
Fitness variance = 2.0505331121967174E-7
Generation 120 Report
Best individual: net.sf.jclec.realarray.RealArrayIndividual@40317ba2[genotype={1.985893539674464,0.9880348580871333,0.03962929471889554,1.0002292246428894,1.9808187000356292,0.08235615785559064,1.0077465460171495,0.02444933048032108,0.036352356471029246,2.058385158142762,0.9908612933782612,0.979269374518189,2.97937773003759,1.0127183117531897,1.9915829222642423,2.005936533728947,0.008851943559330307,0.9934243925976715,0.923850175647667,0.9892808007436091,1.9728151006045052,0.09488709802267267,0.9906830195767754,1.0138111639780745,0.08270349387391715,0.025927681683751366,1.0122370442348019,2.0290945940605423,0.019775819736719033,0.0919159018480197},fitness=net.sf.jclec.fitness.SimpleValueFitness@45d2ade3[value=58.320601743756185]]
Worst individual: net.sf.jclec.realarray.RealArrayIndividual@1b266842[genotype={1.985621014044805,0.9880348580871333,0.03966458028061776,1.0002292246428894,1.9808187000356292,0.08235615786077137,1.0077465460171495,0.02445072253791225,0.036352356471029246,2.0587829516959006,0.9908465826271681,0.9791219450181173,2.97937773003759,1.0127183117531897,1.9915829222642423,2.005936533728947,0.008851943559330307,0.9934071279649024,0.9236327251136858,0.9892808007436091,1.9728151006045052,0.09737727218923477,0.9891207786027147,1.0139855046715562,0.08270349387391715,0.025927681683751366,1.0122370442348019,2.0297843378246023,0.019775819736719033,0.0919159018480197},fitness=net.sf.jclec.fitness.SimpleValueFitness@42b3b079[value=58.44364558312117]]
Median individual: net.sf.jclec.realarray.RealArrayIndividual@6f6745d6[genotype={1.985893539674464,0.9880348580871333,0.03962929471889554,1.0002292246428894,1.9808187000356292,0.08235615785559064,1.0077465460171495,0.02444933048032108,0.036352356471029246,2.058525804618842,0.9908465826271681,0.9791219450181173,2.97937773003759,1.0127183117531897,1.9915814918711232,2.005936533728947,0.008855375452582696,0.9934071279649024,0.9236327251136858,0.9892808007436091,1.9728151006045052,0.09738147846715788,0.9906935406174184,1.013811164636611,0.08257359537522438,0.025927681683751366,1.0123863336017436,2.0290945940605423,0.019775819736719033,0.09196924141664109},fitness=net.sf.jclec.fitness.SimpleValueFitness@4f704591[value=58.41948699228555]]
Average fitness = 58.399869184371546
Fitness variance = 9.723273797135334E-4
Generation 130 Report
Best individual: net.sf.jclec.realarray.RealArrayIndividual@38604b81[genotype={1.985893539674464,0.9880348580871333,0.039192319839335736,1.0002292246428894,1.9808551718755698,0.07236879858036573,1.0077465460171495,0.02444933048032108,0.036352356471029246,2.040051522730879,0.9908612933782612,0.979269374518189,2.976285197115834,1.0127183117531897,1.9915814918711232,2.005936533728947,0.008851943559330307,0.9934243925976715,0.9236327251136858,0.9895188699157117,1.9728151006045052,0.09488709802267267,0.9906935406174184,1.013811164636611,0.07647884679152936,0.02592768626060756,1.0122370442348019,2.0290953984226046,0.019775819736719033,0.08349028177524415},fitness=net.sf.jclec.fitness.SimpleValueFitness@7393222f[value=57.1403037078865]]
Worst individual: net.sf.jclec.realarray.RealArrayIndividual@babafc2[genotype={1.985621014044805,0.9880348580871333,0.03962929471889554,1.0002642436579678,1.9808187000356292,0.07236879858036573,1.0077465460171495,0.02444933048032108,0.036352356471029246,2.0587829516959006,0.9908465826271681,0.979269374518189,2.97937773003759,1.0127183117531897,1.9915829222642423,2.005768341869002,0.008851943559330307,0.9934071279649024,0.9070549445101425,0.9892808007436091,1.9728151006045052,0.09488709802267267,0.9906898532128225,1.0138111639780745,0.0827188235288915,0.02603742135224726,1.012130425811106,2.0290952597370135,0.019775819736719033,0.09195490990304697},fitness=net.sf.jclec.fitness.SimpleValueFitness@ae3540e[value=58.541889609718325]]
Median individual: net.sf.jclec.realarray.RealArrayIndividual@16eccb2e[genotype={1.985621014044805,0.9880348580871333,0.039192319839335736,1.0002292246428894,1.9808187000356292,0.07236879858036573,1.0077465460171495,0.02444933048032108,0.036352356471029246,2.058385158142762,0.9908465826271681,0.9791219450181173,2.97937773003759,1.0127183117531897,1.9915829222642423,2.005936533728947,0.008851943559330307,0.9934243925976715,0.9236327251136858,0.9892808007436091,1.9728151006045052,0.09737727218923477,0.9906830195767754,1.013811164636611,0.07647884679152936,0.012478697294890057,1.0122370442348019,2.0290945940605423,0.019775819736719033,0.09196924141664109},fitness=net.sf.jclec.fitness.SimpleValueFitness@d771cc9[value=57.826939277767345]]
Average fitness = 57.73411431717855
Fitness variance = 0.06243589737096045
Generation 140 Report
Best individual: net.sf.jclec.realarray.RealArrayIndividual@388526fb[genotype={1.985893539674464,0.9880348580871333,0.03442155520638289,1.0002292246428894,1.9808187000356292,0.049729506478344454,1.0078683446353738,0.02305765948724702,0.036352356471029246,2.040051522730879,0.9908612933782612,0.9791219450181173,2.97937773003759,1.0127183117531897,1.9915814918711232,2.005936533728947,0.006620819470465753,0.9934071279649024,0.9262364877227245,0.9892808007436091,1.9728151006045052,0.0746938247122119,0.9906935406174184,1.0138111639780745,0.03090116678650947,0.026127836335211218,1.013548965988709,2.0290953984226046,0.019775819736719033,0.0},fitness=net.sf.jclec.fitness.SimpleValueFitness@7803bfd[value=53.50361329275975]]
Worst individual: net.sf.jclec.realarray.RealArrayIndividual@4f5991f6[genotype={1.9856283389138638,0.9880348580871333,0.03442155520638289,1.0002292246428894,1.9808187000356292,0.07371803947864475,1.0077465460171495,0.02305765948724702,0.03328636427033562,2.040051522730879,0.9908465826271681,0.979269374518189,2.97937773003759,1.0127183117531897,1.991325949903972,2.005768341869002,0.008851943559330307,0.9936933799168768,0.9236327251136858,0.9892808007436091,1.9750709098604655,0.09480040175248607,0.9906830195767754,1.01485501234178,0.03090116678650947,0.025927681683751366,0.8833488451880775,2.0290945940605423,0.019775819736719033,0.021101585210956147},fitness=net.sf.jclec.fitness.SimpleValueFitness@38234a38[value=57.116942581570335]]
Median individual: net.sf.jclec.realarray.RealArrayIndividual@68b32e3e[genotype={1.985621014044805,0.9880348580871333,0.0,1.0002642436579678,1.9808187000356292,0.07236879858036573,1.0078683446353738,0.02305765948724702,0.033289305233440696,2.042674124099031,0.9908465826271681,0.9790556182302768,2.97937773003759,1.0127183117531897,1.9915829222642423,2.005768341869002,0.008851943559330307,0.9934243925976715,0.9236327251136858,0.9845192295103119,1.9728151006045052,0.0746938247122119,0.9906935406174184,1.0138211705617577,0.03090116678650947,0.02592768626060756,1.0122370442348019,2.0290945940605423,0.019835530524263498,0.021101585210956147},fitness=net.sf.jclec.fitness.SimpleValueFitness@41709512[value=53.9839986435358]]
Average fitness = 55.31937829969171
Fitness variance = 0.6679746490285652
Generation 150 Report
Best individual: net.sf.jclec.realarray.RealArrayIndividual@7d64e326[genotype={1.985893539674464,1.011665744024313,0.03442155520638289,1.0002292246428894,1.980806674281351,0.0,1.0077465460171495,0.02444933048032108,0.0052017445906595815,2.040051522730879,0.9908612933782612,0.979269374518189,2.97937773003759,1.0127183117531897,1.991325949903972,2.005768341869002,0.008851943559330307,0.9934243925976715,0.9236327251136858,0.9892808007436091,1.9943885899912062,0.027981083240894697,0.9906898532128225,1.013811164636611,0.03090116678650947,0.02584706577757198,1.013548965988709,2.0290953984226046,0.019775819736719033,0.0},fitness=net.sf.jclec.fitness.SimpleValueFitness@cd1d761[value=51.905369782403824]]
Worst individual: net.sf.jclec.realarray.RealArrayIndividual@495fac5f[genotype={1.985893539674464,0.9880348580871333,0.0,1.0002642436579678,1.9808187000356292,0.0,0.5345776455518088,0.0,0.03328636427033562,2.040051522730879,0.9908612933782612,0.9791219450181173,2.97937773003759,1.0127183117531897,1.6184900439832701,2.005768341869002,0.008851943559330307,0.9934243925976715,0.9236327251136858,0.9895188699157117,1.9750709098604655,0.0746938247122119,0.9906898532128225,1.0138111639780745,0.03090116678650947,0.02592768626060756,1.0122370442348019,2.0290953984226046,0.019775819736719033,0.021337383295922187},fitness=net.sf.jclec.fitness.SimpleValueFitness@635572a7[value=87.79103353951314]]
Median individual: net.sf.jclec.realarray.RealArrayIndividual@5ef6ae06[genotype={1.985893539674464,0.9880348580871333,0.03442155520638289,1.0002292246428894,1.980806674281351,0.0,1.0078683446353738,0.02444933048032108,0.033289305233440696,1.9692755805041253,0.9908465826271681,0.9790556182302768,2.97937773003759,1.0127183117531897,1.9915814918711232,2.005768341869002,0.006620819470465753,0.9934243925976715,0.9269258723553802,0.9892808007436091,1.9728151006045052,0.0746938247122119,0.9906898532128225,1.0138111639780745,0.03090116678650947,0.026127836335211218,1.0122370442348019,2.0290953984226046,0.019775819736719033,0.021337383295922187},fitness=net.sf.jclec.fitness.SimpleValueFitness@6e35bc3d[value=52.63732269885265]]
Average fitness = 53.43528623055123
Fitness variance = 14.980237230386138
Generation 160 Report
Best individual: net.sf.jclec.realarray.RealArrayIndividual@7e8dcdaa[genotype={1.985893539674464,0.9880348580871333,0.0,1.0002292246428894,1.9808187000356292,0.0,1.0077465460171495,0.024625764896760816,0.0052017445906595815,1.9692755805041253,0.9908465826271681,0.979269374518189,2.97937773003759,1.0127183117531897,1.9915814918711232,2.005768341869002,0.0,0.9934243925976715,0.9415241670314286,0.9892808007436091,1.9943885899912062,0.0,0.9906898532128225,1.0138111639780745,0.0,0.009832988381012504,1.002260394309059,2.0290953984226046,0.019775819736719033,0.021101585210956147},fitness=net.sf.jclec.fitness.SimpleValueFitness@5cbe877d[value=50.34359116716032]]
Worst individual: net.sf.jclec.realarray.RealArrayIndividual@793138bd[genotype={1.993478971147598,0.9880348580871333,0.0,1.0002292246428894,1.7446419979789831,0.0,1.0078683446353738,0.02444933048032108,0.036352356471029246,1.9600723149943315,0.9908465826271681,0.997074513261729,2.97937773003759,1.0127183117531897,1.82455492572999,2.005768341869002,0.008851943559330307,0.9934243925976715,0.9415241670314286,0.9892808007436091,1.9728151006045052,0.027981083240894697,0.9906898532128225,1.0138111639780745,0.0026114495982370173,0.026127836335211218,1.013548965988709,2.0290953984226046,0.019775819736719033,0.021337383295922187},fitness=net.sf.jclec.fitness.SimpleValueFitness@5c18016b[value=65.26006210900152]]
Median individual: net.sf.jclec.realarray.RealArrayIndividual@349c1daf[genotype={1.985893539674464,0.9880348580871333,0.0,1.0002292246428894,1.9808187000356292,0.0,1.0078683446353738,0.02445719009541339,0.0052017445906595815,1.9692755805041253,0.9908465826271681,0.9791219450181173,2.97937773003759,1.0127183117531897,1.991325949903972,2.005768341869002,0.008851943559330307,0.9934243925976715,0.9415241670314286,0.9892808007436091,1.9728151006045052,0.027981083240894697,0.9906898532128225,1.0138111639780745,0.0026114495982370173,0.0,1.013548965988709,2.0290953984226046,0.019775819736719033,0.0},fitness=net.sf.jclec.fitness.SimpleValueFitness@4b9df8a[value=50.519461016685995]]
Average fitness = 51.31960274708368
Fitness variance = 2.5364602462423136
Generation 170 Report
Best individual: net.sf.jclec.realarray.RealArrayIndividual@72758afa[genotype={1.985893539674464,0.9880348580871333,0.0,1.0002642436579678,1.9808187000356292,0.0,1.0078683446353738,0.0,0.0052017445906595815,1.9692755805041253,0.9908465826271681,0.979269374518189,2.97937773003759,1.0127183117531897,0.0,2.005768341869002,0.008851943559330307,0.9934243925976715,0.0,0.9892808007436091,1.9728151006045052,0.027981083240894697,0.9906898532128225,0.0,0.03090116678650947,0.02584706577757198,1.002260394309059,2.0290953984226046,0.019775819736719033,0.0},fitness=net.sf.jclec.fitness.SimpleValueFitness@4c398c80[value=44.0624201627209]]
Worst individual: net.sf.jclec.realarray.RealArrayIndividual@3f0846c6[genotype={1.985893539674464,0.0,0.0,1.0002292246428894,1.9808187000356292,0.0,1.0077465460171495,0.02444933048032108,0.0052017445906595815,1.9692755805041253,0.9908465826271681,0.9791219450181173,2.581418311086679,1.0127183117531897,1.991325949903972,2.005768341869002,0.008851943559330307,0.49030106327448,0.0,0.9892808007436091,1.9728151006045052,0.0,0.9906898532128225,1.01485501234178,0.03090116678650947,0.0,1.002260394309059,2.0290953984226046,0.019775819736719033,0.021101585210956147},fitness=net.sf.jclec.fitness.SimpleValueFitness@78fbff54[value=83.68065412660704]]
Median individual: net.sf.jclec.realarray.RealArrayIndividual@4c4d27c8[genotype={1.985893539674464,0.0,0.0,1.0002292246428894,1.980806674281351,0.0,1.0077465460171495,0.02444933048032108,0.0052017445906595815,1.9692755805041253,0.9908612933782612,0.9791219450181173,2.97937773003759,1.0127183117531897,1.991325949903972,2.005768341869002,0.008851943559330307,0.9934243925976715,0.9791191781391866,0.9892808007436091,1.9728151006045052,0.027981083240894697,0.9906898532128225,1.01485501234178,0.03090116678650947,0.025026691051801626,1.002260394309059,2.0290953984226046,0.019775819736719033,0.021337383295922187},fitness=net.sf.jclec.fitness.SimpleValueFitness@338494fa[value=49.35681145675108]]
Average fitness = 50.46687899263368
Fitness variance = 36.65189339315475
Generation 180 Report
Best individual: net.sf.jclec.realarray.RealArrayIndividual@470a696f[genotype={1.985893539674464,0.0,0.0,1.0002292246428894,1.9808187000356292,0.0,1.0077465460171495,0.02444933048032108,0.0052017445906595815,1.9692755805041253,0.9908465826271681,0.9790556182302768,0.0,1.0127183117531897,0.0,2.005768341869002,0.008851943559330307,0.0,0.0,0.0,1.9728151006045052,0.0,0.9906898532128225,0.025815537842618363,0.0026114495982370173,0.0,1.013548965988709,2.0290952597370135,0.019775819736719033,0.0},fitness=net.sf.jclec.fitness.SimpleValueFitness@292d1c71[value=31.934876524294342]]
Worst individual: net.sf.jclec.realarray.RealArrayIndividual@2dbe250d[genotype={2.69395931822564,0.0,0.0,1.0002292246428894,1.9810201544398593,0.0,1.0077465460171495,0.0,0.0052017445906595815,0.8044826515107333,0.0,0.9791219450181173,0.0,1.0127183117531897,0.0,2.005768341869002,0.008851943559330307,0.0,0.0,0.9892808007436091,1.9728151006045052,0.0,0.9906898532128225,1.01485501234178,0.0026114495982370173,0.0,1.013548965988709,2.401037906580137,0.019775819736719033,0.0},fitness=net.sf.jclec.fitness.SimpleValueFitness@6e1d8f9e[value=72.31923023031075]]
Median individual: net.sf.jclec.realarray.RealArrayIndividual@2b491fee[genotype={1.985893539674464,0.0,0.0,1.0002292246428894,1.9810201544398593,0.0,1.0077465460171495,0.02444933048032108,0.0052017445906595815,1.9692755805041253,0.9908612933782612,0.9790556182302768,0.9843968262460643,1.0127183117531897,0.0,2.005768341869002,0.008851943559330307,0.9934243925976715,0.0,0.9892808007436091,1.9728151006045052,0.032312241830794966,0.9906898532128225,1.01485501234178,0.0026114495982370173,0.0,1.002260394309059,1.9798124066417002,0.019775819736719033,0.0},fitness=net.sf.jclec.fitness.SimpleValueFitness@1c55f277[value=35.75409747772537]]
Average fitness = 39.345372576874304
Fitness variance = 52.119696008744995
Generation 190 Report
Best individual: net.sf.jclec.realarray.RealArrayIndividual@41fe9859[genotype={1.985893539674464,0.0,0.0,0.012231930417682446,1.9810201544398593,0.0,0.0,0.02444933048032108,0.0,1.9692755805041253,0.0,0.9790556182302768,0.0,0.0,0.0,0.0,0.0,0.0,0.0,0.9892808007436091,1.9728151006045052,0.0,0.9906898532128225,0.025815537842618363,0.03090116678650947,0.0,1.002260394309059,1.9798124066417002,0.019775819736719033,0.0},fitness=net.sf.jclec.fitness.SimpleValueFitness@6c67e137[value=24.676576669419884]]
Worst individual: net.sf.jclec.realarray.RealArrayIndividual@4c168660[genotype={1.985893539674464,0.0,0.0,0.0,1.980806674281351,0.0,0.0,0.024625764896760816,0.0052017445906595815,1.9692755805041253,0.0,0.979269374518189,0.0,0.0,0.0,5.12,0.008851943559330307,0.9934243925976715,0.0,0.0,1.4762219920672341,0.0,0.9906898532128225,0.025815537842618363,0.03090116678650947,0.0,1.013548965988709,1.9798124066417002,0.019775819736719033,0.0},fitness=net.sf.jclec.fitness.SimpleValueFitness@fd0e5b6[value=71.67601732242731]]
Median individual: net.sf.jclec.realarray.RealArrayIndividual@5fd62371[genotype={1.985893539674464,0.0,0.0,0.0,1.980806674281351,0.0,0.9911500179348282,0.024625764896760816,0.0052017445906595815,1.9692755805041253,0.0,0.979269374518189,0.0,0.0,0.0,2.005768341869002,0.008851943559330307,0.0,0.0,0.0,1.9728151006045052,0.0,0.9906898532128225,0.025815537842618363,0.05531491190969984,0.0,1.013548965988709,1.9798124066417002,0.019775819736719033,0.0},fitness=net.sf.jclec.fitness.SimpleValueFitness@2b62442c[value=29.165196484568757]]
Average fitness = 31.80054483566407
Fitness variance = 48.808110313807106
Generation 200 Report
Best individual: net.sf.jclec.realarray.RealArrayIndividual@517bd097[genotype={1.985893539674464,0.0,0.0,0.0,1.980806674281351,0.0,0.0,0.0,0.0052017445906595815,0.0,0.0,0.0,0.0,0.0,0.0,0.0,0.008851943559330307,0.0,0.0,0.0,0.0,0.0,0.9906898532128225,0.0,0.0026114495982370173,0.0,1.013548965988709,1.9798124066417002,0.019775819736719033,0.0},fitness=net.sf.jclec.fitness.SimpleValueFitness@4a9cc6cb[value=14.14106179336858]]
Worst individual: net.sf.jclec.realarray.RealArrayIndividual@d78795[genotype={2.3075223520681436,0.0,0.0,0.0,1.9808187000356292,0.0,0.0,0.02444933048032108,0.0,1.9692755805041253,0.0,0.979269374518189,0.0,0.0,0.0,0.0,0.0,0.0,0.0,0.0,0.0,0.0,0.9906898532128225,0.025815537842618363,0.0026114495982370173,0.0,0.43960154887853975,1.9798124066417002,0.019775819736719033,0.0},fitness=net.sf.jclec.fitness.SimpleValueFitness@47428937[value=52.773851162570395]]
Median individual: net.sf.jclec.realarray.RealArrayIndividual@4cc547a[genotype={1.985893539674464,0.0,0.0,0.0,1.9808187000356292,0.0,0.0,0.0,0.0052017445906595815,1.9692755805041253,0.0,0.979269374518189,0.0,0.0,0.0,0.0,0.008851943559330307,0.0,0.0,0.0,0.0,0.0,0.9906898532128225,0.0,0.0026114495982370173,0.0,1.002260394309059,1.9798124066417002,0.019775819736719033,0.0},fitness=net.sf.jclec.fitness.SimpleValueFitness@4152d38d[value=19.190541340715594]]
Average fitness = 21.49752564799805
Fitness variance = 25.406401196420234
Generation 210 Report
Best individual: net.sf.jclec.realarray.RealArrayIndividual@2f40a43[genotype={0.0,0.0,0.0,0.0,1.9808187000356292,0.0,0.0,0.0,0.0052017445906595815,0.0,0.0,0.0,0.0,0.0,0.0,0.0,0.0,0.0,0.0,0.0,0.0,0.0,0.9906898532128225,0.0,0.0026114495982370173,0.0,0.0,0.0,0.0,0.0},fitness=net.sf.jclec.fitness.SimpleValueFitness@69c43e48[value=5.001471610984671]]
Worst individual: net.sf.jclec.realarray.RealArrayIndividual@51768776[genotype={1.985893539674464,0.0,0.0,0.0,1.980806674281351,0.0,0.0,0.0,0.10716795363363495,0.0,0.0,0.979269374518189,0.0,0.0,0.0,0.0,0.0,0.0,0.0,0.0,0.0,0.0,0.9906898532128225,0.0,0.0026114495982370173,0.0,1.002260394309059,2.785974946263482,0.0,0.0},fitness=net.sf.jclec.fitness.SimpleValueFitness@b93aad[value=28.743024483670208]]
Median individual: net.sf.jclec.realarray.RealArrayIndividual@345e5a17[genotype={1.985893539674464,0.0,0.0,0.0,1.980806674281351,0.0,0.0,0.0,0.0052017445906595815,0.0,0.0,0.0,0.0,0.0,0.0,0.0,0.008851943559330307,0.0,0.0,0.0,0.0,0.0,0.9906898532128225,0.0,0.0026114495982370173,0.0,1.002260394309059,1.9798124066417002,0.019775819736719033,0.0},fitness=net.sf.jclec.fitness.SimpleValueFitness@443dbe42[value=14.083100448860536]]
Average fitness = 12.557117674923507
Fitness variance = 8.922207493052582
Generation 220 Report
Best individual: net.sf.jclec.realarray.RealArrayIndividual@e72dba7[genotype={0.0,0.0,0.0,0.0,0.0,0.0,0.0,0.0,0.0,0.0,0.0,0.0,0.0,0.0,0.0,0.0,0.0,0.0,0.0,0.0,0.0,0.0,0.0,0.0,0.0026114495982370173,0.0,0.0,0.0,0.0,0.0},fitness=net.sf.jclec.fitness.SimpleValueFitness@1dfd5f51[value=0.0013529381716796962]]
Worst individual: net.sf.jclec.realarray.RealArrayIndividual@4a67318f[genotype={1.985893539674464,0.0,0.0,0.0,0.0,0.0,0.0,0.0,0.0052017445906595815,0.0,0.0,0.0,0.0,0.0,0.0,0.0,0.0,0.0,0.0,0.0,0.0,0.0,0.0,0.0,0.0026114495982370173,0.0,0.0,0.0,0.0,0.0},fitness=net.sf.jclec.fitness.SimpleValueFitness@17f9344b[value=3.9897475183737523]]
Median individual: net.sf.jclec.realarray.RealArrayIndividual@35e52059[genotype={0.0,0.0,0.0,0.0,0.0,0.0,0.0,0.0,0.0052017445906595815,0.0,0.0,0.0,0.0,0.0,0.0,0.0,0.0,0.0,0.0,0.0,0.0,0.0,0.0,0.0,0.0026114495982370173,0.0,0.0,0.0,0.0,0.0},fitness=net.sf.jclec.fitness.SimpleValueFitness@49bd54f7[value=0.0067205849781455385]]
Average fitness = 0.3675891297633623
Fitness variance = 0.45091240650995656
Generation 230 Report
Best individual: net.sf.jclec.realarray.RealArrayIndividual@2392212b[genotype={0.0,0.0,0.0,0.0,0.0,0.0,0.0,0.0,0.0,0.0,0.0,0.0,0.0,0.0,0.0,0.0,0.0,0.0,0.0,0.0,0.0,0.0,0.0,0.0,0.0,0.0,0.0,0.0,0.0,0.0},fitness=net.sf.jclec.fitness.SimpleValueFitness@28f8e165[value=0.0]]
Worst individual: net.sf.jclec.realarray.RealArrayIndividual@437ebf59[genotype={0.0,0.0,0.0,0.0,0.0,0.0,0.0,0.0,0.0,0.0,0.0,0.0,0.0,0.0,0.0,0.0,0.0,0.0,0.0,0.0,0.0,0.0,0.0,0.0,0.0026114495982370173,0.0,0.0,0.0,0.0,0.0},fitness=net.sf.jclec.fitness.SimpleValueFitness@410e94e[value=0.0013529381716796962]]
Median individual: net.sf.jclec.realarray.RealArrayIndividual@3003697[genotype={0.0,0.0,0.0,0.0,0.0,0.0,0.0,0.0,0.0,0.0,0.0,0.0,0.0,0.0,0.0,0.0,0.0,0.0,0.0,0.0,0.0,0.0,0.0,0.0,0.0,0.0,0.0,0.0,0.0,0.0},fitness=net.sf.jclec.fitness.SimpleValueFitness@1d269ed7[value=0.0]]
Average fitness = 4.0588145150390884E-5
Fitness variance = 5.326585336489077E-8
Generation 240 Report
Best individual: net.sf.jclec.realarray.RealArrayIndividual@78f9ed3e[genotype={0.0,0.0,0.0,0.0,0.0,0.0,0.0,0.0,0.0,0.0,0.0,0.0,0.0,0.0,0.0,0.0,0.0,0.0,0.0,0.0,0.0,0.0,0.0,0.0,0.0,0.0,0.0,0.0,0.0,0.0},fitness=net.sf.jclec.fitness.SimpleValueFitness@b0964b2[value=0.0]]
Worst individual: net.sf.jclec.realarray.RealArrayIndividual@78f9ed3e[genotype={0.0,0.0,0.0,0.0,0.0,0.0,0.0,0.0,0.0,0.0,0.0,0.0,0.0,0.0,0.0,0.0,0.0,0.0,0.0,0.0,0.0,0.0,0.0,0.0,0.0,0.0,0.0,0.0,0.0,0.0},fitness=net.sf.jclec.fitness.SimpleValueFitness@b0964b2[value=0.0]]
Median individual: net.sf.jclec.realarray.RealArrayIndividual@deb3b60[genotype={0.0,0.0,0.0,0.0,0.0,0.0,0.0,0.0,0.0,0.0,0.0,0.0,0.0,0.0,0.0,0.0,0.0,0.0,0.0,0.0,0.0,0.0,0.0,0.0,0.0,0.0,0.0,0.0,0.0,0.0},fitness=net.sf.jclec.fitness.SimpleValueFitness@39aa45a1[value=0.0]]
Average fitness = 0.0
Fitness variance = 0.0
Generation 250 Report
Best individual: net.sf.jclec.realarray.RealArrayIndividual@26a94fa5[genotype={0.0,0.0,0.0,0.0,0.0,0.0,0.0,0.0,0.0,0.0,0.0,0.0,0.0,0.0,0.0,0.0,0.0,0.0,0.0,0.0,0.0,0.0,0.0,0.0,0.0,0.0,0.0,0.0,0.0,0.0},fitness=net.sf.jclec.fitness.SimpleValueFitness@2873d672[value=0.0]]
Worst individual: net.sf.jclec.realarray.RealArrayIndividual@26a94fa5[genotype={0.0,0.0,0.0,0.0,0.0,0.0,0.0,0.0,0.0,0.0,0.0,0.0,0.0,0.0,0.0,0.0,0.0,0.0,0.0,0.0,0.0,0.0,0.0,0.0,0.0,0.0,0.0,0.0,0.0,0.0},fitness=net.sf.jclec.fitness.SimpleValueFitness@2873d672[value=0.0]]
Median individual: net.sf.jclec.realarray.RealArrayIndividual@4905c46b[genotype={0.0,0.0,0.0,0.0,0.0,0.0,0.0,0.0,0.0,0.0,0.0,0.0,0.0,0.0,0.0,0.0,0.0,0.0,0.0,0.0,0.0,0.0,0.0,0.0,0.0,0.0,0.0,0.0,0.0,0.0},fitness=net.sf.jclec.fitness.SimpleValueFitness@1136b469[value=0.0]]
Average fitness = 0.0
Fitness variance = 0.0
Generation 260 Report
Best individual: net.sf.jclec.realarray.RealArrayIndividual@783ec989[genotype={0.0,0.0,0.0,0.0,0.0,0.0,0.0,0.0,0.0,0.0,0.0,0.0,0.0,0.0,0.0,0.0,0.0,0.0,0.0,0.0,0.0,0.0,0.0,0.0,0.0,0.0,0.0,0.0,0.0,0.0},fitness=net.sf.jclec.fitness.SimpleValueFitness@f973499[value=0.0]]
Worst individual: net.sf.jclec.realarray.RealArrayIndividual@783ec989[genotype={0.0,0.0,0.0,0.0,0.0,0.0,0.0,0.0,0.0,0.0,0.0,0.0,0.0,0.0,0.0,0.0,0.0,0.0,0.0,0.0,0.0,0.0,0.0,0.0,0.0,0.0,0.0,0.0,0.0,0.0},fitness=net.sf.jclec.fitness.SimpleValueFitness@f973499[value=0.0]]
Median individual: net.sf.jclec.realarray.RealArrayIndividual@79a1728c[genotype={0.0,0.0,0.0,0.0,0.0,0.0,0.0,0.0,0.0,0.0,0.0,0.0,0.0,0.0,0.0,0.0,0.0,0.0,0.0,0.0,0.0,0.0,0.0,0.0,0.0,0.0,0.0,0.0,0.0,0.0},fitness=net.sf.jclec.fitness.SimpleValueFitness@41f35f7c[value=0.0]]
Average fitness = 0.0
Fitness variance = 0.0
Generation 270 Report
Best individual: net.sf.jclec.realarray.RealArrayIndividual@415156bf[genotype={0.0,0.0,0.0,0.0,0.0,0.0,0.0,0.0,0.0,0.0,0.0,0.0,0.0,0.0,0.0,0.0,0.0,0.0,0.0,0.0,0.0,0.0,0.0,0.0,0.0,0.0,0.0,0.0,0.0,0.0},fitness=net.sf.jclec.fitness.SimpleValueFitness@4af46df3[value=0.0]]
Worst individual: net.sf.jclec.realarray.RealArrayIndividual@293cde83[genotype={0.0,0.0,0.0,0.0,0.0,0.0,0.0,5.12,0.0,0.0,0.0,0.0,0.0,0.0,0.0,0.0,0.0,0.0,0.0,0.0,0.0,0.0,0.0,0.0,0.0,0.0,0.0,0.0,0.0,0.0},fitness=net.sf.jclec.fitness.SimpleValueFitness@57c88764[value=28.924713725785896]]
Median individual: net.sf.jclec.realarray.RealArrayIndividual@51dbd6e4[genotype={0.0,0.0,0.0,0.0,0.0,0.0,0.0,0.0,0.0,0.0,0.0,0.0,0.0,0.0,0.0,0.0,0.0,0.0,0.0,0.0,0.0,0.0,0.0,0.0,0.0,0.0,0.0,0.0,0.0,0.0},fitness=net.sf.jclec.fitness.SimpleValueFitness@5f13be1[value=0.0]]
Average fitness = 0.28924713725785894
Fitness variance = 8.282726734774803
Generation 280 Report
Best individual: net.sf.jclec.realarray.RealArrayIndividual@38a1c423[genotype={0.0,0.0,0.0,0.0,0.0,0.0,0.0,0.0,0.0,0.0,0.0,0.0,0.0,0.0,0.0,0.0,0.0,0.0,0.0,0.0,0.0,0.0,0.0,0.0,0.0,0.0,0.0,0.0,0.0,0.0},fitness=net.sf.jclec.fitness.SimpleValueFitness@38eb2fb0[value=0.0]]
Worst individual: net.sf.jclec.realarray.RealArrayIndividual@3c0fbd3a[genotype={0.0,5.12,0.0,0.0,0.0,0.0,0.0,0.0,0.0,0.0,0.0,0.0,0.0,0.0,0.0,0.0,0.0,0.0,0.0,0.0,0.0,0.0,0.0,0.0,0.0,0.0,0.0,0.0,0.0,0.0},fitness=net.sf.jclec.fitness.SimpleValueFitness@54562ea6[value=28.924713725785896]]
Median individual: net.sf.jclec.realarray.RealArrayIndividual@29c2c826[genotype={0.0,0.0,0.0,0.0,0.0,0.0,0.0,0.0,0.0,0.0,0.0,0.0,0.0,0.0,0.0,0.0,0.0,0.0,0.0,0.0,0.0,0.0,0.0,0.0,0.0,0.0,0.0,0.0,0.0,0.0},fitness=net.sf.jclec.fitness.SimpleValueFitness@6818d900[value=0.0]]
Average fitness = 0.8677414117735769
Fitness variance = 24.346196765853207
Generation 290 Report
Best individual: net.sf.jclec.realarray.RealArrayIndividual@453d496b[genotype={0.0,0.0,0.0,0.0,0.0,0.0,0.0,0.0,0.0,0.0,0.0,0.0,0.0,0.0,0.0,0.0,0.0,0.0,0.0,0.0,0.0,0.0,0.0,0.0,0.0,0.0,0.0,0.0,0.0,0.0},fitness=net.sf.jclec.fitness.SimpleValueFitness@2c6ee758[value=0.0]]
Worst individual: net.sf.jclec.realarray.RealArrayIndividual@10667848[genotype={0.0,0.0,0.0,0.0,0.0,0.0,0.0,0.0,0.0,0.0,0.0,0.0,0.0,0.0,0.0,0.0,0.0,0.0,0.0,0.0,0.0,0.0,5.12,0.0,0.0,0.0,0.0,0.0,0.0,0.0},fitness=net.sf.jclec.fitness.SimpleValueFitness@77c7ed8e[value=28.924713725785896]]
Median individual: net.sf.jclec.realarray.RealArrayIndividual@8d7b252[genotype={0.0,0.0,0.0,0.0,0.0,0.0,0.0,0.0,0.0,0.0,0.0,0.0,0.0,0.0,0.0,0.0,0.0,0.0,0.0,0.0,0.0,0.0,0.0,0.0,0.0,0.0,0.0,0.0,0.0,0.0},fitness=net.sf.jclec.fitness.SimpleValueFitness@6d9fb2d1[value=0.0]]
Average fitness = 0.8677414117735769
Fitness variance = 24.346196765853207
Generation 300 Report
Best individual: net.sf.jclec.realarray.RealArrayIndividual@1b7cae6f[genotype={0.0,0.0,0.0,0.0,0.0,0.0,0.0,0.0,0.0,0.0,0.0,0.0,0.0,0.0,0.0,0.0,0.0,0.0,0.0,0.0,0.0,0.0,0.0,0.0,0.0,0.0,0.0,0.0,0.0,0.0},fitness=net.sf.jclec.fitness.SimpleValueFitness@d5ce97f[value=0.0]]
Worst individual: net.sf.jclec.realarray.RealArrayIndividual@51351f28[genotype={0.0,0.0,0.0,0.0,0.0,0.0,0.0,0.0,0.0,0.0,0.0,0.0,0.0,0.0,0.0,0.0,0.0,0.0,0.0,0.0,0.0,0.0,0.0,0.0,0.0,0.0,5.12,0.0,0.0,0.0},fitness=net.sf.jclec.fitness.SimpleValueFitness@15f2eda3[value=28.924713725785896]]
Median individual: net.sf.jclec.realarray.RealArrayIndividual@e1e2e5e[genotype={0.0,0.0,0.0,0.0,0.0,0.0,0.0,0.0,0.0,0.0,0.0,0.0,0.0,0.0,0.0,0.0,0.0,0.0,0.0,0.0,0.0,0.0,0.0,0.0,0.0,0.0,0.0,0.0,0.0,0.0},fitness=net.sf.jclec.fitness.SimpleValueFitness@37864b77[value=0.0]]
Average fitness = 1.1569885490314358
Fitness variance = 32.12694006215681
Generation 310 Report
Best individual: net.sf.jclec.realarray.RealArrayIndividual@499683c4[genotype={0.0,0.0,0.0,0.0,0.0,0.0,0.0,0.0,0.0,0.0,0.0,0.0,0.0,0.0,0.0,0.0,0.0,0.0,0.0,0.0,0.0,0.0,0.0,0.0,0.0,0.0,0.0,0.0,0.0,0.0},fitness=net.sf.jclec.fitness.SimpleValueFitness@4efc25fc[value=0.0]]
Worst individual: net.sf.jclec.realarray.RealArrayIndividual@c1fca2a[genotype={0.0,0.0,0.0,0.0,0.0,0.0,0.0,0.0,0.0,0.0,0.0,0.0,0.0,0.0,0.0,0.0,0.0,0.0,0.0,0.0,5.12,0.0,0.0,0.0,0.0,0.0,0.0,0.0,0.0,0.0},fitness=net.sf.jclec.fitness.SimpleValueFitness@7c447c76[value=28.924713725785896]]
Median individual: net.sf.jclec.realarray.RealArrayIndividual@3e84111a[genotype={0.0,0.0,0.0,0.0,0.0,0.0,0.0,0.0,0.0,0.0,0.0,0.0,0.0,0.0,0.0,0.0,0.0,0.0,0.0,0.0,0.0,0.0,0.0,0.0,0.0,0.0,0.0,0.0,0.0,0.0},fitness=net.sf.jclec.fitness.SimpleValueFitness@6fa69af7[value=0.0]]
Average fitness = 0.5784942745157179
Fitness variance = 16.39812565672587
Generation 320 Report
Best individual: net.sf.jclec.realarray.RealArrayIndividual@3d278b4d[genotype={0.0,0.0,0.0,0.0,0.0,0.0,0.0,0.0,0.0,0.0,0.0,0.0,0.0,0.0,0.0,0.0,0.0,0.0,0.0,0.0,0.0,0.0,0.0,0.0,0.0,0.0,0.0,0.0,0.0,0.0},fitness=net.sf.jclec.fitness.SimpleValueFitness@9d3c67[value=0.0]]
Worst individual: net.sf.jclec.realarray.RealArrayIndividual@71d8cfe7[genotype={0.0,0.0,0.0,0.0,0.0,0.0,0.0,0.0,0.0,0.0,0.0,0.0,0.0,0.0,0.0,0.0,0.0,0.0,0.0,0.0,0.0,0.0,5.12,0.0,0.0,0.0,0.0,0.0,0.0,0.0},fitness=net.sf.jclec.fitness.SimpleValueFitness@14d8444b[value=28.924713725785896]]
Median individual: net.sf.jclec.realarray.RealArrayIndividual@52d6cd34[genotype={0.0,0.0,0.0,0.0,0.0,0.0,0.0,0.0,0.0,0.0,0.0,0.0,0.0,0.0,0.0,0.0,0.0,0.0,0.0,0.0,0.0,0.0,0.0,0.0,0.0,0.0,0.0,0.0,0.0,0.0},fitness=net.sf.jclec.fitness.SimpleValueFitness@27b2faa6[value=0.0]]
Average fitness = 1.1569885490314358
Fitness variance = 32.12694006215681
Generation 330 Report
Best individual: net.sf.jclec.realarray.RealArrayIndividual@5d5160e6[genotype={0.0,0.0,0.0,0.0,0.0,0.0,0.0,0.0,0.0,0.0,0.0,0.0,0.0,0.0,0.0,0.0,0.0,0.0,0.0,0.0,0.0,0.0,0.0,0.0,0.0,0.0,0.0,0.0,0.0,0.0},fitness=net.sf.jclec.fitness.SimpleValueFitness@2903c6ff[value=0.0]]
Worst individual: net.sf.jclec.realarray.RealArrayIndividual@238bfd6c[genotype={5.12,0.0,0.0,0.0,0.0,0.0,0.0,0.0,0.0,0.0,0.0,0.0,0.0,0.0,0.0,0.0,0.0,0.0,0.0,0.0,0.0,0.0,0.0,0.0,0.0,0.0,0.0,5.12,0.0,0.0},fitness=net.sf.jclec.fitness.SimpleValueFitness@58860997[value=57.84942745157179]]
Median individual: net.sf.jclec.realarray.RealArrayIndividual@706fe5c6[genotype={0.0,0.0,0.0,0.0,0.0,0.0,0.0,0.0,0.0,0.0,0.0,0.0,0.0,0.0,0.0,0.0,0.0,0.0,0.0,0.0,0.0,0.0,0.0,0.0,0.0,0.0,0.0,0.0,0.0,0.0},fitness=net.sf.jclec.fitness.SimpleValueFitness@56380231[value=0.0]]
Average fitness = 2.3139770980628716
Fitness variance = 78.30941640150724
Generation 340 Report
Best individual: net.sf.jclec.realarray.RealArrayIndividual@e042c99[genotype={0.0,0.0,0.0,0.0,0.0,0.0,0.0,0.0,0.0,0.0,0.0,0.0,0.0,0.0,0.0,0.0,0.0,0.0,0.0,0.0,0.0,0.0,0.0,0.0,0.0,0.0,0.0,0.0,0.0,0.0},fitness=net.sf.jclec.fitness.SimpleValueFitness@42b6d0cc[value=0.0]]
Worst individual: net.sf.jclec.realarray.RealArrayIndividual@1000d54d[genotype={0.0,0.0,0.0,0.0,0.0,0.0,0.0,0.0,0.0,0.0,0.0,0.0,0.0,0.0,0.0,0.0,0.0,5.12,0.0,0.0,0.0,0.0,0.0,0.0,0.0,0.0,0.0,0.0,0.0,0.0},fitness=net.sf.jclec.fitness.SimpleValueFitness@14b7786[value=28.924713725785896]]
Median individual: net.sf.jclec.realarray.RealArrayIndividual@3b4d50b[genotype={0.0,0.0,0.0,0.0,0.0,0.0,0.0,0.0,0.0,0.0,0.0,0.0,0.0,0.0,0.0,0.0,0.0,0.0,0.0,0.0,0.0,0.0,0.0,0.0,0.0,0.0,0.0,0.0,0.0,0.0},fitness=net.sf.jclec.fitness.SimpleValueFitness@476ee5b3[value=0.0]]
Average fitness = 3.181718509836449
Fitness variance = 81.90696437721749
Generation 350 Report
Best individual: net.sf.jclec.realarray.RealArrayIndividual@2e8a1ab4[genotype={0.0,0.0,0.0,0.0,0.0,0.0,0.0,0.0,0.0,0.0,0.0,0.0,0.0,0.0,0.0,0.0,0.0,0.0,0.0,0.0,0.0,0.0,0.0,0.0,0.0,0.0,0.0,0.0,0.0,0.0},fitness=net.sf.jclec.fitness.SimpleValueFitness@1aabf50d[value=0.0]]
Worst individual: net.sf.jclec.realarray.RealArrayIndividual@7e7f0216[genotype={0.0,0.0,0.0,0.0,0.0,0.0,0.0,0.0,0.0,0.0,0.0,0.0,0.0,0.0,5.12,0.0,0.0,0.0,0.0,0.0,0.0,0.0,0.0,0.0,0.0,0.0,0.0,0.0,0.0,0.0},fitness=net.sf.jclec.fitness.SimpleValueFitness@62db3891[value=28.924713725785896]]
Median individual: net.sf.jclec.realarray.RealArrayIndividual@7aac8884[genotype={0.0,0.0,0.0,0.0,0.0,0.0,0.0,0.0,0.0,0.0,0.0,0.0,0.0,0.0,0.0,0.0,0.0,0.0,0.0,0.0,0.0,0.0,0.0,0.0,0.0,0.0,0.0,0.0,0.0,0.0},fitness=net.sf.jclec.fitness.SimpleValueFitness@5b852b49[value=0.0]]
Average fitness = 2.0247299608050127
Fitness variance = 54.46520307412523
Generation 360 Report
Best individual: net.sf.jclec.realarray.RealArrayIndividual@6342d610[genotype={0.0,0.0,0.0,0.0,0.0,0.0,0.0,0.0,0.0,0.0,0.0,0.0,0.0,0.0,0.0,0.0,0.0,0.0,0.0,0.0,0.0,0.0,0.0,0.0,0.0,0.0,0.0,0.0,0.0,0.0},fitness=net.sf.jclec.fitness.SimpleValueFitness@784abd3e[value=0.0]]
Worst individual: net.sf.jclec.realarray.RealArrayIndividual@4613311f[genotype={0.0,0.0,0.0,0.0,0.0,0.0,0.0,0.0,0.0,0.0,0.0,0.0,0.0,0.0,0.0,0.0,0.0,0.0,0.0,0.0,0.0,0.0,0.0,0.0,0.0,0.0,5.12,0.0,5.12,0.0},fitness=net.sf.jclec.fitness.SimpleValueFitness@ec8f4b9[value=57.84942745157179]]
Median individual: net.sf.jclec.realarray.RealArrayIndividual@6ad16c5d[genotype={0.0,0.0,0.0,0.0,0.0,0.0,0.0,0.0,0.0,0.0,0.0,0.0,0.0,0.0,0.0,0.0,0.0,0.0,0.0,0.0,0.0,0.0,0.0,0.0,0.0,0.0,0.0,0.0,0.0,0.0},fitness=net.sf.jclec.fitness.SimpleValueFitness@6f911326[value=0.0]]
Average fitness = 3.4709656470943084
Fitness variance = 121.81464773567787
Generation 370 Report
Best individual: net.sf.jclec.realarray.RealArrayIndividual@445bb139[genotype={0.0,0.0,0.0,0.0,0.0,0.0,0.0,0.0,0.0,0.0,0.0,0.0,0.0,0.0,0.0,0.0,0.0,0.0,0.0,0.0,0.0,0.0,0.0,0.0,0.0,0.0,0.0,0.0,0.0,0.0},fitness=net.sf.jclec.fitness.SimpleValueFitness@7a81065e[value=0.0]]
Worst individual: net.sf.jclec.realarray.RealArrayIndividual@23f86d8a[genotype={0.0,0.0,0.0,0.0,0.0,0.0,0.0,0.0,5.12,0.0,0.0,0.0,0.0,0.0,0.0,0.0,0.0,0.0,0.0,0.0,0.0,0.0,0.0,5.12,0.0,0.0,5.12,0.0,0.0,0.0},fitness=net.sf.jclec.fitness.SimpleValueFitness@7d3c09ec[value=86.77414117735769]]
Median individual: net.sf.jclec.realarray.RealArrayIndividual@7f93dd4e[genotype={0.0,0.0,0.0,0.0,0.0,0.0,0.0,0.0,0.0,0.0,0.0,0.0,0.0,0.0,0.0,0.0,0.0,0.0,0.0,0.0,0.0,0.0,0.0,0.0,0.0,0.0,0.0,0.0,0.0,0.0},fitness=net.sf.jclec.fitness.SimpleValueFitness@3ad85136[value=0.0]]
Average fitness = 4.049459921610026
Fitness variance = 167.66246844938084
Generation 380 Report
Best individual: net.sf.jclec.realarray.RealArrayIndividual@7f6874f2[genotype={0.0,0.0,0.0,0.0,0.0,0.0,0.0,0.0,0.0,0.0,0.0,0.0,0.0,0.0,0.0,0.0,0.0,0.0,0.0,0.0,0.0,0.0,0.0,0.0,0.0,0.0,0.0,0.0,0.0,0.0},fitness=net.sf.jclec.fitness.SimpleValueFitness@697a34af[value=0.0]]
Worst individual: net.sf.jclec.realarray.RealArrayIndividual@6c101cc1[genotype={0.0,0.0,0.0,0.0,0.0,0.0,0.0,0.0,0.0,0.0,0.0,0.0,0.0,0.0,5.12,0.0,0.0,0.0,0.0,0.0,0.0,0.0,0.0,0.0,0.0,0.0,0.0,0.0,5.12,0.0},fitness=net.sf.jclec.fitness.SimpleValueFitness@7fb48179[value=57.84942745157179]]
Median individual: net.sf.jclec.realarray.RealArrayIndividual@4b0b64cc[genotype={0.0,0.0,0.0,0.0,0.0,0.0,0.0,0.0,0.0,0.0,0.0,0.0,0.0,0.0,0.0,0.0,0.0,0.0,0.0,0.0,0.0,0.0,0.0,0.0,0.0,0.0,0.0,0.0,0.0,0.0},fitness=net.sf.jclec.fitness.SimpleValueFitness@4860827a[value=0.0]]
Average fitness = 3.181718509836449
Fitness variance = 98.63974565959082
Generation 390 Report
Best individual: net.sf.jclec.realarray.RealArrayIndividual@37637a24[genotype={0.0,0.0,0.0,0.0,0.0,0.0,0.0,0.0,0.0,0.0,0.0,0.0,0.0,0.0,0.0,0.0,0.0,0.0,0.0,0.0,0.0,0.0,0.0,0.0,0.0,0.0,0.0,0.0,0.0,0.0},fitness=net.sf.jclec.fitness.SimpleValueFitness@770beef5[value=0.0]]
Worst individual: net.sf.jclec.realarray.RealArrayIndividual@63a28987[genotype={0.0,0.0,0.0,0.0,0.0,0.0,0.0,0.0,0.0,0.0,0.0,0.0,0.0,0.0,0.0,0.0,0.0,0.0,0.0,0.0,0.0,5.12,5.12,0.0,0.0,0.0,0.0,0.0,0.0,0.0},fitness=net.sf.jclec.fitness.SimpleValueFitness@38c9e0d6[value=57.84942745157179]]
Median individual: net.sf.jclec.realarray.RealArrayIndividual@1e1b061[genotype={0.0,0.0,0.0,0.0,0.0,0.0,0.0,0.0,0.0,0.0,0.0,0.0,0.0,0.0,0.0,0.0,0.0,0.0,0.0,0.0,0.0,0.0,0.0,0.0,0.0,0.0,0.0,0.0,0.0,0.0},fitness=net.sf.jclec.fitness.SimpleValueFitness@4a8e6e89[value=0.0]]
Average fitness = 6.074189882415038
Fitness variance = 205.72954586678014
Generation 400 Report
Best individual: net.sf.jclec.realarray.RealArrayIndividual@462abec3[genotype={0.0,0.0,0.0,0.0,0.0,0.0,0.0,0.0,0.0,0.0,0.0,0.0,0.0,0.0,0.0,0.0,0.0,0.0,0.0,0.0,0.0,0.0,0.0,0.0,0.0,0.0,0.0,0.0,0.0,0.0},fitness=net.sf.jclec.fitness.SimpleValueFitness@7a4d582c[value=0.0]]
Worst individual: net.sf.jclec.realarray.RealArrayIndividual@97a145b[genotype={0.0,0.0,0.0,0.0,0.0,0.0,0.0,0.0,0.0,5.12,0.0,5.12,0.0,0.0,0.0,0.0,0.0,0.0,0.0,0.0,0.0,0.0,0.0,0.0,0.0,0.0,5.12,0.0,0.0,0.0},fitness=net.sf.jclec.fitness.SimpleValueFitness@157ec23b[value=86.77414117735769]]
Median individual: net.sf.jclec.realarray.RealArrayIndividual@51ab1ee3[genotype={0.0,0.0,0.0,0.0,0.0,0.0,0.0,0.0,0.0,0.0,0.0,0.0,0.0,0.0,0.0,0.0,0.0,0.0,0.0,0.0,0.0,0.0,0.0,0.0,0.0,0.0,0.0,0.0,0.0,0.0},fitness=net.sf.jclec.fitness.SimpleValueFitness@3003e580[value=0.0]]
Average fitness = 6.074189882415038
Fitness variance = 255.92788971390019
Generation 410 Report
Best individual: net.sf.jclec.realarray.RealArrayIndividual@1a47a1e8[genotype={0.0,0.0,0.0,0.0,0.0,0.0,0.0,0.0,0.0,0.0,0.0,0.0,0.0,0.0,0.0,0.0,0.0,0.0,0.0,0.0,0.0,0.0,0.0,0.0,0.0,0.0,0.0,0.0,0.0,0.0},fitness=net.sf.jclec.fitness.SimpleValueFitness@62d1dc3c[value=0.0]]
Worst individual: net.sf.jclec.realarray.RealArrayIndividual@5034f5dd[genotype={0.0,0.0,0.0,0.0,0.0,0.0,0.0,0.0,0.0,0.0,0.0,0.0,0.0,0.0,0.0,0.0,0.0,5.12,0.0,0.0,0.0,0.0,0.0,0.0,0.0,0.0,0.0,5.12,0.0,0.0},fitness=net.sf.jclec.fitness.SimpleValueFitness@6a916402[value=57.84942745157179]]
Median individual: net.sf.jclec.realarray.RealArrayIndividual@3667faa8[genotype={0.0,0.0,0.0,0.0,0.0,0.0,0.0,0.0,0.0,0.0,0.0,0.0,0.0,0.0,0.0,0.0,0.0,0.0,0.0,0.0,0.0,0.0,0.0,0.0,0.0,0.0,0.0,0.0,0.0,0.0},fitness=net.sf.jclec.fitness.SimpleValueFitness@3138953b[value=0.0]]
Average fitness = 4.338707058867885
Fitness variance = 156.86982452225004
Generation 420 Report
Best individual: net.sf.jclec.realarray.RealArrayIndividual@273a5a8a[genotype={0.0,0.0,0.0,0.0,0.0,0.0,0.0,0.0,0.0,0.0,0.0,0.0,0.0,0.0,0.0,0.0,0.0,0.0,0.0,0.0,0.0,0.0,0.0,0.0,0.0,0.0,0.0,0.0,0.0,0.0},fitness=net.sf.jclec.fitness.SimpleValueFitness@5b5dce5c[value=0.0]]
Worst individual: net.sf.jclec.realarray.RealArrayIndividual@36c2d629[genotype={0.0,0.0,0.0,0.0,0.0,0.0,0.0,0.0,0.0,0.0,0.0,0.0,5.12,0.0,0.0,0.0,0.0,0.0,0.0,0.0,5.12,0.0,0.0,0.0,0.0,0.0,0.0,0.0,0.0,0.0},fitness=net.sf.jclec.fitness.SimpleValueFitness@54089484[value=57.84942745157179]]
Median individual: net.sf.jclec.realarray.RealArrayIndividual@1bf14704[genotype={0.0,0.0,0.0,0.0,0.0,0.0,0.0,0.0,0.0,0.0,0.0,0.0,0.0,0.0,0.0,0.0,0.0,0.0,0.0,0.0,0.0,0.0,0.0,0.0,0.0,0.0,0.0,0.0,0.0,0.0},fitness=net.sf.jclec.fitness.SimpleValueFitness@2be21396[value=0.0]]
Average fitness = 4.338707058867885
Fitness variance = 173.60260580462338
Generation 430 Report
Best individual: net.sf.jclec.realarray.RealArrayIndividual@5b47731f[genotype={0.0,0.0,0.0,0.0,0.0,0.0,0.0,0.0,0.0,0.0,0.0,0.0,0.0,0.0,0.0,0.0,0.0,0.0,0.0,0.0,0.0,0.0,0.0,0.0,0.0,0.0,0.0,0.0,0.0,0.0},fitness=net.sf.jclec.fitness.SimpleValueFitness@40c2ce52[value=0.0]]
Worst individual: net.sf.jclec.realarray.RealArrayIndividual@53c99b09[genotype={0.0,0.0,0.0,0.0,0.0,0.0,0.0,0.0,0.0,0.0,0.0,5.12,0.0,0.0,0.0,0.0,0.0,0.0,0.0,0.0,5.12,0.0,0.0,0.0,0.0,5.12,0.0,0.0,0.0,0.0},fitness=net.sf.jclec.fitness.SimpleValueFitness@7c20cdd0[value=86.77414117735769]]
Median individual: net.sf.jclec.realarray.RealArrayIndividual@5cf8676a[genotype={0.0,0.0,0.0,0.0,0.0,0.0,0.0,0.0,0.0,0.0,0.0,0.0,0.0,0.0,0.0,0.0,0.0,0.0,0.0,0.0,0.0,0.0,0.0,0.0,0.0,0.0,0.0,0.0,0.0,0.0},fitness=net.sf.jclec.fitness.SimpleValueFitness@3520963d[value=0.0]]
Average fitness = 4.917201333383603
Fitness variance = 218.44645964138397
Generation 440 Report
Best individual: net.sf.jclec.realarray.RealArrayIndividual@1f95881a[genotype={0.0,0.0,0.0,0.0,0.0,0.0,0.0,0.0,0.0,0.0,0.0,0.0,0.0,0.0,0.0,0.0,0.0,0.0,0.0,0.0,0.0,0.0,0.0,0.0,0.0,0.0,0.0,0.0,0.0,0.0},fitness=net.sf.jclec.fitness.SimpleValueFitness@733ec58b[value=0.0]]
Worst individual: net.sf.jclec.realarray.RealArrayIndividual@7a2ab862[genotype={0.0,0.0,0.0,5.12,0.0,0.0,5.12,0.0,0.0,0.0,0.0,0.0,0.0,0.0,0.0,0.0,0.0,0.0,0.0,0.0,0.0,0.0,0.0,0.0,0.0,0.0,0.0,5.12,0.0,0.0},fitness=net.sf.jclec.fitness.SimpleValueFitness@4733f6f5[value=86.77414117735769]]
Median individual: net.sf.jclec.realarray.RealArrayIndividual@718f805a[genotype={0.0,0.0,0.0,0.0,0.0,0.0,0.0,0.0,0.0,0.0,0.0,0.0,0.0,0.0,0.0,0.0,0.0,0.0,0.0,0.0,0.0,0.0,0.0,0.0,0.0,0.0,0.0,0.0,0.0,0.0},fitness=net.sf.jclec.fitness.SimpleValueFitness@557b6a37[value=0.0]]
Average fitness = 6.363437019672897
Fitness variance = 310.89507622649666
Generation 450 Report
Best individual: net.sf.jclec.realarray.RealArrayIndividual@664212ab[genotype={0.0,0.0,0.0,0.0,0.0,0.0,0.0,0.0,0.0,0.0,0.0,0.0,0.0,0.0,0.0,0.0,0.0,0.0,0.0,0.0,0.0,0.0,0.0,0.0,0.0,0.0,0.0,0.0,0.0,0.0},fitness=net.sf.jclec.fitness.SimpleValueFitness@3443e476[value=0.0]]
Worst individual: net.sf.jclec.realarray.RealArrayIndividual@22dc59b2[genotype={0.0,0.0,0.0,0.0,0.0,5.12,5.12,0.0,0.0,0.0,0.0,0.0,0.0,0.0,0.0,0.0,0.0,5.12,0.0,0.0,0.0,0.0,0.0,0.0,0.0,0.0,5.12,0.0,0.0,0.0},fitness=net.sf.jclec.fitness.SimpleValueFitness@546394ed[value=115.69885490314358]]
Median individual: net.sf.jclec.realarray.RealArrayIndividual@68ddd415[genotype={0.0,0.0,0.0,0.0,0.0,0.0,0.0,0.0,0.0,0.0,0.0,0.0,0.0,0.0,0.0,0.0,0.0,0.0,0.0,0.0,0.0,0.0,0.0,0.0,0.0,0.0,0.0,0.0,0.0,0.0},fitness=net.sf.jclec.fitness.SimpleValueFitness@664632e9[value=0.0]]
Average fitness = 10.123649804025062
Fitness variance = 491.52545016971686
Generation 460 Report
Best individual: net.sf.jclec.realarray.RealArrayIndividual@3cdc7b09[genotype={0.0,0.0,0.0,0.0,0.0,0.0,0.0,0.0,0.0,0.0,0.0,0.0,0.0,0.0,0.0,0.0,0.0,0.0,0.0,0.0,0.0,0.0,0.0,0.0,0.0,0.0,0.0,0.0,0.0,0.0},fitness=net.sf.jclec.fitness.SimpleValueFitness@684e8c9d[value=0.0]]
Worst individual: net.sf.jclec.realarray.RealArrayIndividual@545b5ed0[genotype={0.0,0.0,0.0,0.0,0.0,0.0,0.0,0.0,0.0,5.12,0.0,0.0,0.0,0.0,5.12,0.0,0.0,0.0,0.0,0.0,0.0,0.0,0.0,5.12,0.0,0.0,0.0,0.0,0.0,0.0},fitness=net.sf.jclec.fitness.SimpleValueFitness@667dcaad[value=86.77414117735769]]
Median individual: net.sf.jclec.realarray.RealArrayIndividual@7a1b8a46[genotype={0.0,0.0,0.0,0.0,0.0,0.0,0.0,0.0,0.0,0.0,0.0,0.0,0.0,0.0,0.0,0.0,0.0,0.0,0.0,0.0,0.0,0.0,0.0,0.0,0.0,0.0,0.0,0.0,0.0,0.0},fitness=net.sf.jclec.fitness.SimpleValueFitness@3d40a3b4[value=0.0]]
Average fitness = 6.652684156930755
Fitness variance = 248.56546594965593
Generation 470 Report
Best individual: net.sf.jclec.realarray.RealArrayIndividual@186d8a71[genotype={0.0,0.0,0.0,0.0,0.0,0.0,0.0,0.0,0.0,0.0,0.0,0.0,0.0,0.0,0.0,0.0,0.0,0.0,0.0,0.0,0.0,0.0,0.0,0.0,0.0,0.0,0.0,0.0,0.0,0.0},fitness=net.sf.jclec.fitness.SimpleValueFitness@2db6d68d[value=0.0]]
Worst individual: net.sf.jclec.realarray.RealArrayIndividual@4d705112[genotype={0.0,0.0,0.0,0.0,0.0,0.0,0.0,0.0,0.0,0.0,0.0,0.0,5.12,0.0,0.0,0.0,0.0,5.12,0.0,0.0,0.0,0.0,0.0,0.0,0.0,0.0,5.12,0.0,0.0,0.0},fitness=net.sf.jclec.fitness.SimpleValueFitness@19489b27[value=86.77414117735769]]
Median individual: net.sf.jclec.realarray.RealArrayIndividual@6d6ac396[genotype={0.0,0.0,0.0,0.0,0.0,0.0,0.0,0.0,0.0,0.0,0.0,0.0,0.0,0.0,0.0,0.0,0.0,0.0,0.0,0.0,0.0,0.0,0.0,0.0,0.0,0.0,0.0,0.0,0.0,0.0},fitness=net.sf.jclec.fitness.SimpleValueFitness@f5a7226[value=0.0]]
Average fitness = 8.38816698047791
Fitness variance = 373.0573586905136
Generation 480 Report
Best individual: net.sf.jclec.realarray.RealArrayIndividual@2d7637e6[genotype={0.0,0.0,0.0,0.0,0.0,0.0,0.0,0.0,0.0,0.0,0.0,0.0,0.0,0.0,0.0,0.0,0.0,0.0,0.0,0.0,0.0,0.0,0.0,0.0,0.0,0.0,0.0,0.0,0.0,0.0},fitness=net.sf.jclec.fitness.SimpleValueFitness@39b626e5[value=0.0]]
Worst individual: net.sf.jclec.realarray.RealArrayIndividual@7b53b1ad[genotype={0.0,5.12,0.0,0.0,0.0,0.0,0.0,5.12,0.0,0.0,0.0,0.0,0.0,0.0,0.0,0.0,0.0,0.0,0.0,5.12,0.0,0.0,0.0,0.0,0.0,0.0,0.0,0.0,0.0,0.0},fitness=net.sf.jclec.fitness.SimpleValueFitness@388c519[value=86.77414117735769]]
Median individual: net.sf.jclec.realarray.RealArrayIndividual@739265f1[genotype={0.0,0.0,0.0,0.0,0.0,0.0,0.0,0.0,0.0,0.0,0.0,0.0,0.0,0.0,0.0,0.0,0.0,0.0,0.0,0.0,0.0,0.0,0.0,0.0,0.0,0.0,0.0,0.0,0.0,0.0},fitness=net.sf.jclec.fitness.SimpleValueFitness@6acffb2d[value=0.0]]
Average fitness = 6.652684156930757
Fitness variance = 315.4965910791493
Generation 490 Report
Best individual: net.sf.jclec.realarray.RealArrayIndividual@6c33da7a[genotype={0.0,0.0,0.0,0.0,0.0,0.0,0.0,0.0,0.0,0.0,0.0,0.0,0.0,0.0,0.0,0.0,0.0,0.0,0.0,0.0,0.0,0.0,0.0,0.0,0.0,0.0,0.0,0.0,0.0,0.0},fitness=net.sf.jclec.fitness.SimpleValueFitness@32a72c4[value=0.0]]
Worst individual: net.sf.jclec.realarray.RealArrayIndividual@15c6027d[genotype={0.0,5.12,0.0,0.0,0.0,0.0,5.12,0.0,0.0,0.0,0.0,0.0,0.0,5.12,0.0,0.0,0.0,0.0,0.0,0.0,0.0,5.12,0.0,0.0,0.0,0.0,0.0,0.0,0.0,0.0},fitness=net.sf.jclec.fitness.SimpleValueFitness@2bb62414[value=115.69885490314358]]
Median individual: net.sf.jclec.realarray.RealArrayIndividual@1961d75a[genotype={0.0,0.0,0.0,0.0,0.0,0.0,0.0,0.0,0.0,0.0,0.0,0.0,0.0,0.0,0.0,0.0,0.0,0.0,0.0,0.0,0.0,0.0,0.0,0.0,0.0,0.0,0.0,0.0,0.0,0.0},fitness=net.sf.jclec.fitness.SimpleValueFitness@3e26482[value=0.0]]
Average fitness = 6.363437019672898
Fitness variance = 310.89507622649666
Generation 500 Report
Best individual: net.sf.jclec.realarray.RealArrayIndividual@59018eed[genotype={0.0,0.0,0.0,0.0,0.0,0.0,0.0,0.0,0.0,0.0,0.0,0.0,0.0,0.0,0.0,0.0,0.0,0.0,0.0,0.0,0.0,0.0,0.0,0.0,0.0,0.0,0.0,0.0,0.0,0.0},fitness=net.sf.jclec.fitness.SimpleValueFitness@76973a6[value=0.0]]
Worst individual: net.sf.jclec.realarray.RealArrayIndividual@7ce29a2d[genotype={0.0,0.0,0.0,0.0,0.0,0.0,0.0,0.0,0.0,0.0,0.0,0.0,0.0,0.0,0.0,0.0,0.0,0.0,0.0,0.0,5.12,0.0,0.0,0.0,5.12,0.0,0.0,0.0,0.0,0.0},fitness=net.sf.jclec.fitness.SimpleValueFitness@79d7035[value=57.84942745157179]]
Median individual: net.sf.jclec.realarray.RealArrayIndividual@6839203b[genotype={0.0,0.0,0.0,0.0,0.0,0.0,0.0,0.0,0.0,0.0,0.0,0.0,0.0,0.0,0.0,0.0,0.0,0.0,0.0,0.0,0.0,0.0,0.0,0.0,0.0,0.0,0.0,0.0,0.0,0.0},fitness=net.sf.jclec.fitness.SimpleValueFitness@6db328f8[value=0.0]]
Average fitness = 4.338707058867885
Fitness variance = 156.86982452225
