Wed Nov 21 15.28.30 CET 2018
Generation 0 Report
Best individual: net.sf.jclec.realarray.RealArrayIndividual@4ccabbaa[genotype={3.0793623786063193,0.39786852013707474,4.059964958224815,1.0515075588727358,3.138225214187455,4.682295469114319,3.87862829528128,3.1734479529366553,4.237594359981792,2.5275466797240926,2.8714975996672014,0.947203430720788,2.381787865707894,1.1490431121255358,1.19803769754451,1.1369719338370765,1.211327499981175,2.9303599274167498,1.3115986084805027,0.26052409882153577,0.24502300215040465,4.056897052238332,3.090308938810689,1.280253480997271,0.507882117763032,3.3162051961694425,4.639016952595804,3.1439182041688283,4.032128408184016,0.8831220390701364},fitness=net.sf.jclec.fitness.SimpleValueFitness@2d38eb89[value=451.04501526382927]]
Worst individual: net.sf.jclec.realarray.RealArrayIndividual@51521cc1[genotype={0.6969872450067471,4.237067731473175,3.4442271861433915,2.535803437208511,3.5082109263097534,4.519734694171866,2.893088257489877,4.987076597245018,4.823716125835303,3.495684881122757,5.067846226540778,2.8664887661223224,4.874586264436503,1.239047003185745,0.4010738935116427,2.746747232440201,3.8159005656815315,2.4627002004480647,4.419673200908813,4.45886691087373,1.525914350615776,3.0322888104096575,2.363320772690509,0.6333520799650904,4.447341718298852,2.7714911000351017,3.632273887454937,1.2228025555116868,1.836513943661077,2.684313732832756},fitness=net.sf.jclec.fitness.SimpleValueFitness@deb6432[value=698.8351992940559]]
Median individual: net.sf.jclec.realarray.RealArrayIndividual@26f0a63f[genotype={0.03816976889696922,0.32623146231063405,0.0869157886353403,0.24605385258896334,2.498814219395813,4.690484010273026,0.4768604217804678,2.079925550885359,2.419804600867324,0.1718299006566738,3.0443180723265826,3.160615592319252,1.8570689635999955,0.523057165097426,1.4651913613088596,3.2874737991880547,2.8896416688797,2.8322422942606944,2.5850954498130214,3.2420890952685353,1.7299716610368094,2.4215071456029076,0.6145534396783842,3.493712577678496,1.4915362645423387,1.5183120521488291,2.788616516303881,2.6528512008854173,1.8906808486332616,0.8150613768528027},fitness=net.sf.jclec.fitness.SimpleValueFitness@53bd815b[value=493.7172098018784]]
Average fitness = 561.1638068669196
Fitness variance = 2424.8420136025525
Generation 10 Report
Best individual: net.sf.jclec.realarray.RealArrayIndividual@73035e27[genotype={0.7411186825575737,1.9830347220191806,1.923288643330017,0.09486977835790543,1.5629875370701365,0.9459624500618108,2.817432513736183,1.0228320281343257,1.2056482309894032,2.908630438451679,1.9394072083750642,2.988022168063123,1.4505749787884294,1.034398936809126,0.07610727756040449,1.8852616418662909,1.5097243792043415,0.6389434511769089,0.11841370286259334,0.8909053687691291,1.0977210248692881,0.27245172766379117,0.03801558121347585,1.105622564887207,0.8685986994027367,2.2098482853492865,0.03669555525662874,0.12513488872185602,1.0583923580639918,3.8519340086840907},fitness=net.sf.jclec.fitness.SimpleValueFitness@3ecf72fd[value=225.24723291578664]]
Worst individual: net.sf.jclec.realarray.RealArrayIndividual@1554909b[genotype={0.7411186825575737,1.9830347220191806,2.169674994478458,4.4276337924420135,0.38446912382916715,1.8361655759605418,0.08783185234551227,0.10735415274451046,3.1851741371475653,1.6578565238783376,2.1571303049580677,0.8240199528225368,1.5464614312157938,3.3055571145765708,2.9891647199932216,0.38657713990072323,1.5097243792043415,3.937294592885562,2.5850954498130214,3.2420890952685353,1.9894637101743007,2.8958124807010317,1.0820478233579558,3.947135026751342,0.49204118093681143,0.9546246955715028,3.9516705970196186,2.6528512008854173,1.0583923580639918,0.5603709063679135},fitness=net.sf.jclec.fitness.SimpleValueFitness@6cd8737[value=414.4624005853991]]
Median individual: net.sf.jclec.realarray.RealArrayIndividual@2c8d66b2[genotype={2.1686946792433033,1.2061025185307772,2.169674994478458,0.9920628603492573,1.5629875370701365,2.9639648315538296,0.10148204958720175,0.10735415274451046,1.2056482309894032,0.5350440385740171,3.277500847504027,2.962436115424821,2.168461944556784,1.040626051179447,3.775694718752839,1.8852616418662909,0.35861431384024733,0.6389434511769089,1.1430155803374065,1.989384166581587,2.3392285650788858,0.27245172766379117,0.03801558121347585,3.947135026751342,0.8685986994027367,2.0809837646249867,2.921940964231804,0.12513488872185602,1.1171489185605965,1.0186536923537828},fitness=net.sf.jclec.fitness.SimpleValueFitness@3cb5cdba[value=282.6518557916103]]
Average fitness = 322.83895068533684
Fitness variance = 1467.7570826124575
Generation 20 Report
Best individual: net.sf.jclec.realarray.RealArrayIndividual@3327bd23[genotype={2.036314042280894,1.9830347220191806,2.169674994478458,0.9920628603492573,0.9698876478384072,2.9639648315538296,3.0348834960348836,0.10735415274451046,2.0327113061864495,2.908630438451679,1.9394072083750642,0.03544716545537163,1.0414258587035972,1.040626051179447,0.07610727756040449,0.9356804163419657,0.8901736049094621,1.0624584916739657,1.1430155803374065,1.989384166581587,1.0977210248692881,2.8958124807010317,0.03200338874793227,1.9818474522991674,1.136412099933391,2.0809837646249867,0.03669555525662874,2.0376328356136533,1.1171489185605965,1.0186536923537828},fitness=net.sf.jclec.fitness.SimpleValueFitness@66480dd7[value=117.53258983298912]]
Worst individual: net.sf.jclec.realarray.RealArrayIndividual@6ea12c19[genotype={0.7411186825575737,1.2061025185307772,2.169674994478458,0.9920628603492573,0.9698876478384072,3.498051901823365,3.0348834960348836,0.0848066353071309,1.2056482309894032,0.14285691494352765,3.823702027113959,1.247070317880445,1.4339920478249017,1.1519089535923508,2.0569953582561076,1.8852616418662909,0.8901736049094621,1.0624584916739657,2.2873912953765436,1.1724785623645222,1.9894637101743007,2.8958124807010317,2.4308367366546233,2.0490083084693316,1.136412099933391,2.0809837646249867,0.03669555525662874,2.10161575562008,1.1171489185605965,1.0186536923537828},fitness=net.sf.jclec.fitness.SimpleValueFitness@7921b0a2[value=251.82412188046533]]
Median individual: net.sf.jclec.realarray.RealArrayIndividual@6a41eaa2[genotype={1.05550947920505,1.2061025185307772,2.169674994478458,0.9920628603492573,0.9698876478384072,1.8361655759605418,3.0348834960348836,0.0848066353071309,1.2056482309894032,1.0154760709025787,1.9394072083750642,0.03544716545537163,3.1213656370258054,1.040626051179447,0.07610727756040449,1.8852616418662909,0.35861431384024733,0.6389434511769089,1.1430155803374065,0.8909053687691291,1.9894637101743007,2.8958124807010317,1.0820478233579558,1.9818474522991674,1.136412099933391,2.0809837646249867,1.0192869511906233,1.0649076847415153,1.1171489185605965,1.8659230216301743},fitness=net.sf.jclec.fitness.SimpleValueFitness@6d4b1c02[value=163.46052467121868]]
Average fitness = 164.90243155546665
Fitness variance = 488.9948081115399
Generation 30 Report
Best individual: net.sf.jclec.realarray.RealArrayIndividual@71bbf57e[genotype={2.036314042280894,1.9830347220191806,1.923288643330017,0.9920628603492573,0.9698876478384072,0.9459624500618108,0.10148204958720175,1.0228320281343257,2.0327113061864495,1.0154760709025787,1.9394072083750642,0.03544716545537163,1.9575781998142492,1.040626051179447,0.07610727756040449,1.8852616418662909,0.8901736049094621,1.0624584916739657,0.9870282106791638,0.8909053687691291,1.9894637101743007,2.0479677448575955,0.03801558121347585,2.0490083084693316,0.8685986994027367,2.0809837646249867,0.03669555525662874,0.12513488872185602,1.0583923580639918,1.0186536923537828},fitness=net.sf.jclec.fitness.SimpleValueFitness@51cdd8a[value=81.13469637533554]]
Worst individual: net.sf.jclec.realarray.RealArrayIndividual@3701eaf6[genotype={2.036314042280894,1.9830347220191806,0.9318105164828729,0.9920628603492573,0.9698876478384072,1.3054926169818246,3.0348834960348836,1.0228320281343257,1.2056482309894032,1.0154760709025787,1.913497435749606,1.9685185492144641,1.9575781998142492,1.040626051179447,0.07610727756040449,1.8852616418662909,0.8901736049094621,1.0624584916739657,1.1430155803374065,1.989384166581587,1.0977210248692881,2.0479677448575955,0.03801558121347585,0.8296152817828762,0.8685986994027367,1.5955089974708019,0.03669555525662874,0.12513488872185602,1.0583923580639918,1.0186536923537828},fitness=net.sf.jclec.fitness.SimpleValueFitness@2b552920[value=128.48076213911185]]
Median individual: net.sf.jclec.realarray.RealArrayIndividual@80503[genotype={2.036314042280894,1.9830347220191806,1.923288643330017,0.9920628603492573,0.9698876478384072,0.9459624500618108,0.10148204958720175,0.0848066353071309,2.0327113061864495,2.908630438451679,1.913497435749606,0.03544716545537163,1.9575781998142492,1.040626051179447,0.07610727756040449,1.8852616418662909,0.8901736049094621,1.0624584916739657,1.2193979381093187,0.7866222452945726,1.0977210248692881,2.0479677448575955,0.03801558121347585,0.8296152817828762,1.136412099933391,2.0809837646249867,0.03669555525662874,0.12513488872185602,1.1171489185605965,1.0186536923537828},fitness=net.sf.jclec.fitness.SimpleValueFitness@69a3d1d[value=107.94108204747282]]
Average fitness = 100.46258209742446
Fitness variance = 84.14537819683574
Generation 40 Report
Best individual: net.sf.jclec.realarray.RealArrayIndividual@32cf48b7[genotype={2.036314042280894,1.9830347220191806,0.04793535400103684,0.9920628603492573,1.0474221832683894,0.9459624500618108,0.10148204958720175,0.06827786601351311,2.0327113061864495,1.0154760709025787,1.9394072083750642,0.03544716545537163,1.0414258587035972,1.040626051179447,0.07610727756040449,0.9356804163419657,0.8901736049094621,1.0624584916739657,0.9727550913759433,1.989384166581587,1.0977210248692881,2.0479677448575955,0.03801558121347585,1.9818474522991674,1.1028120681108555,2.0809837646249867,0.03669555525662874,0.12513488872185602,1.0583923580639918,1.0186536923537828},fitness=net.sf.jclec.fitness.SimpleValueFitness@5cdd8682[value=68.44999244578803]]
Worst individual: net.sf.jclec.realarray.RealArrayIndividual@67b467e9[genotype={2.036314042280894,1.9830347220191806,0.9318105164828729,1.5078632258017717,0.9698876478384072,0.9459624500618108,0.10148204958720175,1.0228320281343257,2.0327113061864495,1.0154760709025787,1.9394072083750642,0.03544716545537163,1.9575781998142492,1.040626051179447,0.07610727756040449,0.9356804163419657,0.8901736049094621,1.0624584916739657,0.9870282106791638,1.989384166581587,1.0977210248692881,2.0479677448575955,0.03801558121347585,1.9818474522991674,1.136412099933391,2.0809837646249867,0.03669555525662874,0.12513488872185602,1.1171489185605965,1.0186536923537828},fitness=net.sf.jclec.fitness.SimpleValueFitness@5c072e3f[value=97.0979884517157]]
Median individual: net.sf.jclec.realarray.RealArrayIndividual@130f889[genotype={2.036314042280894,1.9830347220191806,0.04793535400103684,0.9920628603492573,1.0474221832683894,0.9459624500618108,0.10148204958720175,1.0228320281343257,2.0327113061864495,1.0154760709025787,1.9394072083750642,0.03544716545537163,1.0414258587035972,1.040626051179447,0.07610727756040449,1.8852616418662909,0.8901736049094621,1.0624584916739657,0.9870282106791638,1.989384166581587,1.0977210248692881,2.0479677448575955,0.03801558121347585,1.9818474522991674,0.8685986994027367,2.0809837646249867,0.03669555525662874,1.0649076847415153,1.0583923580639918,1.0186536923537828},fitness=net.sf.jclec.fitness.SimpleValueFitness@2f490758[value=72.71013666519808]]
Average fitness = 73.93488314830286
Fitness variance = 22.94669401790361
Generation 50 Report
Best individual: net.sf.jclec.realarray.RealArrayIndividual@5dd6264[genotype={2.036314042280894,1.9830347220191806,0.04793535400103684,0.9920628603492573,0.9698876478384072,0.9459624500618108,0.9665448379103724,1.0228320281343257,2.0327113061864495,1.0154760709025787,1.9394072083750642,0.03544716545537163,1.0414258587035972,1.040626051179447,0.07610727756040449,0.9373989331140508,0.8901736049094621,1.0624584916739657,0.9870282106791638,0.8909053687691291,1.0977210248692881,1.949713541702896,0.03801558121347585,1.9818474522991674,0.8685986994027367,2.048383635733086,0.03669555525662874,1.0342000872871377,0.9974234280858082,1.018203916089235},fitness=net.sf.jclec.fitness.SimpleValueFitness@51e5fc98[value=63.40349195106588]]
Worst individual: net.sf.jclec.realarray.RealArrayIndividual@61009542[genotype={2.036314042280894,1.9830347220191806,0.047273850799015346,0.9920628603492573,0.9698876478384072,0.9459624500618108,0.9665448379103724,0.06827786601351311,2.0327113061864495,1.0154760709025787,1.913497435749606,0.03544716545537163,1.0380875918811283,1.040626051179447,0.07610727756040449,0.9373989331140508,0.8901736049094621,1.0624584916739657,0.9870282106791638,0.8909053687691291,1.0977210248692881,2.0479677448575955,0.03801558121347585,1.9818474522991674,1.136412099933391,2.0809837646249867,0.03669555525662874,1.3688950885582278,1.0583923580639918,1.018203916089235},fitness=net.sf.jclec.fitness.SimpleValueFitness@448ff1a8[value=83.94124830321593]]
Median individual: net.sf.jclec.realarray.RealArrayIndividual@6ab7a896[genotype={2.036314042280894,1.9830347220191806,0.04793535400103684,0.9920628603492573,0.9698876478384072,0.9459624500618108,0.10148204958720175,0.06827786601351311,2.0327113061864495,1.0154760709025787,1.913497435749606,0.03544716545537163,1.0414258587035972,1.040626051179447,0.07610727756040449,0.9356804163419657,0.9855757562713314,0.9718501635125291,0.9870282106791638,0.8909053687691291,1.0977210248692881,2.0479677448575955,0.0372600950778434,1.9818474522991674,0.8685986994027367,2.0809837646249867,0.03669555525662874,1.0649076847415153,0.9974234280858082,1.018203916089235},fitness=net.sf.jclec.fitness.SimpleValueFitness@45dd4eda[value=63.72867660087066]]
Average fitness = 66.99640922286598
Fitness variance = 10.571952509482799
Generation 60 Report
Best individual: net.sf.jclec.realarray.RealArrayIndividual@2d7275fc[genotype={1.9909685080296813,1.9830347220191806,0.04793535400103684,0.9920628603492573,0.9698876478384072,0.9459624500618108,0.10148204958720175,0.06827786601351311,2.0327113061864495,1.019388871326434,1.9394072083750642,0.03544716545537163,1.0380875918811283,1.0225568366948175,0.07610727756040449,0.9356804163419657,0.9855757562713314,0.9718501635125291,1.0250802424794354,0.9304611598793482,1.0479157411368214,2.0479677448575955,0.0372600950778434,1.9818474522991674,0.8928038929650836,2.048383635733086,0.03669555525662874,1.0342000872871377,0.9974234280858082,1.0186536923537828},fitness=net.sf.jclec.fitness.SimpleValueFitness@38c6f217[value=57.24328174627517]]
Worst individual: net.sf.jclec.realarray.RealArrayIndividual@3427b02d[genotype={1.9909685080296813,1.9830347220191806,0.04793535400103684,0.9920628603492573,0.9698876478384072,0.9459624500618108,0.9665448379103724,0.06827786601351311,2.0327113061864495,1.004019842947994,1.9394072083750642,0.03544716545537163,1.0414258587035972,1.040626051179447,0.07610727756040449,0.9356804163419657,0.9808322941246358,0.9718501635125291,0.9870282106791638,0.8909053687691291,1.0977210248692881,2.0479677448575955,0.03801558121347585,1.9818474522991674,0.8641584069404199,2.0809837646249867,0.03669555525662874,1.0342000872871377,1.0583923580639918,1.0186536923537828},fitness=net.sf.jclec.fitness.SimpleValueFitness@41fbdac4[value=62.16205514238297]]
Median individual: net.sf.jclec.realarray.RealArrayIndividual@4facf68f[genotype={2.036314042280894,1.9830347220191806,0.04793535400103684,0.9920628603492573,0.9698876478384072,0.9459624500618108,0.078210507369304,1.0228320281343257,2.0327113061864495,1.0154760709025787,1.9394072083750642,0.03544716545537163,1.0414258587035972,1.0225568366948175,0.07610727756040449,0.9356804163419657,0.9855757562713314,0.9718501635125291,0.9898761548547205,0.8909053687691291,1.0977210248692881,2.0479677448575955,0.03801558121347585,1.9818474522991674,0.8884242905020288,2.048383635733086,0.03669555525662874,1.0649076847415153,0.9974234280858082,1.0186536923537828},fitness=net.sf.jclec.fitness.SimpleValueFitness@41e36e46[value=60.53401349389199]]
Average fitness = 60.11288933716634
Fitness variance = 1.1189164828606408
Generation 70 Report
Best individual: net.sf.jclec.realarray.RealArrayIndividual@587e5365[genotype={1.9909685080296813,1.9830347220191806,0.04793535400103684,0.9920628603492573,0.9698876478384072,0.9459624500618108,0.9605842070998982,0.06827786601351311,2.0327113061864495,1.019388871326434,1.975549411812379,0.03544716545537163,1.0380875918811283,0.9809403308609518,0.07610727756040449,0.9356804163419657,0.9855757562713314,0.9718501635125291,0.9976291270007843,0.9304611598793482,1.0479157411368214,2.0013743523081358,0.03801558121347585,1.9818474522991674,0.9353656027886539,2.048383635733086,0.03669555525662874,1.0342000872871377,0.9974234280858082,1.0186536923537828},fitness=net.sf.jclec.fitness.SimpleValueFitness@2de23121[value=53.828326831528884]]
Worst individual: net.sf.jclec.realarray.RealArrayIndividual@49ec71f8[genotype={1.9909685080296813,1.9830347220191806,0.04793535400103684,0.9920628603492573,0.9698876478384072,0.9459624500618108,0.9665448379103724,0.06827786601351311,2.0327113061864495,1.0154760709025787,1.9394072083750642,0.03544716545537163,1.0380875918811283,1.040626051179447,0.07610727756040449,0.9356804163419657,0.9855757562713314,0.9718501635125291,0.9870282106791638,0.9304611598793482,1.0806458434106385,1.9979120086580806,0.05178545569086869,1.9818474522991674,0.8884242905020288,2.048383635733086,0.03669555525662874,1.0342000872871377,0.9974234280858082,1.0186536923537828},fitness=net.sf.jclec.fitness.SimpleValueFitness@36902638[value=57.1253304297056]]
Median individual: net.sf.jclec.realarray.RealArrayIndividual@3c46e67a[genotype={1.9909685080296813,1.9830347220191806,0.04793535400103684,0.9920628603492573,0.9698876478384072,0.9594040663945729,0.9665448379103724,0.06827786601351311,2.0327113061864495,1.019388871326434,1.975549411812379,0.03544716545537163,1.0380875918811283,0.9815654191241091,0.07610727756040449,0.9356804163419657,0.9855757562713314,0.9718501635125291,0.9870282106791638,0.9304611598793482,1.0479157411368214,2.0479677448575955,0.03801558121347585,1.9818474522991674,0.8884242905020288,2.048383635733086,0.03669555525662874,1.0342000872871377,0.9974234280858082,1.0186536923537828},fitness=net.sf.jclec.fitness.SimpleValueFitness@206a70ef[value=55.639203575887436]]
Average fitness = 55.629784109537425
Fitness variance = 0.3142285715102844
Generation 80 Report
Best individual: net.sf.jclec.realarray.RealArrayIndividual@4ef37659[genotype={1.9909685080296813,1.9830347220191806,0.048460047090636754,0.9920628603492573,0.9698876478384072,0.9594040663945729,0.078210507369304,0.06827786601351311,2.0327113061864495,1.0154760709025787,1.975549411812379,0.03544716545537163,1.0112841355565099,0.9829147140261543,0.07610727756040449,1.0124466737294535,0.9855757562713314,0.9718501635125291,0.9870282106791638,0.9424228922921324,1.0479157411368214,1.9975468155404574,0.03801558121347585,1.9818474522991674,0.9353656027886539,1.9492843579124595,0.03668999398828391,1.0342000872871377,0.9973650728153927,1.0186536923537828},fitness=net.sf.jclec.fitness.SimpleValueFitness@37858383[value=51.96823197822156]]
Worst individual: net.sf.jclec.realarray.RealArrayIndividual@2d2ffcb7[genotype={1.9909685080296813,1.9830347220191806,0.04793535400103684,0.9920628603492573,0.9698876478384072,0.9456671092113895,0.9605320116532133,1.0228320281343257,2.0327113061864495,1.0154760709025787,1.975549411812379,0.03544716545537163,1.0112841355565099,0.9815654191241091,0.07610727756040449,1.0124466737294535,0.9855757562713314,0.9730093122889315,0.9870282106791638,0.9304611598793482,1.0479157411368214,2.0013743523081358,0.0372600950778434,1.9844682481707723,0.9353656027886539,2.048383635733086,0.03668999398828391,1.0342000872871377,0.9974234280858082,1.0186536923537828},fitness=net.sf.jclec.fitness.SimpleValueFitness@31f9b85e[value=53.076759028640794]]
Median individual: net.sf.jclec.realarray.RealArrayIndividual@236e3f4e[genotype={1.9909685080296813,1.9830347220191806,0.04793535400103684,0.9920628603492573,0.9698876478384072,0.9459624500618108,0.078210507369304,0.06827786601351311,2.0327113061864495,1.0154760709025787,1.975549411812379,0.03544716545537163,1.0112841355565099,1.0225568366948175,0.07610727756040449,1.0124466737294535,0.9855757562713314,0.9718501635125291,0.9870282106791638,0.9304611598793482,1.0479157411368214,1.9979120086580806,0.03801558121347585,1.9818474522991674,0.9353656027886539,1.9492843579124595,0.03669555525662874,1.0342000872871377,0.9974234280858082,1.0186536923537828},fitness=net.sf.jclec.fitness.SimpleValueFitness@6bf0219d[value=52.57329643929056]]
Average fitness = 52.56790651154613
Fitness variance = 0.049461915673418844
Generation 90 Report
Best individual: net.sf.jclec.realarray.RealArrayIndividual@45099dd3[genotype={1.990907355150052,1.9830347220191806,0.04793535400103684,0.9920628603492573,0.9835357380626982,0.9603305800140095,0.9672330084824258,0.06827786601351311,2.0232293515247415,0.9896962345883875,1.975549411812379,0.03544716545537163,1.0112841355565099,0.9815654191241091,0.07610727756040449,1.0124466737294535,0.9855757562713314,0.9718501635125291,0.9976291270007843,0.9424228922921324,1.0479157411368214,1.9979120086580806,0.0372600950778434,1.9818474522991674,0.9353656027886539,1.9492843579124595,0.03669555525662874,1.0342000872871377,0.9974234280858082,1.0186536923537828},fitness=net.sf.jclec.fitness.SimpleValueFitness@1ffaf86[value=51.5697781224425]]
Worst individual: net.sf.jclec.realarray.RealArrayIndividual@7ea9e1e2[genotype={1.9909685080296813,1.9830347220191806,0.04793535400103684,0.9920628603492573,0.9698876478384072,0.9594040663945729,0.9606653166988144,0.06827786601351311,2.0232293515247415,1.0154760709025787,1.975549411812379,0.03544716545537163,1.0112593247814141,0.9815654191241091,0.07621467514568894,1.0124466737294535,0.9868265384651174,0.9718501635125291,0.987325071407763,0.9424228922921324,1.0479157411368214,1.99790968570282,0.038007462905811744,1.9818474522991674,0.9353656027886539,1.9492843579124595,0.03669555525662874,1.034133231904811,0.997398395018533,1.0186536923537828},fitness=net.sf.jclec.fitness.SimpleValueFitness@10feca44[value=51.8576218469145]]
Median individual: net.sf.jclec.realarray.RealArrayIndividual@6fd83fc1[genotype={1.9909685080296813,1.9830347220191806,0.04793535400103684,0.9920628603492573,0.9835357380626982,0.9603305800140095,0.078210507369304,0.06827495001997844,2.023240786633355,0.9896962345883875,1.975549411812379,0.03544716545537163,1.0112841355565099,0.9815654191241091,0.07610727756040449,1.0124466737294535,0.9861464231272614,0.9730093122889315,0.9976291270007843,0.9424620254303833,1.0479157411368214,1.9979120086580806,0.03801558121347585,1.9818474522991674,0.9353656027886539,1.9492843579124595,0.03669555525662874,1.0342000872871377,0.9974234280858082,1.0186536923537828},fitness=net.sf.jclec.fitness.SimpleValueFitness@bae7dc0[value=51.610614917600344]]
Average fitness = 51.679298583273265
Fitness variance = 0.004798555694378592
Generation 100 Report
Best individual: net.sf.jclec.realarray.RealArrayIndividual@2a7f1f10[genotype={1.9909685080296813,1.9830347220191806,0.04793535400103684,0.9920628603492573,0.9887838186786182,0.9603305800140095,0.9672330084824258,0.06827786601351311,2.0232293017482514,0.9896962345883875,1.975549411812379,0.03544716545537163,1.0112841355565099,0.9829147140261543,0.07610727755067039,1.0124466737294535,0.9869175634173175,0.9730093122889315,0.9976291270007843,0.9424228922921324,1.0479157411368214,1.9975468155404574,0.0372600950778434,1.9818474522991674,0.9353656027886539,1.9492843579124595,0.03669555525662874,1.034133231904811,0.9973167714800164,1.0186536923537828},fitness=net.sf.jclec.fitness.SimpleValueFitness@f0c8a99[value=51.527529848182]]
Worst individual: net.sf.jclec.realarray.RealArrayIndividual@2de56eb2[genotype={1.9909685080296813,1.9958485879989893,0.04793535400103684,0.9920628540243961,0.9887838186786182,0.9594040663945729,0.9665448379103724,0.06827786601351311,2.023240786633355,0.9896962345883875,1.975549411812379,0.03542081281413182,1.0112841355565099,0.9815654191241091,0.07610747501088236,1.0124466737294535,0.9869175632608502,0.9718501635125291,0.9976291270007843,0.9422970596742685,1.0479157411368214,1.9975468155404574,0.038027160196906,1.9818474522991674,0.9353656027886539,1.9492843579124595,0.03669555525662874,1.0342000872871377,0.9974234280858082,1.0186536923537828},fitness=net.sf.jclec.fitness.SimpleValueFitness@5745ca0e[value=51.577431701718]]
Median individual: net.sf.jclec.realarray.RealArrayIndividual@710c2b53[genotype={1.9909685080296813,1.9830347220191806,0.04793535400103684,0.9920628603492573,0.9887838186786182,0.9603305800140095,0.9665448379103724,0.06827786601351311,2.0232293515247415,0.9896962345883875,1.975549411812379,0.03544716545537163,1.0112841355565099,0.9815654191241091,0.07610727756040449,1.012449153666079,0.9869175632608502,0.9730093122889315,0.9976291270007843,0.9424228922921324,1.0479157411368214,1.9975468155404574,0.038014919810094784,1.9818474522991674,0.9353656027886539,1.9492843579124595,0.03668996640317222,1.0342000872871377,0.9974234280858082,1.0186536923537828},fitness=net.sf.jclec.fitness.SimpleValueFitness@14028087[value=51.554160591470634]]
Average fitness = 51.54687481072543
Fitness variance = 7.59786098569748E-5
Generation 110 Report
Best individual: net.sf.jclec.realarray.RealArrayIndividual@50029372[genotype={1.9909618270908225,1.9958485879989893,0.04793535400103684,0.9920628603492573,0.988783832097698,0.9603305800140095,0.9672330084824258,0.06827786601351311,2.0232293515247415,0.9896962345883875,1.975549411812379,0.03542081281413182,1.0112841355565099,0.9829147140261543,0.07610727756040449,1.0124466737294535,0.9869175632608502,0.9730093122889315,0.9976291270007843,0.9424228913554621,1.047819793349395,1.9975468155404574,0.03726009507236064,1.9818474525127165,0.9353656025695392,1.9492843579124595,0.03669555525662874,1.0341314290122063,0.9973167631466971,1.0186536923537828},fitness=net.sf.jclec.fitness.SimpleValueFitness@50f6ac94[value=51.52277219707655]]
Worst individual: net.sf.jclec.realarray.RealArrayIndividual@2438dcd[genotype={1.9909685080296813,1.9958485879989893,0.04793535400103684,0.9920609054776001,0.9887838186786182,0.9603305800140095,0.9672330084824258,0.06827786601351311,2.023240786633355,0.9896962345883875,1.975549411812379,0.03544716545537163,1.0112871795173286,0.9829147140261543,0.07610727756040449,1.0124466737294535,0.9869175632608502,0.9730093122889315,0.9976291270007843,0.9424228922921324,1.0479157411368214,1.9975468155404574,0.0372600950778434,1.9818474522991674,0.9353656027886539,1.9492843579124595,0.03669555525662874,1.034133231904811,0.9974234280858082,1.0186536923537828},fitness=net.sf.jclec.fitness.SimpleValueFitness@5167f57d[value=51.52543211042281]]
Median individual: net.sf.jclec.realarray.RealArrayIndividual@24959ca4[genotype={1.9909685080296813,1.9958485879989893,0.04793535400103684,0.9920628603492573,0.9887838186786182,0.9603305800140095,0.9672330084824258,0.06827786601351311,2.0232293515247415,0.9896962345883875,1.975549411812379,0.03544716545537163,1.0112841355565099,0.9829147140261543,0.07610727756040449,1.0124466737294535,0.9869175632608502,0.9730093122889315,0.9976291270007843,0.9424228913554621,1.047819793349395,1.9975468155404574,0.03726009507236064,1.9818474522991674,0.9353656025695392,1.9492843579124595,0.03669014245382918,1.034133231904811,0.9973167631466971,1.0186536923537828},fitness=net.sf.jclec.fitness.SimpleValueFitness@5c86dbc5[value=51.52309221154101]]
Average fitness = 51.524290125821025
Fitness variance = 8.460647222818807E-7
Generation 120 Report
Best individual: net.sf.jclec.realarray.RealArrayIndividual@73a8da0f[genotype={1.9909685080296813,1.9958485879989893,0.047851402978916435,0.9920628603492573,0.9887464716362285,0.9603305800140095,0.9667521502926639,0.0682637627028214,2.022702536846922,0.9896962344290091,1.975549411812379,0.03542081281413182,1.0097176012464464,0.9829147140261543,0.07225638104479819,1.0124466737294535,0.9869175632608502,0.9730093128233529,0.9976291270007843,0.9424228922921324,1.047819793349395,1.9975468155404574,0.0372600950778434,1.983681194168394,0.9353656025695392,1.9492843579124595,0.03669555525662874,1.0340416389520604,0.9973167631466971,1.0186526013360133},fitness=net.sf.jclec.fitness.SimpleValueFitness@4416d64f[value=51.39378679202702]]
Worst individual: net.sf.jclec.realarray.RealArrayIndividual@4d6025c5[genotype={1.9912927316508102,1.9958485879989893,0.04793535400103684,0.9920641620966268,0.988783832097698,0.9603305800140095,0.9672330084824258,0.06827786601351311,2.023240786633355,0.9896962344290091,1.975549411812379,0.03525348124409477,1.0112841355565099,0.9829147140261543,0.07610727756040449,1.0124466737294535,0.9869175651253352,0.9730093122889315,0.9976291270007843,0.9424228922921324,1.047819793349395,1.9975468155404574,0.0372600950778434,1.9818474525127165,0.9353656025695392,1.9492843579124595,0.03669555525662874,1.034133231904811,0.9908957923919479,1.018593593373791},fitness=net.sf.jclec.fitness.SimpleValueFitness@407a7f2a[value=51.52238750287187]]
Median individual: net.sf.jclec.realarray.RealArrayIndividual@6f6745d6[genotype={1.9909685080296813,1.9958485879989893,0.04704679131467662,0.9920641620966268,0.988783832097698,0.9603305800140095,0.9672330084824258,0.0682778657066195,2.022702536846922,0.9896962385449051,1.975549411812379,0.03525348124409477,1.0109667027213838,0.9829147140261543,0.07610727756040449,1.0124466737294535,0.9869175632608502,0.9730093122889315,0.9976291270007843,0.9424228922921324,1.0477582921511321,1.9975468155404574,0.0372600950778434,1.9818474522991674,0.9353656025695392,1.9492843579124595,0.03669555525662874,1.0332909794149416,0.9973167631466971,1.018593593373791},fitness=net.sf.jclec.fitness.SimpleValueFitness@4f704591[value=51.480347943235316]]
Average fitness = 51.49189710760804
Fitness variance = 7.477250746887876E-4
Generation 130 Report
Best individual: net.sf.jclec.realarray.RealArrayIndividual@41294f8[genotype={1.9909685080296813,1.9984112456198402,0.04704679131467662,0.9920628603492573,0.9887464716362285,0.9603305800140095,0.9672330084824258,0.05142668143518078,2.0232397773690347,0.9812237024444135,1.975549411812379,0.03525348124409477,1.0112841355565099,0.9829147140261543,0.07610727756040449,1.0124466737294535,0.9869175632608502,0.9728915383389483,0.9976291270007843,0.9426662822441465,1.0445380226285448,1.9975468155404574,0.007257669283076161,1.9818443786650495,0.9353656025695392,1.9492843579124595,0.011448510440264924,1.0332909794149416,0.9973167631466971,1.0186536923537828},fitness=net.sf.jclec.fitness.SimpleValueFitness@20435c40[value=50.56636307574842]]
Worst individual: net.sf.jclec.realarray.RealArrayIndividual@3e6104fc[genotype={1.9909685080296813,1.9958485879989893,0.04704679131467662,0.9920628603492573,0.9887464716362285,0.9603305800140095,0.9672330084824258,0.06657662276259602,2.0232293017482514,0.9896962344290091,1.975549411812379,0.03542762164313305,1.0112841355565099,0.9829147140261543,0.07610727756040449,1.0124466737294535,0.9869175632608502,0.9730093122889315,0.9976291270007843,0.9424228922921324,1.0473367492580765,1.9975468155404574,0.03727351674475686,1.9795169048785417,0.9353656025695392,1.9492843579124595,0.03669014245382918,1.034133231904811,0.9973167631466971,1.018593593373791},fitness=net.sf.jclec.fitness.SimpleValueFitness@68df9280[value=51.46042106891553]]
Median individual: net.sf.jclec.realarray.RealArrayIndividual@16eccb2e[genotype={1.9909685080296813,1.9958485879989893,0.046146828561442504,0.9944381074609627,0.9887464716362285,0.9603752022410377,0.9672330084824258,0.05142668143518078,2.0232293017482514,0.9897422256521954,1.975549411812379,0.035312097354405006,1.0112841355565099,0.9829147140261543,0.07610747501088236,1.011851054750609,0.9864833154583854,0.9730093128233529,0.9976291270007843,0.9426662822441465,1.0473367492580765,1.996562256049513,0.037204035907337264,1.9818443786650495,0.9353656025695392,1.9492843579124595,0.03669014245382918,1.034133231904811,0.9973167631466971,1.018593593373791},fitness=net.sf.jclec.fitness.SimpleValueFitness@d771cc9[value=51.0737141239621]]
Average fitness = 50.97636411221666
Fitness variance = 0.02767539345222758
Generation 140 Report
Best individual: net.sf.jclec.realarray.RealArrayIndividual@41e68d87[genotype={1.9909685080296813,1.9958485879989893,0.02592307569883566,0.9920628603492573,0.9853804299141897,0.9603305800140095,0.9672330084824258,0.05142668143518078,2.023240786633355,0.9897422256521954,1.975549411812379,0.027479612807970146,1.0112841355565099,0.9829147140261543,0.013366396058772663,0.9865500749931038,0.9864833154583854,0.9730093122889315,0.9976291270007843,0.9424228922921324,1.0445380226285448,1.9975468155404574,0.007257669283076161,1.9818443786650495,0.9353656027886539,1.9492843579124595,0.03247828433681179,1.006827975256301,0.9976294524394357,1.0192690374180027},fitness=net.sf.jclec.fitness.SimpleValueFitness@29526c05[value=48.93112669252118]]
Worst individual: net.sf.jclec.realarray.RealArrayIndividual@2ea6e30c[genotype={1.9909685080296813,1.9958485879989893,0.04704679131467662,0.9920628603492573,0.9887464716362285,0.9603305800140095,0.9672330084824258,0.05142668143518078,2.0047410376447288,0.9897422256521954,1.975549411812379,0.035312097354405006,1.0112841355565099,0.9909712191942869,0.013366396058772663,1.011851054750609,0.9864833154583854,0.9728915383389483,0.94115865101512,0.9426662822441465,1.04778740475071,1.9975468155404574,0.037204035907337264,1.9818443786650495,0.9353656025695392,1.9492843579124595,0.03247828433681179,1.034133231904811,0.9976294524394357,1.029046295515561},fitness=net.sf.jclec.fitness.SimpleValueFitness@2dcd168a[value=50.43875078807383]]
Median individual: net.sf.jclec.realarray.RealArrayIndividual@68b32e3e[genotype={1.989030283641317,1.9958485879989893,0.02592307569883566,0.9920628603492573,0.9887464716362285,0.9603305800140095,0.9672330084824258,0.05142668143518078,2.023467342572837,0.9899007610129844,1.975549411812379,0.03542762164313305,1.0097176012464464,0.9909712191942869,0.013366396058772663,1.011851054750609,0.9864833154583854,0.9730093122889315,0.9793232145697229,0.9424228922921324,1.0445380226285448,1.9975468155404574,0.028236438355120817,1.9795169048785417,0.9362357923619092,1.9492843579124595,0.03247828433681179,1.034133231904811,0.9976294524394357,1.0186536923537828},fitness=net.sf.jclec.fitness.SimpleValueFitness@41709512[value=49.481824498091775]]
Average fitness = 49.699760994038705
Fitness variance = 0.10418189188339966
Generation 150 Report
Best individual: net.sf.jclec.realarray.RealArrayIndividual@5dd1c9f2[genotype={1.9909685080296813,1.9958485879989893,0.02592307569883566,1.0017825976372738,0.9991765146747861,0.9603305800140095,0.9672330084824258,0.0,1.9977478994794207,0.9897422256521954,1.975549411812379,0.035312097354405006,1.0112841355565099,0.9909712191942869,0.013366396058772663,1.011851054750609,0.9912384921132609,0.9730093128233529,0.9976291270007843,0.9559645794560742,1.0211593294690204,1.9975468155404574,0.0,1.9795169048785417,1.008792146920385,1.9492843579124595,0.03095782546350621,1.006827975256301,0.9974234280858082,1.018593593373791},fitness=net.sf.jclec.fitness.SimpleValueFitness@2e2ff723[value=47.02518559031045]]
Worst individual: net.sf.jclec.realarray.RealArrayIndividual@324a0017[genotype={1.9827511053571125,1.9958485879989893,0.02592307569883566,0.5081223293780979,0.9955956728523251,0.9603305800140095,0.9672330084824258,0.03076499037865673,2.0047410376447288,0.9897422256521954,1.975549411812379,0.027479612807970146,1.0112841355565099,0.9909712191942869,0.013366396058772663,1.011851054750609,0.9869175632608502,0.9730093128233529,1.0047851205731047,0.9559645794560742,1.0445380226285448,1.9975468155404574,0.0,1.9795169048785417,0.9354798631087602,1.9492843579124595,0.036731479291410664,1.006827975256301,0.9973167631466971,1.0448961776163026},fitness=net.sf.jclec.fitness.SimpleValueFitness@2445445a[value=67.88210845357173]]
Median individual: net.sf.jclec.realarray.RealArrayIndividual@5ef6ae06[genotype={1.9909685080296813,1.9958485879989893,0.0,0.9920628603492573,0.9887464716362285,0.9603305800140095,0.9789233372170519,0.05142668143518078,2.0047410376447288,0.9897422256521954,1.975549411812379,0.027479612807970146,1.0112841355565099,0.9909712191942869,0.013366396058772663,1.0124466737294535,0.9869175632608502,0.9730093128233529,0.9976291270007843,0.9559645794560742,1.0445380226285448,1.9975468155404574,0.020746183782403258,1.9795169048785417,0.9538454021306608,1.9565978584530495,0.0,1.006827975256301,0.9973167631466971,1.0186536923537828},fitness=net.sf.jclec.fitness.SimpleValueFitness@6e35bc3d[value=47.690986422656856]]
Average fitness = 48.95027472498184
Fitness variance = 10.18149258399535
Generation 160 Report
Best individual: net.sf.jclec.realarray.RealArrayIndividual@26bab2f1[genotype={0.9848338923982227,2.00422488035341,0.02592307569883566,0.9920628603492573,0.988783832097698,0.9603305800140095,0.9789233372170519,0.0,2.022702536846922,0.9897422256521954,1.975549411812379,0.027479612807970146,1.0669279535705745,0.9909712191942869,0.013366396058772663,1.0124367941994785,0.9869175632608502,0.9730093128233529,0.9976291270007843,0.9559645794560742,0.9764555061415334,1.9975468155404574,0.0,1.9818443786650495,1.008792146920385,1.9565978584530495,0.0,1.006827975256301,0.9973167631466971,1.018593593373791},fitness=net.sf.jclec.fitness.SimpleValueFitness@68ead359[value=44.69759522522244]]
Worst individual: net.sf.jclec.realarray.RealArrayIndividual@340da44c[genotype={1.9909685080296813,2.00422488035341,0.0,0.9920628603492573,0.8808609505157856,0.9603305800140095,0.9672330084824258,0.0,2.0047410376447288,1.3935660601894817,1.975549411812379,0.007155930380178772,1.1000181687930168,0.9829147140261543,0.013366396058772663,1.011851054750609,0.5948812311723659,0.9730093128233529,0.9976291270007843,0.9559645794560742,1.0211593294690204,1.9975468155404574,0.020746183782403258,1.9795169048785417,1.008792146920385,1.9565978584530495,0.03095782546350621,1.006827975256301,0.9974234280858082,1.018593593373791},fitness=net.sf.jclec.fitness.SimpleValueFitness@37052337[value=87.66134167217302]]
Median individual: net.sf.jclec.realarray.RealArrayIndividual@349c1daf[genotype={1.9909685080296813,2.00422488035341,0.0,1.0017825976372738,0.9887838186786182,0.9603305800140095,0.9672330084824258,0.0,2.0047410376447288,0.9897422256521954,1.994634975169344,0.027752977408446018,1.0112841355565099,0.9909712191942869,0.013366396058772663,1.011851054750609,0.9912384921132609,0.9730093122889315,0.9976291270007843,0.9559645794560742,1.0211593294690204,1.9975468155404574,0.020746183782403258,1.9818443786650495,1.008792146920385,1.9610555708278832,0.0,1.006827975256301,0.9973167631466971,1.018593593373791},fitness=net.sf.jclec.fitness.SimpleValueFitness@4b9df8a[value=46.55859311972692]]
Average fitness = 47.513384139666954
Fitness variance = 25.1032154405043
Generation 170 Report
Best individual: net.sf.jclec.realarray.RealArrayIndividual@56c9bbd8[genotype={0.9848338923982227,1.9958485879989893,0.0,0.9920628603492573,0.9887838186786182,0.9603305800140095,0.0,0.0,2.0038894894303074,0.9897422256521954,1.975549411812379,0.007331068524481941,0.0,0.9829147140261543,0.0,1.0124367941994785,0.9869175632608502,0.0,1.0505451970093502,0.9559645794560742,0.9764555061415334,1.9975468155404574,0.020746183782403258,1.9795169048785417,1.008792146920385,1.9565978584530495,0.0,1.006827975256301,0.9973167631466971,1.0186536923537828},fitness=net.sf.jclec.fitness.SimpleValueFitness@636e8cc[value=40.76402500503202]]
Worst individual: net.sf.jclec.realarray.RealArrayIndividual@3eeb318f[genotype={0.9848338923982227,1.9958485879989893,0.0,0.9920628603492573,0.9887464716362285,0.9603305800140095,0.9672330084824258,0.0,2.0047410376447288,0.42087594222711744,1.975549411812379,0.007155930380178772,1.0112841355565099,0.9937861407707216,0.013366396058772663,1.0124367941994785,0.9869175632608502,0.0,0.9976291270007843,0.987080818816819,0.9764555061415334,1.9975468155404574,0.020746183782403258,1.9818443786650495,1.008792146920385,1.96527147898429,0.0,1.006827975256301,0.9973167631466971,1.018593593373791},fitness=net.sf.jclec.fitness.SimpleValueFitness@39ad977d[value=59.934488337754765]]
Median individual: net.sf.jclec.realarray.RealArrayIndividual@4c4d27c8[genotype={0.9848338923982227,1.9958485879989893,0.0,1.0017825976372738,0.9887838186786182,0.9603305800140095,0.9789233372170519,0.0,2.0047410376447288,0.9897422256521954,1.994634975169344,0.007155930380178772,1.0112841355565099,0.9829147140261543,0.0,1.011851054750609,0.9869175632608502,0.0,0.9976291270007843,0.9559645794560742,0.9764555061415334,1.9975468155404574,0.0,1.9818443786650495,1.008792146920385,1.9565978584530495,0.0,1.006827975256301,0.9973167631466971,1.0186536923537828},fitness=net.sf.jclec.fitness.SimpleValueFitness@338494fa[value=42.12821223469371]]
Average fitness = 42.81102027563762
Fitness variance = 7.52912457517823
Generation 180 Report
Best individual: net.sf.jclec.realarray.RealArrayIndividual@5bf22f18[genotype={0.9848338923982227,1.9958485879989893,0.0,0.0,0.9887838186786182,0.9603305800140095,0.0,0.0,2.0047410376447288,0.9897422256521954,0.0,0.007155930380178772,0.0,0.9829147140261543,0.0,1.0124367941994785,0.9864833154583854,0.0,0.9976291270007843,0.9559645794560742,0.9764555061415334,1.9975468155404574,0.0,1.9795169048785417,1.008792146920385,0.0,0.0,1.006827975256301,0.9973167631466971,0.0},fitness=net.sf.jclec.fitness.SimpleValueFitness@7a7471ce[value=29.75592308407198]]
Worst individual: net.sf.jclec.realarray.RealArrayIndividual@305f7627[genotype={0.9848338923982227,1.9958485879989893,0.0,1.0017825976372738,0.9887838186786182,0.9603305800140095,0.9789233372170519,0.0,2.0038894894303074,0.9897422256521954,0.0,0.007155930380178772,0.0,0.9829147140261543,0.0,1.0124367941994785,0.9869175632608502,0.9730093122889315,0.9976291270007843,0.9559645794560742,0.9764555061415334,1.9975468155404574,0.020746183782403258,2.0548838081692464,0.0,3.8038501852935704,0.0,1.4173862294681512,0.9973167631466971,0.0},fitness=net.sf.jclec.fitness.SimpleValueFitness@6cbcf243[value=73.57112711222285]]
Median individual: net.sf.jclec.realarray.RealArrayIndividual@2b491fee[genotype={0.9848338923982227,1.9958485879989893,0.0,0.9920628603492573,0.9887464716362285,0.9603305800140095,0.0,0.0,2.0047410376447288,0.9897422256521954,0.0,0.007155930380178772,0.0,0.9909712191942869,0.0,1.011851054750609,0.9869175632608502,0.0,0.9976291270007843,0.9559645794560742,0.9764555061415334,1.9975468155404574,0.0,1.9795169048785417,0.0,1.9565978584530495,0.0,1.006827975256301,0.9973167631466971,1.0186536923537828},fitness=net.sf.jclec.fitness.SimpleValueFitness@1c55f277[value=34.99280725560401]]
Average fitness = 36.99793596459725
Fitness variance = 37.6106873435408
Generation 190 Report
Best individual: net.sf.jclec.realarray.RealArrayIndividual@3954d008[genotype={0.9848338923982227,0.0,0.0,0.0,0.9887464716362285,0.0,0.0,0.0,2.0038894894303074,0.060356009538106936,0.0,0.007331068524481941,0.0,0.0,0.0,0.0,0.9912384921132609,0.0,0.01767933362523888,0.987080818816819,0.9764555061415334,1.9975468155404574,0.0,1.9795169048785417,1.008792146920385,0.0,0.0,1.006827975256301,0.9973167631466971,0.0},fitness=net.sf.jclec.fitness.SimpleValueFitness@593e824f[value=20.935275520015537]]
Worst individual: net.sf.jclec.realarray.RealArrayIndividual@319988b0[genotype={0.9848338923982227,1.9958485879989893,0.0,0.9920628603492573,0.0,0.0,0.0,0.0,2.0038894894303074,0.9897422256521954,0.0,0.007155930380178772,0.0,0.0,0.0,1.2474548894266708,0.9869175632608502,0.0,0.0,0.987080818816819,0.0,1.9975468155404574,0.0,5.12,0.0,0.0,0.0,0.0,0.9973167631466971,1.0186536923537828},fitness=net.sf.jclec.fitness.SimpleValueFitness@68759011[value=59.457451353096594]]
Median individual: net.sf.jclec.realarray.RealArrayIndividual@5fd62371[genotype={0.9848338923982227,1.9958485879989893,0.0,0.0,0.9887464716362285,0.0,0.0,0.0,2.0038894894303074,0.9897422256521954,0.0,0.007155930380178772,0.0,0.0,0.0,0.0,0.9912384921132609,0.0,0.9976291270007843,0.987080818816819,0.9764555061415334,1.9975468155404574,0.0,1.9818443786650495,1.008792146920385,0.0,0.0,1.006827975256301,0.9973167631466971,1.0186536923537828},fitness=net.sf.jclec.fitness.SimpleValueFitness@2b62442c[value=27.24000342249805]]
Average fitness = 27.964262450774545
Fitness variance = 38.51379034855097
Generation 200 Report
Best individual: net.sf.jclec.realarray.RealArrayIndividual@6de54b40[genotype={0.9848338923982227,0.0,0.0,1.0017825976372738,0.9887464716362285,0.0,0.0,0.0,0.0,0.060356009538106936,0.0,0.007155930380178772,0.0,0.0,0.013366396058772663,0.0,0.9864833154583854,0.0,0.0,0.987080818816819,0.0,1.9975468155404574,0.0,0.0,0.0,0.0,0.0,0.0,0.9973167631466971,0.0},fitness=net.sf.jclec.fitness.SimpleValueFitness@388ffbc2[value=10.785676554203178]]
Worst individual: net.sf.jclec.realarray.RealArrayIndividual@7ef2d7a6[genotype={0.9848338923982227,0.0,0.0,0.0,0.0,0.0,0.0,0.0,0.0,0.0,0.0,0.0,0.0,0.9909712191942869,0.013366396058772663,0.0,1.6150372924988954,0.0,0.0,0.0,0.0,1.9975468155404574,0.0,1.9818443786650495,0.0,0.0,0.0,1.006827975256301,0.9973167631466971,0.0},fitness=net.sf.jclec.fitness.SimpleValueFitness@4c36250e[value=32.159756265819986]]
Median individual: net.sf.jclec.realarray.RealArrayIndividual@4cc547a[genotype={0.9848338923982227,0.0,0.0,0.0,0.9887464716362285,0.0,0.0,0.0,0.0,0.060356009538106936,0.0,0.007155930380178772,0.0,0.9909712191942869,0.013366396058772663,1.011851054750609,0.9864833154583854,0.0,0.0,0.987080818816819,0.0,1.9975468155404574,0.0,1.9818443786650495,0.0,0.0,0.0,0.0,0.9973167631466971,0.0},fitness=net.sf.jclec.fitness.SimpleValueFitness@4152d38d[value=15.823847036464974]]
Average fitness = 14.81176755344716
Fitness variance = 4.784784232276394
Generation 210 Report
Best individual: net.sf.jclec.realarray.RealArrayIndividual@58dea0a5[genotype={0.0,0.0,0.0,0.0,0.0,0.0,0.0,0.0,0.0,0.0,0.0,0.007155930380178772,0.0,0.0,0.0,0.0,0.9864833154583854,0.0,0.0,0.0,0.0,0.0,0.0,0.0,0.0,0.0,0.0,0.0,0.0,0.0},fitness=net.sf.jclec.fitness.SimpleValueFitness@3c291aad[value=1.019348773401756]]
Worst individual: net.sf.jclec.realarray.RealArrayIndividual@263f04ca[genotype={0.9848338923982227,0.0,0.0,0.0,0.0,0.0,0.0,0.0,0.0,0.0,0.0,0.007155930380178772,0.0,0.0,0.0,0.0,0.9864833154583854,0.0,0.0,0.987080818816819,0.0,0.0,0.0,0.0,0.0,0.0,0.0,1.006827975256301,5.12,0.0},fitness=net.sf.jclec.fitness.SimpleValueFitness@5a021cb9[value=32.98948832124647]]
Median individual: net.sf.jclec.realarray.RealArrayIndividual@345e5a17[genotype={0.0,0.0,0.0,0.0,0.0,0.0,0.0,0.0,0.0,0.0,0.0,0.007155930380178772,0.0,0.0,0.0,0.0,0.9864833154583854,0.0,0.0,0.987080818816819,0.0,1.9975468155404574,0.0,0.0,0.0,0.0,0.0,1.006827975256301,0.9973167631466971,0.0},fitness=net.sf.jclec.fitness.SimpleValueFitness@443dbe42[value=8.036951882529541]]
Average fitness = 6.613355142695322
Fitness variance = 9.981983385190624
Generation 220 Report
Best individual: net.sf.jclec.realarray.RealArrayIndividual@60afd40d[genotype={0.0,0.0,0.0,0.0,0.0,0.0,0.0,0.0,0.0,0.0,0.0,0.0,0.0,0.0,0.0,0.0,0.0,0.0,0.0,0.0,0.0,0.0,0.0,0.0,0.0,0.0,0.0,0.0,0.0,0.0},fitness=net.sf.jclec.fitness.SimpleValueFitness@3f2049b6[value=0.0]]
Worst individual: net.sf.jclec.realarray.RealArrayIndividual@4837595f[genotype={0.0,0.0,0.0,0.0,0.0,0.0,0.0,0.0,0.0,0.0,0.0,0.0,0.0,0.0,0.0,0.0,0.9864833154583854,0.0,0.0,0.0,0.0,0.0,0.0,0.0,0.0,0.0,0.0,0.0,0.0,0.0},fitness=net.sf.jclec.fitness.SimpleValueFitness@3b718392[value=1.009191345095898]]
Median individual: net.sf.jclec.realarray.RealArrayIndividual@35e52059[genotype={0.0,0.0,0.0,0.0,0.0,0.0,0.0,0.0,0.0,0.0,0.0,0.0,0.0,0.0,0.0,0.0,0.0,0.0,0.0,0.0,0.0,0.0,0.0,0.0,0.0,0.0,0.0,0.0,0.0,0.0},fitness=net.sf.jclec.fitness.SimpleValueFitness@49bd54f7[value=0.0]]
Average fitness = 0.025202927260113698
Fitness variance = 0.01961036761923919
Generation 230 Report
Best individual: net.sf.jclec.realarray.RealArrayIndividual@2392212b[genotype={0.0,0.0,0.0,0.0,0.0,0.0,0.0,0.0,0.0,0.0,0.0,0.0,0.0,0.0,0.0,0.0,0.0,0.0,0.0,0.0,0.0,0.0,0.0,0.0,0.0,0.0,0.0,0.0,0.0,0.0},fitness=net.sf.jclec.fitness.SimpleValueFitness@28f8e165[value=0.0]]
Worst individual: net.sf.jclec.realarray.RealArrayIndividual@2392212b[genotype={0.0,0.0,0.0,0.0,0.0,0.0,0.0,0.0,0.0,0.0,0.0,0.0,0.0,0.0,0.0,0.0,0.0,0.0,0.0,0.0,0.0,0.0,0.0,0.0,0.0,0.0,0.0,0.0,0.0,0.0},fitness=net.sf.jclec.fitness.SimpleValueFitness@28f8e165[value=0.0]]
Median individual: net.sf.jclec.realarray.RealArrayIndividual@3003697[genotype={0.0,0.0,0.0,0.0,0.0,0.0,0.0,0.0,0.0,0.0,0.0,0.0,0.0,0.0,0.0,0.0,0.0,0.0,0.0,0.0,0.0,0.0,0.0,0.0,0.0,0.0,0.0,0.0,0.0,0.0},fitness=net.sf.jclec.fitness.SimpleValueFitness@1d269ed7[value=0.0]]
Average fitness = 0.0
Fitness variance = 0.0
Generation 240 Report
Best individual: net.sf.jclec.realarray.RealArrayIndividual@78f9ed3e[genotype={0.0,0.0,0.0,0.0,0.0,0.0,0.0,0.0,0.0,0.0,0.0,0.0,0.0,0.0,0.0,0.0,0.0,0.0,0.0,0.0,0.0,0.0,0.0,0.0,0.0,0.0,0.0,0.0,0.0,0.0},fitness=net.sf.jclec.fitness.SimpleValueFitness@b0964b2[value=0.0]]
Worst individual: net.sf.jclec.realarray.RealArrayIndividual@78f9ed3e[genotype={0.0,0.0,0.0,0.0,0.0,0.0,0.0,0.0,0.0,0.0,0.0,0.0,0.0,0.0,0.0,0.0,0.0,0.0,0.0,0.0,0.0,0.0,0.0,0.0,0.0,0.0,0.0,0.0,0.0,0.0},fitness=net.sf.jclec.fitness.SimpleValueFitness@b0964b2[value=0.0]]
Median individual: net.sf.jclec.realarray.RealArrayIndividual@deb3b60[genotype={0.0,0.0,0.0,0.0,0.0,0.0,0.0,0.0,0.0,0.0,0.0,0.0,0.0,0.0,0.0,0.0,0.0,0.0,0.0,0.0,0.0,0.0,0.0,0.0,0.0,0.0,0.0,0.0,0.0,0.0},fitness=net.sf.jclec.fitness.SimpleValueFitness@39aa45a1[value=0.0]]
Average fitness = 0.0
Fitness variance = 0.0
Generation 250 Report
Best individual: net.sf.jclec.realarray.RealArrayIndividual@26a94fa5[genotype={0.0,0.0,0.0,0.0,0.0,0.0,0.0,0.0,0.0,0.0,0.0,0.0,0.0,0.0,0.0,0.0,0.0,0.0,0.0,0.0,0.0,0.0,0.0,0.0,0.0,0.0,0.0,0.0,0.0,0.0},fitness=net.sf.jclec.fitness.SimpleValueFitness@2873d672[value=0.0]]
Worst individual: net.sf.jclec.realarray.RealArrayIndividual@26a94fa5[genotype={0.0,0.0,0.0,0.0,0.0,0.0,0.0,0.0,0.0,0.0,0.0,0.0,0.0,0.0,0.0,0.0,0.0,0.0,0.0,0.0,0.0,0.0,0.0,0.0,0.0,0.0,0.0,0.0,0.0,0.0},fitness=net.sf.jclec.fitness.SimpleValueFitness@2873d672[value=0.0]]
Median individual: net.sf.jclec.realarray.RealArrayIndividual@4905c46b[genotype={0.0,0.0,0.0,0.0,0.0,0.0,0.0,0.0,0.0,0.0,0.0,0.0,0.0,0.0,0.0,0.0,0.0,0.0,0.0,0.0,0.0,0.0,0.0,0.0,0.0,0.0,0.0,0.0,0.0,0.0},fitness=net.sf.jclec.fitness.SimpleValueFitness@1136b469[value=0.0]]
Average fitness = 0.0
Fitness variance = 0.0
Generation 260 Report
Best individual: net.sf.jclec.realarray.RealArrayIndividual@783ec989[genotype={0.0,0.0,0.0,0.0,0.0,0.0,0.0,0.0,0.0,0.0,0.0,0.0,0.0,0.0,0.0,0.0,0.0,0.0,0.0,0.0,0.0,0.0,0.0,0.0,0.0,0.0,0.0,0.0,0.0,0.0},fitness=net.sf.jclec.fitness.SimpleValueFitness@f973499[value=0.0]]
Worst individual: net.sf.jclec.realarray.RealArrayIndividual@60723d6a[genotype={0.0,0.0,0.0,0.0,0.0,0.0,0.0,0.0,0.0,0.0,0.0,0.0,0.0,0.0,0.0,0.0,0.0,0.0,0.0,0.0,0.0,0.0,0.0,0.0,0.0,5.12,0.0,0.0,0.0,0.0},fitness=net.sf.jclec.fitness.SimpleValueFitness@64f555e7[value=28.924713725785896]]
Median individual: net.sf.jclec.realarray.RealArrayIndividual@79a1728c[genotype={0.0,0.0,0.0,0.0,0.0,0.0,0.0,0.0,0.0,0.0,0.0,0.0,0.0,0.0,0.0,0.0,0.0,0.0,0.0,0.0,0.0,0.0,0.0,0.0,0.0,0.0,0.0,0.0,0.0,0.0},fitness=net.sf.jclec.fitness.SimpleValueFitness@41f35f7c[value=0.0]]
Average fitness = 0.28924713725785894
Fitness variance = 8.282726734774803
Generation 270 Report
Best individual: net.sf.jclec.realarray.RealArrayIndividual@4158debd[genotype={0.0,0.0,0.0,0.0,0.0,0.0,0.0,0.0,0.0,0.0,0.0,0.0,0.0,0.0,0.0,0.0,0.0,0.0,0.0,0.0,0.0,0.0,0.0,0.0,0.0,0.0,0.0,0.0,0.0,0.0},fitness=net.sf.jclec.fitness.SimpleValueFitness@773dab28[value=0.0]]
Worst individual: net.sf.jclec.realarray.RealArrayIndividual@415156bf[genotype={0.0,0.0,0.0,0.0,0.0,0.0,0.0,0.0,0.0,0.0,0.0,0.0,0.0,0.0,0.0,0.0,0.0,0.0,0.0,0.0,0.0,0.0,0.0,5.12,0.0,0.0,0.0,0.0,0.0,0.0},fitness=net.sf.jclec.fitness.SimpleValueFitness@4af46df3[value=28.924713725785896]]
Median individual: net.sf.jclec.realarray.RealArrayIndividual@51dbd6e4[genotype={0.0,0.0,0.0,0.0,0.0,0.0,0.0,0.0,0.0,0.0,0.0,0.0,0.0,0.0,0.0,0.0,0.0,0.0,0.0,0.0,0.0,0.0,0.0,0.0,0.0,0.0,0.0,0.0,0.0,0.0},fitness=net.sf.jclec.fitness.SimpleValueFitness@5f13be1[value=0.0]]
Average fitness = 0.28924713725785894
Fitness variance = 8.282726734774803
Generation 280 Report
Best individual: net.sf.jclec.realarray.RealArrayIndividual@38a1c423[genotype={0.0,0.0,0.0,0.0,0.0,0.0,0.0,0.0,0.0,0.0,0.0,0.0,0.0,0.0,0.0,0.0,0.0,0.0,0.0,0.0,0.0,0.0,0.0,0.0,0.0,0.0,0.0,0.0,0.0,0.0},fitness=net.sf.jclec.fitness.SimpleValueFitness@38eb2fb0[value=0.0]]
Worst individual: net.sf.jclec.realarray.RealArrayIndividual@4567e53d[genotype={0.0,0.0,0.0,0.0,0.0,0.0,0.0,0.0,0.0,0.0,0.0,5.12,0.0,0.0,0.0,0.0,0.0,0.0,0.0,0.0,0.0,0.0,0.0,0.0,0.0,0.0,0.0,0.0,0.0,0.0},fitness=net.sf.jclec.fitness.SimpleValueFitness@5bb7643d[value=28.924713725785896]]
Median individual: net.sf.jclec.realarray.RealArrayIndividual@29c2c826[genotype={0.0,0.0,0.0,0.0,0.0,0.0,0.0,0.0,0.0,0.0,0.0,0.0,0.0,0.0,0.0,0.0,0.0,0.0,0.0,0.0,0.0,0.0,0.0,0.0,0.0,0.0,0.0,0.0,0.0,0.0},fitness=net.sf.jclec.fitness.SimpleValueFitness@6818d900[value=0.0]]
Average fitness = 0.5784942745157179
Fitness variance = 16.39812565672587
Generation 290 Report
Best individual: net.sf.jclec.realarray.RealArrayIndividual@10667848[genotype={0.0,0.0,0.0,0.0,0.0,0.0,0.0,0.0,0.0,0.0,0.0,0.0,0.0,0.0,0.0,0.0,0.0,0.0,0.0,0.0,0.0,0.0,0.0,0.0,0.0,0.0,0.0,0.0,0.0,0.0},fitness=net.sf.jclec.fitness.SimpleValueFitness@77c7ed8e[value=0.0]]
Worst individual: net.sf.jclec.realarray.RealArrayIndividual@17740dae[genotype={0.0,0.0,0.0,0.0,0.0,0.0,0.0,0.0,0.0,0.0,0.0,0.0,0.0,0.0,0.0,0.0,0.0,0.0,0.0,0.0,0.0,0.0,0.0,0.0,0.0,0.0,5.12,0.0,0.0,0.0},fitness=net.sf.jclec.fitness.SimpleValueFitness@345cf395[value=28.924713725785896]]
Median individual: net.sf.jclec.realarray.RealArrayIndividual@8d7b252[genotype={0.0,0.0,0.0,0.0,0.0,0.0,0.0,0.0,0.0,0.0,0.0,0.0,0.0,0.0,0.0,0.0,0.0,0.0,0.0,0.0,0.0,0.0,0.0,0.0,0.0,0.0,0.0,0.0,0.0,0.0},fitness=net.sf.jclec.fitness.SimpleValueFitness@6d9fb2d1[value=0.0]]
Average fitness = 0.28924713725785894
Fitness variance = 8.282726734774803
Generation 300 Report
Best individual: net.sf.jclec.realarray.RealArrayIndividual@1b7cae6f[genotype={0.0,0.0,0.0,0.0,0.0,0.0,0.0,0.0,0.0,0.0,0.0,0.0,0.0,0.0,0.0,0.0,0.0,0.0,0.0,0.0,0.0,0.0,0.0,0.0,0.0,0.0,0.0,0.0,0.0,0.0},fitness=net.sf.jclec.fitness.SimpleValueFitness@d5ce97f[value=0.0]]
Worst individual: net.sf.jclec.realarray.RealArrayIndividual@2f04105[genotype={5.12,0.0,0.0,0.0,0.0,0.0,0.0,0.0,0.0,0.0,0.0,0.0,0.0,0.0,0.0,0.0,0.0,0.0,0.0,0.0,0.0,0.0,0.0,0.0,0.0,0.0,0.0,0.0,0.0,0.0},fitness=net.sf.jclec.fitness.SimpleValueFitness@724c5cbe[value=28.924713725785896]]
Median individual: net.sf.jclec.realarray.RealArrayIndividual@e1e2e5e[genotype={0.0,0.0,0.0,0.0,0.0,0.0,0.0,0.0,0.0,0.0,0.0,0.0,0.0,0.0,0.0,0.0,0.0,0.0,0.0,0.0,0.0,0.0,0.0,0.0,0.0,0.0,0.0,0.0,0.0,0.0},fitness=net.sf.jclec.fitness.SimpleValueFitness@37864b77[value=0.0]]
Average fitness = 1.4462356862892949
Fitness variance = 39.74035554563668
Generation 310 Report
Best individual: net.sf.jclec.realarray.RealArrayIndividual@499683c4[genotype={0.0,0.0,0.0,0.0,0.0,0.0,0.0,0.0,0.0,0.0,0.0,0.0,0.0,0.0,0.0,0.0,0.0,0.0,0.0,0.0,0.0,0.0,0.0,0.0,0.0,0.0,0.0,0.0,0.0,0.0},fitness=net.sf.jclec.fitness.SimpleValueFitness@4efc25fc[value=0.0]]
Worst individual: net.sf.jclec.realarray.RealArrayIndividual@5acc9fdf[genotype={0.0,0.0,0.0,0.0,0.0,0.0,0.0,0.0,0.0,0.0,0.0,0.0,0.0,0.0,0.0,0.0,5.12,0.0,0.0,0.0,0.0,0.0,0.0,0.0,0.0,0.0,0.0,0.0,0.0,0.0},fitness=net.sf.jclec.fitness.SimpleValueFitness@e48bf9a[value=28.924713725785896]]
Median individual: net.sf.jclec.realarray.RealArrayIndividual@3e84111a[genotype={0.0,0.0,0.0,0.0,0.0,0.0,0.0,0.0,0.0,0.0,0.0,0.0,0.0,0.0,0.0,0.0,0.0,0.0,0.0,0.0,0.0,0.0,0.0,0.0,0.0,0.0,0.0,0.0,0.0,0.0},fitness=net.sf.jclec.fitness.SimpleValueFitness@6fa69af7[value=0.0]]
Average fitness = 0.8677414117735769
Fitness variance = 24.346196765853207
Generation 320 Report
Best individual: net.sf.jclec.realarray.RealArrayIndividual@3d278b4d[genotype={0.0,0.0,0.0,0.0,0.0,0.0,0.0,0.0,0.0,0.0,0.0,0.0,0.0,0.0,0.0,0.0,0.0,0.0,0.0,0.0,0.0,0.0,0.0,0.0,0.0,0.0,0.0,0.0,0.0,0.0},fitness=net.sf.jclec.fitness.SimpleValueFitness@9d3c67[value=0.0]]
Worst individual: net.sf.jclec.realarray.RealArrayIndividual@16a49a5d[genotype={0.0,0.0,0.0,0.0,0.0,0.0,0.0,0.0,0.0,0.0,0.0,0.0,0.0,0.0,0.0,0.0,0.0,0.0,0.0,0.0,0.0,0.0,0.0,0.0,0.0,0.0,5.12,0.0,0.0,0.0},fitness=net.sf.jclec.fitness.SimpleValueFitness@23706db8[value=28.924713725785896]]
Median individual: net.sf.jclec.realarray.RealArrayIndividual@52d6cd34[genotype={0.0,0.0,0.0,0.0,0.0,0.0,0.0,0.0,0.0,0.0,0.0,0.0,0.0,0.0,0.0,0.0,0.0,0.0,0.0,0.0,0.0,0.0,0.0,0.0,0.0,0.0,0.0,0.0,0.0,0.0},fitness=net.sf.jclec.fitness.SimpleValueFitness@27b2faa6[value=0.0]]
Average fitness = 1.7354828235471538
Fitness variance = 47.18644321629282
Generation 330 Report
Best individual: net.sf.jclec.realarray.RealArrayIndividual@5d5160e6[genotype={0.0,0.0,0.0,0.0,0.0,0.0,0.0,0.0,0.0,0.0,0.0,0.0,0.0,0.0,0.0,0.0,0.0,0.0,0.0,0.0,0.0,0.0,0.0,0.0,0.0,0.0,0.0,0.0,0.0,0.0},fitness=net.sf.jclec.fitness.SimpleValueFitness@2903c6ff[value=0.0]]
Worst individual: net.sf.jclec.realarray.RealArrayIndividual@d8d9199[genotype={0.0,0.0,0.0,0.0,0.0,0.0,0.0,0.0,0.0,0.0,0.0,0.0,0.0,0.0,0.0,5.12,0.0,0.0,0.0,0.0,0.0,0.0,0.0,0.0,0.0,0.0,0.0,0.0,0.0,0.0},fitness=net.sf.jclec.fitness.SimpleValueFitness@602ae7b6[value=28.924713725785896]]
Median individual: net.sf.jclec.realarray.RealArrayIndividual@706fe5c6[genotype={0.0,0.0,0.0,0.0,0.0,0.0,0.0,0.0,0.0,0.0,0.0,0.0,0.0,0.0,0.0,0.0,0.0,0.0,0.0,0.0,0.0,0.0,0.0,0.0,0.0,0.0,0.0,0.0,0.0,0.0},fitness=net.sf.jclec.fitness.SimpleValueFitness@56380231[value=0.0]]
Average fitness = 0.8677414117735769
Fitness variance = 24.346196765853207
Generation 340 Report
Best individual: net.sf.jclec.realarray.RealArrayIndividual@e042c99[genotype={0.0,0.0,0.0,0.0,0.0,0.0,0.0,0.0,0.0,0.0,0.0,0.0,0.0,0.0,0.0,0.0,0.0,0.0,0.0,0.0,0.0,0.0,0.0,0.0,0.0,0.0,0.0,0.0,0.0,0.0},fitness=net.sf.jclec.fitness.SimpleValueFitness@42b6d0cc[value=0.0]]
Worst individual: net.sf.jclec.realarray.RealArrayIndividual@1c9e07c6[genotype={0.0,0.0,0.0,0.0,0.0,0.0,0.0,0.0,0.0,0.0,0.0,5.12,0.0,0.0,0.0,0.0,0.0,0.0,0.0,0.0,0.0,0.0,0.0,0.0,0.0,5.12,0.0,0.0,0.0,0.0},fitness=net.sf.jclec.fitness.SimpleValueFitness@2b10ace9[value=57.84942745157179]]
Median individual: net.sf.jclec.realarray.RealArrayIndividual@3b4d50b[genotype={0.0,0.0,0.0,0.0,0.0,0.0,0.0,0.0,0.0,0.0,0.0,0.0,0.0,0.0,0.0,0.0,0.0,0.0,0.0,0.0,0.0,0.0,0.0,0.0,0.0,0.0,0.0,0.0,0.0,0.0},fitness=net.sf.jclec.fitness.SimpleValueFitness@476ee5b3[value=0.0]]
Average fitness = 2.0247299608050127
Fitness variance = 71.19798435649857
Generation 350 Report
Best individual: net.sf.jclec.realarray.RealArrayIndividual@2e8a1ab4[genotype={0.0,0.0,0.0,0.0,0.0,0.0,0.0,0.0,0.0,0.0,0.0,0.0,0.0,0.0,0.0,0.0,0.0,0.0,0.0,0.0,0.0,0.0,0.0,0.0,0.0,0.0,0.0,0.0,0.0,0.0},fitness=net.sf.jclec.fitness.SimpleValueFitness@1aabf50d[value=0.0]]
Worst individual: net.sf.jclec.realarray.RealArrayIndividual@73c9e8e8[genotype={0.0,0.0,0.0,0.0,0.0,5.12,0.0,0.0,0.0,0.0,0.0,0.0,0.0,0.0,0.0,0.0,0.0,0.0,0.0,0.0,5.12,0.0,0.0,0.0,0.0,0.0,0.0,0.0,0.0,0.0},fitness=net.sf.jclec.fitness.SimpleValueFitness@1deceb67[value=57.84942745157179]]
Median individual: net.sf.jclec.realarray.RealArrayIndividual@7aac8884[genotype={0.0,0.0,0.0,0.0,0.0,0.0,0.0,0.0,0.0,0.0,0.0,0.0,0.0,0.0,0.0,0.0,0.0,0.0,0.0,0.0,0.0,0.0,0.0,0.0,0.0,0.0,0.0,0.0,0.0,0.0},fitness=net.sf.jclec.fitness.SimpleValueFitness@5b852b49[value=0.0]]
Average fitness = 2.6032242353207304
Fitness variance = 101.98630191606549
Generation 360 Report
Best individual: net.sf.jclec.realarray.RealArrayIndividual@588f63c[genotype={0.0,0.0,0.0,0.0,0.0,0.0,0.0,0.0,0.0,0.0,0.0,0.0,0.0,0.0,0.0,0.0,0.0,0.0,0.0,0.0,0.0,0.0,0.0,0.0,0.0,0.0,0.0,0.0,0.0,0.0},fitness=net.sf.jclec.fitness.SimpleValueFitness@1981d861[value=0.0]]
Worst individual: net.sf.jclec.realarray.RealArrayIndividual@4613311f[genotype={0.0,0.0,0.0,0.0,0.0,5.12,0.0,0.0,0.0,0.0,0.0,0.0,0.0,0.0,0.0,0.0,0.0,0.0,0.0,0.0,0.0,0.0,0.0,0.0,0.0,0.0,0.0,0.0,0.0,5.12},fitness=net.sf.jclec.fitness.SimpleValueFitness@ec8f4b9[value=57.84942745157179]]
Median individual: net.sf.jclec.realarray.RealArrayIndividual@6ad16c5d[genotype={0.0,0.0,0.0,0.0,0.0,0.0,0.0,0.0,0.0,0.0,0.0,0.0,0.0,0.0,0.0,0.0,0.0,0.0,0.0,0.0,0.0,0.0,0.0,0.0,0.0,0.0,0.0,0.0,0.0,0.0},fitness=net.sf.jclec.fitness.SimpleValueFitness@6f911326[value=0.0]]
Average fitness = 4.338707058867885
Fitness variance = 156.86982452225004
Generation 370 Report
Best individual: net.sf.jclec.realarray.RealArrayIndividual@378f002a[genotype={0.0,0.0,0.0,0.0,0.0,0.0,0.0,0.0,0.0,0.0,0.0,0.0,0.0,0.0,0.0,0.0,0.0,0.0,0.0,0.0,0.0,0.0,0.0,0.0,0.0,0.0,0.0,0.0,0.0,0.0},fitness=net.sf.jclec.fitness.SimpleValueFitness@2cc75074[value=0.0]]
Worst individual: net.sf.jclec.realarray.RealArrayIndividual@6cbd0674[genotype={0.0,0.0,0.0,0.0,0.0,0.0,0.0,0.0,0.0,0.0,0.0,0.0,0.0,0.0,0.0,0.0,0.0,0.0,0.0,0.0,0.0,5.12,0.0,0.0,0.0,0.0,0.0,0.0,0.0,0.0},fitness=net.sf.jclec.fitness.SimpleValueFitness@19a64eae[value=28.924713725785896]]
Median individual: net.sf.jclec.realarray.RealArrayIndividual@7f93dd4e[genotype={0.0,0.0,0.0,0.0,0.0,0.0,0.0,0.0,0.0,0.0,0.0,0.0,0.0,0.0,0.0,0.0,0.0,0.0,0.0,0.0,0.0,0.0,0.0,0.0,0.0,0.0,0.0,0.0,0.0,0.0},fitness=net.sf.jclec.fitness.SimpleValueFitness@3ad85136[value=0.0]]
Average fitness = 1.4462356862892949
Fitness variance = 39.74035554563668
Generation 380 Report
Best individual: net.sf.jclec.realarray.RealArrayIndividual@806996[genotype={0.0,0.0,0.0,0.0,0.0,0.0,0.0,0.0,0.0,0.0,0.0,0.0,0.0,0.0,0.0,0.0,0.0,0.0,0.0,0.0,0.0,0.0,0.0,0.0,0.0,0.0,0.0,0.0,0.0,0.0},fitness=net.sf.jclec.fitness.SimpleValueFitness@257e0827[value=0.0]]
Worst individual: net.sf.jclec.realarray.RealArrayIndividual@70211df5[genotype={0.0,0.0,0.0,0.0,0.0,0.0,0.0,0.0,0.0,0.0,0.0,0.0,0.0,0.0,0.0,0.0,0.0,0.0,5.12,0.0,0.0,0.0,0.0,0.0,5.12,0.0,0.0,0.0,0.0,0.0},fitness=net.sf.jclec.fitness.SimpleValueFitness@38e7ed69[value=57.84942745157179]]
Median individual: net.sf.jclec.realarray.RealArrayIndividual@4b0b64cc[genotype={0.0,0.0,0.0,0.0,0.0,0.0,0.0,0.0,0.0,0.0,0.0,0.0,0.0,0.0,0.0,0.0,0.0,0.0,0.0,0.0,0.0,0.0,0.0,0.0,0.0,0.0,0.0,0.0,0.0,0.0},fitness=net.sf.jclec.fitness.SimpleValueFitness@4860827a[value=0.0]]
Average fitness = 3.181718509836449
Fitness variance = 132.1053082243375
Generation 390 Report
Best individual: net.sf.jclec.realarray.RealArrayIndividual@593a6726[genotype={0.0,0.0,0.0,0.0,0.0,0.0,0.0,0.0,0.0,0.0,0.0,0.0,0.0,0.0,0.0,0.0,0.0,0.0,0.0,0.0,0.0,0.0,0.0,0.0,0.0,0.0,0.0,0.0,0.0,0.0},fitness=net.sf.jclec.fitness.SimpleValueFitness@6dab01d9[value=0.0]]
Worst individual: net.sf.jclec.realarray.RealArrayIndividual@43c87306[genotype={0.0,0.0,0.0,0.0,0.0,0.0,0.0,0.0,0.0,0.0,0.0,0.0,0.0,0.0,0.0,5.12,0.0,0.0,0.0,0.0,0.0,0.0,0.0,0.0,0.0,0.0,0.0,0.0,0.0,0.0},fitness=net.sf.jclec.fitness.SimpleValueFitness@4c447c09[value=28.924713725785896]]
Median individual: net.sf.jclec.realarray.RealArrayIndividual@1e1b061[genotype={0.0,0.0,0.0,0.0,0.0,0.0,0.0,0.0,0.0,0.0,0.0,0.0,0.0,0.0,0.0,0.0,0.0,0.0,0.0,0.0,0.0,0.0,0.0,0.0,0.0,0.0,0.0,0.0,0.0,0.0},fitness=net.sf.jclec.fitness.SimpleValueFitness@4a8e6e89[value=0.0]]
Average fitness = 1.7354828235471538
Fitness variance = 47.18644321629282
Generation 400 Report
Best individual: net.sf.jclec.realarray.RealArrayIndividual@5626d18c[genotype={0.0,0.0,0.0,0.0,0.0,0.0,0.0,0.0,0.0,0.0,0.0,0.0,0.0,0.0,0.0,0.0,0.0,0.0,0.0,0.0,0.0,0.0,0.0,0.0,0.0,0.0,0.0,0.0,0.0,0.0},fitness=net.sf.jclec.fitness.SimpleValueFitness@3dc95b8b[value=0.0]]
Worst individual: net.sf.jclec.realarray.RealArrayIndividual@1115433e[genotype={0.0,0.0,0.0,0.0,0.0,5.12,0.0,0.0,0.0,0.0,0.0,0.0,0.0,0.0,0.0,0.0,0.0,0.0,0.0,0.0,0.0,5.12,0.0,0.0,0.0,0.0,0.0,0.0,5.12,0.0},fitness=net.sf.jclec.fitness.SimpleValueFitness@513b52af[value=86.77414117735769]]
Median individual: net.sf.jclec.realarray.RealArrayIndividual@51ab1ee3[genotype={0.0,0.0,0.0,0.0,0.0,0.0,0.0,0.0,0.0,0.0,0.0,0.0,0.0,0.0,0.0,0.0,0.0,0.0,0.0,0.0,0.0,0.0,0.0,0.0,0.0,0.0,0.0,0.0,0.0,0.0},fitness=net.sf.jclec.fitness.SimpleValueFitness@3003e580[value=0.0]]
Average fitness = 5.495695607899321
Fitness variance = 245.88822094447622
Generation 410 Report
Best individual: net.sf.jclec.realarray.RealArrayIndividual@3811510[genotype={0.0,0.0,0.0,0.0,0.0,0.0,0.0,0.0,0.0,0.0,0.0,0.0,0.0,0.0,0.0,0.0,0.0,0.0,0.0,0.0,0.0,0.0,0.0,0.0,0.0,0.0,0.0,0.0,0.0,0.0},fitness=net.sf.jclec.fitness.SimpleValueFitness@18539cb1[value=0.0]]
Worst individual: net.sf.jclec.realarray.RealArrayIndividual@748f93bb[genotype={0.0,0.0,0.0,0.0,0.0,0.0,0.0,0.0,0.0,0.0,0.0,0.0,5.12,0.0,0.0,0.0,0.0,0.0,5.12,0.0,0.0,5.12,0.0,0.0,0.0,0.0,0.0,0.0,0.0,0.0},fitness=net.sf.jclec.fitness.SimpleValueFitness@2e7157c7[value=86.77414117735769]]
Median individual: net.sf.jclec.realarray.RealArrayIndividual@3667faa8[genotype={0.0,0.0,0.0,0.0,0.0,0.0,0.0,0.0,0.0,0.0,0.0,0.0,0.0,0.0,0.0,0.0,0.0,0.0,0.0,0.0,0.0,0.0,0.0,0.0,0.0,0.0,0.0,0.0,0.0,0.0},fitness=net.sf.jclec.fitness.SimpleValueFitness@3138953b[value=0.0]]
Average fitness = 3.7602127843521673
Fitness variance = 144.82222199894122
Generation 420 Report
Best individual: net.sf.jclec.realarray.RealArrayIndividual@45adc393[genotype={0.0,0.0,0.0,0.0,0.0,0.0,0.0,0.0,0.0,0.0,0.0,0.0,0.0,0.0,0.0,0.0,0.0,0.0,0.0,0.0,0.0,0.0,0.0,0.0,0.0,0.0,0.0,0.0,0.0,0.0},fitness=net.sf.jclec.fitness.SimpleValueFitness@479111ba[value=0.0]]
Worst individual: net.sf.jclec.realarray.RealArrayIndividual@3b2553d9[genotype={0.0,0.0,0.0,0.0,0.0,0.0,0.0,0.0,0.0,0.0,0.0,0.0,0.0,0.0,0.0,0.0,0.0,0.0,0.0,0.0,5.12,0.0,0.0,0.0,0.0,0.0,0.0,0.0,0.0,5.12},fitness=net.sf.jclec.fitness.SimpleValueFitness@12a2585b[value=57.84942745157179]]
Median individual: net.sf.jclec.realarray.RealArrayIndividual@1bf14704[genotype={0.0,0.0,0.0,0.0,0.0,0.0,0.0,0.0,0.0,0.0,0.0,0.0,0.0,0.0,0.0,0.0,0.0,0.0,0.0,0.0,0.0,0.0,0.0,0.0,0.0,0.0,0.0,0.0,0.0,0.0},fitness=net.sf.jclec.fitness.SimpleValueFitness@2be21396[value=0.0]]
Average fitness = 3.181718509836449
Fitness variance = 98.63974565959082
Generation 430 Report
Best individual: net.sf.jclec.realarray.RealArrayIndividual@5d94a2dc[genotype={0.0,0.0,0.0,0.0,0.0,0.0,0.0,0.0,0.0,0.0,0.0,0.0,0.0,0.0,0.0,0.0,0.0,0.0,0.0,0.0,0.0,0.0,0.0,0.0,0.0,0.0,0.0,0.0,0.0,0.0},fitness=net.sf.jclec.fitness.SimpleValueFitness@59b32539[value=0.0]]
Worst individual: net.sf.jclec.realarray.RealArrayIndividual@18a19e[genotype={0.0,0.0,0.0,0.0,0.0,5.12,0.0,0.0,0.0,0.0,0.0,0.0,0.0,0.0,0.0,0.0,0.0,5.12,0.0,0.0,0.0,0.0,0.0,0.0,0.0,0.0,0.0,0.0,0.0,0.0},fitness=net.sf.jclec.fitness.SimpleValueFitness@2e13f304[value=57.84942745157179]]
Median individual: net.sf.jclec.realarray.RealArrayIndividual@5cf8676a[genotype={0.0,0.0,0.0,0.0,0.0,0.0,0.0,0.0,0.0,0.0,0.0,0.0,0.0,0.0,0.0,0.0,0.0,0.0,0.0,0.0,0.0,0.0,0.0,0.0,0.0,0.0,0.0,0.0,0.0,0.0},fitness=net.sf.jclec.fitness.SimpleValueFitness@3520963d[value=0.0]]
Average fitness = 4.627954196125744
Fitness variance = 162.64263406466884
Generation 440 Report
Best individual: net.sf.jclec.realarray.RealArrayIndividual@74834afd[genotype={0.0,0.0,0.0,0.0,0.0,0.0,0.0,0.0,0.0,0.0,0.0,0.0,0.0,0.0,0.0,0.0,0.0,0.0,0.0,0.0,0.0,0.0,0.0,0.0,0.0,0.0,0.0,0.0,0.0,0.0},fitness=net.sf.jclec.fitness.SimpleValueFitness@d499c13[value=0.0]]
Worst individual: net.sf.jclec.realarray.RealArrayIndividual@53d9826f[genotype={0.0,0.0,0.0,5.12,0.0,0.0,0.0,0.0,0.0,0.0,0.0,0.0,0.0,0.0,0.0,0.0,0.0,0.0,0.0,0.0,0.0,0.0,0.0,0.0,0.0,0.0,5.12,0.0,0.0,0.0},fitness=net.sf.jclec.fitness.SimpleValueFitness@5f59ea8c[value=57.84942745157179]]
Median individual: net.sf.jclec.realarray.RealArrayIndividual@718f805a[genotype={0.0,0.0,0.0,0.0,0.0,0.0,0.0,0.0,0.0,0.0,0.0,0.0,0.0,0.0,0.0,0.0,0.0,0.0,0.0,0.0,0.0,0.0,0.0,0.0,0.0,0.0,0.0,0.0,0.0,0.0},fitness=net.sf.jclec.fitness.SimpleValueFitness@557b6a37[value=0.0]]
Average fitness = 3.4709656470943084
Fitness variance = 121.8146477356779
Generation 450 Report
Best individual: net.sf.jclec.realarray.RealArrayIndividual@31f295b6[genotype={0.0,0.0,0.0,0.0,0.0,0.0,0.0,0.0,0.0,0.0,0.0,0.0,0.0,0.0,0.0,0.0,0.0,0.0,0.0,0.0,0.0,0.0,0.0,0.0,0.0,0.0,0.0,0.0,0.0,0.0},fitness=net.sf.jclec.fitness.SimpleValueFitness@4c82b5df[value=0.0]]
Worst individual: net.sf.jclec.realarray.RealArrayIndividual@4cc7d00d[genotype={0.0,0.0,0.0,0.0,0.0,0.0,0.0,0.0,0.0,0.0,0.0,0.0,0.0,0.0,0.0,0.0,0.0,0.0,0.0,0.0,0.0,0.0,0.0,0.0,0.0,0.0,0.0,5.12,5.12,5.12},fitness=net.sf.jclec.fitness.SimpleValueFitness@91da29b[value=86.77414117735769]]
Median individual: net.sf.jclec.realarray.RealArrayIndividual@68ddd415[genotype={0.0,0.0,0.0,0.0,0.0,0.0,0.0,0.0,0.0,0.0,0.0,0.0,0.0,0.0,0.0,0.0,0.0,0.0,0.0,0.0,0.0,0.0,0.0,0.0,0.0,0.0,0.0,0.0,0.0,0.0},fitness=net.sf.jclec.fitness.SimpleValueFitness@664632e9[value=0.0]]
Average fitness = 6.652684156930758
Fitness variance = 315.4965910791493
Generation 460 Report
Best individual: net.sf.jclec.realarray.RealArrayIndividual@25ffd826[genotype={0.0,0.0,0.0,0.0,0.0,0.0,0.0,0.0,0.0,0.0,0.0,0.0,0.0,0.0,0.0,0.0,0.0,0.0,0.0,0.0,0.0,0.0,0.0,0.0,0.0,0.0,0.0,0.0,0.0,0.0},fitness=net.sf.jclec.fitness.SimpleValueFitness@e29f4f6[value=0.0]]
Worst individual: net.sf.jclec.realarray.RealArrayIndividual@3cdc7b09[genotype={5.12,0.0,0.0,0.0,0.0,0.0,0.0,0.0,0.0,0.0,0.0,0.0,0.0,0.0,0.0,5.12,0.0,0.0,0.0,0.0,0.0,0.0,0.0,0.0,0.0,0.0,0.0,0.0,0.0,0.0},fitness=net.sf.jclec.fitness.SimpleValueFitness@684e8c9d[value=57.84942745157179]]
Median individual: net.sf.jclec.realarray.RealArrayIndividual@7a1b8a46[genotype={0.0,0.0,0.0,0.0,0.0,0.0,0.0,0.0,0.0,0.0,0.0,0.0,0.0,0.0,0.0,0.0,0.0,0.0,0.0,0.0,0.0,0.0,0.0,0.0,0.0,0.0,0.0,0.0,0.0,0.0},fitness=net.sf.jclec.fitness.SimpleValueFitness@3d40a3b4[value=0.0]]
Average fitness = 4.338707058867885
Fitness variance = 190.3353870869967
Generation 470 Report
Best individual: net.sf.jclec.realarray.RealArrayIndividual@186d8a71[genotype={0.0,0.0,0.0,0.0,0.0,0.0,0.0,0.0,0.0,0.0,0.0,0.0,0.0,0.0,0.0,0.0,0.0,0.0,0.0,0.0,0.0,0.0,0.0,0.0,0.0,0.0,0.0,0.0,0.0,0.0},fitness=net.sf.jclec.fitness.SimpleValueFitness@2db6d68d[value=0.0]]
Worst individual: net.sf.jclec.realarray.RealArrayIndividual@f2276c9[genotype={0.0,0.0,0.0,0.0,0.0,0.0,0.0,0.0,0.0,0.0,0.0,0.0,0.0,0.0,0.0,5.12,0.0,0.0,0.0,5.12,0.0,0.0,5.12,0.0,0.0,0.0,0.0,0.0,0.0,0.0},fitness=net.sf.jclec.fitness.SimpleValueFitness@62b475e2[value=86.77414117735769]]
Median individual: net.sf.jclec.realarray.RealArrayIndividual@6d6ac396[genotype={0.0,0.0,0.0,0.0,0.0,0.0,0.0,0.0,0.0,0.0,0.0,0.0,0.0,0.0,0.0,0.0,0.0,0.0,0.0,0.0,0.0,0.0,0.0,0.0,0.0,0.0,0.0,0.0,0.0,0.0},fitness=net.sf.jclec.fitness.SimpleValueFitness@f5a7226[value=0.0]]
Average fitness = 6.074189882415038
Fitness variance = 322.8590148433936
Generation 480 Report
Best individual: net.sf.jclec.realarray.RealArrayIndividual@43471a7e[genotype={0.0,0.0,0.0,0.0,0.0,0.0,0.0,0.0,0.0,0.0,0.0,0.0,0.0,0.0,0.0,0.0,0.0,0.0,0.0,0.0,0.0,0.0,0.0,0.0,0.0,0.0,0.0,0.0,0.0,0.0},fitness=net.sf.jclec.fitness.SimpleValueFitness@1a1ccaaf[value=0.0]]
Worst individual: net.sf.jclec.realarray.RealArrayIndividual@32a4ecbe[genotype={0.0,0.0,0.0,0.0,0.0,0.0,0.0,0.0,5.12,0.0,0.0,0.0,0.0,0.0,5.12,0.0,0.0,0.0,0.0,0.0,0.0,0.0,0.0,0.0,0.0,0.0,0.0,0.0,5.12,0.0},fitness=net.sf.jclec.fitness.SimpleValueFitness@23cd5d42[value=86.77414117735769]]
Median individual: net.sf.jclec.realarray.RealArrayIndividual@739265f1[genotype={0.0,0.0,0.0,0.0,0.0,0.0,0.0,0.0,0.0,0.0,0.0,0.0,0.0,0.0,0.0,0.0,0.0,0.0,0.0,0.0,0.0,0.0,0.0,0.0,0.0,0.0,0.0,0.0,0.0,0.0},fitness=net.sf.jclec.fitness.SimpleValueFitness@6acffb2d[value=0.0]]
Average fitness = 6.652684156930757
Fitness variance = 332.2293723615226
Generation 490 Report
Best individual: net.sf.jclec.realarray.RealArrayIndividual@629e8212[genotype={0.0,0.0,0.0,0.0,0.0,0.0,0.0,0.0,0.0,0.0,0.0,0.0,0.0,0.0,0.0,0.0,0.0,0.0,0.0,0.0,0.0,0.0,0.0,0.0,0.0,0.0,0.0,0.0,0.0,0.0},fitness=net.sf.jclec.fitness.SimpleValueFitness@16ee9aa7[value=0.0]]
Worst individual: net.sf.jclec.realarray.RealArrayIndividual@5e180aaf[genotype={5.12,0.0,5.12,5.12,0.0,0.0,0.0,0.0,0.0,0.0,0.0,0.0,0.0,0.0,0.0,0.0,0.0,0.0,0.0,0.0,0.0,0.0,0.0,0.0,0.0,5.12,0.0,0.0,0.0,0.0},fitness=net.sf.jclec.fitness.SimpleValueFitness@44592c39[value=115.69885490314358]]
Median individual: net.sf.jclec.realarray.RealArrayIndividual@1961d75a[genotype={0.0,0.0,0.0,0.0,0.0,0.0,0.0,0.0,0.0,0.0,0.0,0.0,0.0,0.0,0.0,0.0,0.0,0.0,0.0,0.0,0.0,0.0,0.0,0.0,0.0,0.0,0.0,0.0,0.0,0.0},fitness=net.sf.jclec.fitness.SimpleValueFitness@3e26482[value=0.0]]
Average fitness = 8.09891984322005
Fitness variance = 419.6581545619232
Generation 500 Report
Best individual: net.sf.jclec.realarray.RealArrayIndividual@5a1dddba[genotype={0.0,0.0,0.0,0.0,0.0,0.0,0.0,0.0,0.0,0.0,0.0,0.0,0.0,0.0,0.0,0.0,0.0,0.0,0.0,0.0,0.0,0.0,0.0,0.0,0.0,0.0,0.0,0.0,0.0,0.0},fitness=net.sf.jclec.fitness.SimpleValueFitness@13866329[value=0.0]]
Worst individual: net.sf.jclec.realarray.RealArrayIndividual@14b31e37[genotype={0.0,0.0,0.0,5.12,0.0,0.0,0.0,0.0,0.0,0.0,0.0,0.0,0.0,5.12,0.0,0.0,0.0,0.0,0.0,0.0,5.12,0.0,0.0,0.0,0.0,0.0,0.0,0.0,0.0,0.0},fitness=net.sf.jclec.fitness.SimpleValueFitness@5c48b72c[value=86.77414117735769]]
Median individual: net.sf.jclec.realarray.RealArrayIndividual@6839203b[genotype={0.0,0.0,0.0,0.0,0.0,0.0,0.0,0.0,0.0,0.0,0.0,0.0,0.0,0.0,0.0,0.0,0.0,0.0,0.0,0.0,0.0,0.0,0.0,0.0,0.0,0.0,0.0,0.0,0.0,0.0},fitness=net.sf.jclec.fitness.SimpleValueFitness@6db328f8[value=0.0]]
Average fitness = 6.941931294188615
Fitness variance = 252.99965298948482
