Wed Nov 21 15.28.23 CET 2018
Generation 0 Report
Best individual: net.sf.jclec.realarray.RealArrayIndividual@5f4da5c3[genotype={0.1565284771667968,1.9983909150265415,2.1757863876198864,2.324407047207405,2.196427529120295,1.1059840932936675,2.8495387305651105,1.6901116021195564,2.2866361788301894,3.536352304048985,0.02600996803605658,0.7362088404094362,1.2215026520834642,0.8971855837268348,4.285583808406664,3.6377437534029764,0.37420700139522256,5.112404321303093,3.1297154206739535,2.882100515243217,1.1637575371367364,0.1495476024381015,0.1430170575022592,2.191330440167585,1.5904029445213315,3.1517019654054605,3.316527111327906,3.974877167800615,2.5303720448676303,3.0086603031051675},fitness=net.sf.jclec.fitness.SimpleValueFitness@14514713[value=422.6819678025703]]
Worst individual: net.sf.jclec.realarray.RealArrayIndividual@3419866c[genotype={0.5867527048775143,3.5419839083971234,4.21455248160717,1.3532584940688221,0.8238140569161985,0.8460560576254327,4.146929923077621,4.7745089711737805,4.195420043379696,4.109559383347486,4.888127538876329,3.0637503004677775,5.043441297191352,2.1471781552956335,4.18673017230849,0.830545285928098,4.285133459540325,4.638251321376052,3.472341059914588,4.919008145892493,4.488654685771636,1.0755295641318292,3.008206060863325,5.099774013284428,2.465667779893727,4.773809174478071,5.026443027170087,3.544680079277496,3.6897779182962784,4.20174579628725},fitness=net.sf.jclec.fitness.SimpleValueFitness@68fb2c38[value=673.8876747073274]]
Median individual: net.sf.jclec.realarray.RealArrayIndividual@26f0a63f[genotype={2.3890945966542723,3.593446493341679,4.267384476150209,0.08600306030083124,4.260034839395166,0.1771772814405468,4.940105336847623,3.1513534475012164,0.8019340328403657,4.579306889418181,4.554326806225411,4.520007120784517,2.6224711918366945,1.2179327533808149,1.3985215496734111,4.747595089138324,1.3453710731995423,3.520790820718493,4.902346844779186,4.839357167063624,0.9960195026079801,0.6315720682626734,0.7763224956394487,3.2968811170828616,1.487984051730369,0.07788994763005082,3.8940835726686305,3.926181130134529,2.551073027048839,3.0998650775866277},fitness=net.sf.jclec.fitness.SimpleValueFitness@53bd815b[value=622.1534409081138]]
Average fitness = 565.728236352347
Fitness variance = 2857.7767504198127
Generation 10 Report
Best individual: net.sf.jclec.realarray.RealArrayIndividual@735b478[genotype={3.132409779573076,1.9983909150265415,1.895492645906443,1.0934776628037086,3.2929022613645187,3.9536245303118593,0.34225985506242157,1.0072806227574471,1.464309634543036,0.922763291714641,0.02600996803605658,1.8433637707408295,1.1236270948541118,1.643735184172304,0.8492845266083876,1.157342494084688,2.083207928694704,1.975977760767263,1.9382862690897507,0.26421237950449306,0.0257309682230016,0.7759454342621364,0.9212210644043863,2.191330440167585,0.18598039895572632,2.821009767652198,1.821570765553737,3.8055221712717615,0.028357520876379137,1.108288315940243},fitness=net.sf.jclec.fitness.SimpleValueFitness@2096442d[value=248.36006997447413]]
Worst individual: net.sf.jclec.realarray.RealArrayIndividual@3567135c[genotype={1.0772030074948549,1.9983909150265415,2.1757863876198864,3.4503225217930793,2.196427529120295,1.1059840932936675,0.34225985506242157,0.250686216034622,2.7129108643876627,3.843858933314457,0.02600996803605658,0.6177956010407102,3.4871251722941743,0.21216205698364518,3.1280727857605592,4.171128178480575,2.353555080667129,0.04147493237054004,1.432168227130874,0.11442850901643366,2.1504792608848775,2.0781245702683386,0.9212210644043863,1.715273190713389,0.498533682505108,3.5989336780157766,1.821570765553737,2.0381357104785867,1.719225479732707,1.5177729448114423},fitness=net.sf.jclec.fitness.SimpleValueFitness@4157f54e[value=399.51011479167033]]
Median individual: net.sf.jclec.realarray.RealArrayIndividual@2c8d66b2[genotype={0.8346801580004859,1.9983909150265415,1.895492645906443,1.039638149464898,4.250550829393929,2.0723679749766992,1.4037586594772582,0.8124851805888896,1.464309634543036,0.7278291686073974,0.02600996803605658,0.7465242231712179,1.1236270948541118,1.643735184172304,1.7249743693356596,2.897960264992666,2.083207928694704,0.04147493237054004,1.432168227130874,0.11442850901643366,0.12924207562808424,0.9660308743568206,2.8969722226111516,0.5263747692527934,1.832360312814374,1.3817511172209174,1.821570765553737,4.103682327065472,4.879725102867737,1.108288315940243},fitness=net.sf.jclec.fitness.SimpleValueFitness@3cb5cdba[value=319.83968266846443]]
Average fitness = 321.81483211461205
Fitness variance = 1318.6113466246752
Generation 20 Report
Best individual: net.sf.jclec.realarray.RealArrayIndividual@6767c1fc[genotype={0.8346801580004859,1.9983909150265415,1.8556343298290505,1.039638149464898,2.910132833168837,0.017566202165650947,1.0046258389593488,2.130264009097158,1.1013538636943498,0.8756827497743505,0.02600996803605658,0.7465242231712179,1.1236270948541118,0.21216205698364518,0.8492845266083876,1.157342494084688,2.083207928694704,0.04147493237054004,2.96401051255483,0.11442850901643366,0.0257309682230016,0.9660308743568206,0.9212210644043863,1.0909507571981825,1.9691859519769483,1.9673662960321179,1.9289058448113994,0.9449339536483727,0.028357520876379137,0.9349569074835492},fitness=net.sf.jclec.fitness.SimpleValueFitness@c038203[value=117.23097236052536]]
Worst individual: net.sf.jclec.realarray.RealArrayIndividual@5056dfcb[genotype={1.0772030074948549,1.9983909150265415,1.895492645906443,2.2250278483316914,1.2462471586401742,0.017566202165650947,1.0046258389593488,1.851573522490279,2.9625277019920815,0.8756827497743505,0.02600996803605658,1.0602535914016293,1.1236270948541118,2.8185415797759332,3.1280727857605592,2.897960264992666,2.9333257187845763,1.228676172582904,2.96401051255483,0.26421237950449306,0.0257309682230016,0.9660308743568206,3.0264145293199802,0.5912244728313363,1.9691859519769483,3.0485916420269574,2.534583162672473,1.151572409133209,1.5851054800090532,0.9349569074835492},fitness=net.sf.jclec.fitness.SimpleValueFitness@2669b199[value=238.3876149363274]]
Median individual: net.sf.jclec.realarray.RealArrayIndividual@6a41eaa2[genotype={0.8346801580004859,1.9983909150265415,1.8556343298290505,1.039638149464898,1.7536265016740789,0.017566202165650947,2.0178850175590712,1.851573522490279,1.464309634543036,0.8756827497743505,0.02600996803605658,1.4520780267725124,1.1236270948541118,0.012950003500096001,0.8492845266083876,2.897960264992666,2.083207928694704,0.04147493237054004,2.96401051255483,1.928070395093041,0.0257309682230016,0.9660308743568206,0.9212210644043863,2.191330440167585,0.18598039895572632,3.0485916420269574,1.821570765553737,1.151572409133209,0.028357520876379137,0.9349569074835492},fitness=net.sf.jclec.fitness.SimpleValueFitness@6d4b1c02[value=176.1313725272955]]
Average fitness = 175.7433370138994
Fitness variance = 448.9844081331903
Generation 30 Report
Best individual: net.sf.jclec.realarray.RealArrayIndividual@2758fe70[genotype={0.8346801580004859,1.9983909150265415,1.8556343298290505,1.039638149464898,0.9308670037307976,0.017566202165650947,1.0046258389593488,1.0072806227574471,0.9766734747064091,0.922763291714641,0.02600996803605658,0.8846202184176036,0.9242955589439396,0.012950003500096001,0.8492845266083876,2.897960264992666,1.0269535749919647,0.04147493237054004,0.09310380235762279,0.11442850901643366,0.0257309682230016,0.9660308743568206,0.9212210644043863,1.0909507571981825,0.18598039895572632,1.9673662960321179,0.008055882673492993,2.0381357104785867,0.028357520876379137,0.9349569074835492},fitness=net.sf.jclec.fitness.SimpleValueFitness@578486a3[value=74.26977803424474]]
Worst individual: net.sf.jclec.realarray.RealArrayIndividual@6737fd8f[genotype={0.8346801580004859,1.9983909150265415,1.8556343298290505,2.152807793750128,1.7536265016740789,0.017566202165650947,1.0046258389593488,1.0072806227574471,1.7614441329157968,0.922763291714641,0.02600996803605658,0.7465242231712179,1.1236270948541118,0.8971855837268348,0.8492845266083876,3.063047020053621,1.0269535749919647,0.04147493237054004,1.0882857535041712,2.083968858299947,0.0257309682230016,0.9660308743568206,0.9212210644043863,1.0909507571981825,0.5014376788445976,1.9673662960321179,0.008055882673492993,1.634859875157588,0.028357520876379137,0.8217097818296306},fitness=net.sf.jclec.fitness.SimpleValueFitness@a7e666[value=154.19388281510138]]
Median individual: net.sf.jclec.realarray.RealArrayIndividual@80503[genotype={0.8346801580004859,1.9983909150265415,1.8556343298290505,2.152807793750128,1.2462471586401742,0.017566202165650947,1.0046258389593488,2.130264009097158,0.9766734747064091,0.922763291714641,0.02600996803605658,0.8846202184176036,1.1236270948541118,0.8971855837268348,0.8492845266083876,1.157342494084688,1.0269535749919647,0.04147493237054004,0.09310380235762279,2.083968858299947,0.12924207562808424,0.9660308743568206,0.9212210644043863,1.0909507571981825,2.116906328219277,1.9673662960321179,0.008055882673492993,0.9449339536483727,0.8852631190311435,0.8217097818296306},fitness=net.sf.jclec.fitness.SimpleValueFitness@69a3d1d[value=110.33375426814439]]
Average fitness = 102.22248116378083
Fitness variance = 150.77610001353605
Generation 40 Report
Best individual: net.sf.jclec.realarray.RealArrayIndividual@130f889[genotype={0.8941668229634019,1.9983909150265415,1.0107965196504582,1.039638149464898,0.9308670037307976,0.017566202165650947,1.0046258389593488,1.0072806227574471,0.9766734747064091,0.11581143187013487,0.08266934856403967,0.8846202184176036,0.9242955589439396,0.012950003500096001,0.8492845266083876,0.9443593309545404,1.0269535749919647,0.04147493237054004,0.09310380235762279,0.09900418858590695,0.0257309682230016,0.9660308743568206,0.9019007556564183,1.0910855905994503,1.9691859519769483,1.9673662960321179,0.008055882673492993,0.9449339536483727,0.028357520876379137,0.9349569074835492},fitness=net.sf.jclec.fitness.SimpleValueFitness@2f490758[value=53.17780180642552]]
Worst individual: net.sf.jclec.realarray.RealArrayIndividual@18bf3d14[genotype={0.8346801580004859,1.9983909150265415,1.895492645906443,1.0934776628037086,0.9308670037307976,0.017566202165650947,0.9189615033230194,1.0072806227574471,0.9766734747064091,0.922763291714641,0.02600996803605658,0.7465242231712179,1.1236270948541118,0.012950003500096001,0.8492845266083876,0.9443593309545404,1.0269535749919647,0.04147493237054004,0.09310380235762279,0.11442850901643366,0.0257309682230016,0.9660308743568206,0.9212210644043863,1.0909507571981825,1.9691859519769483,1.6877597430537792,0.7911046735398631,0.9449339536483727,0.028357520876379137,0.9349569074835492},fitness=net.sf.jclec.fitness.SimpleValueFitness@42607a4f[value=91.62822975792753]]
Median individual: net.sf.jclec.realarray.RealArrayIndividual@130f889[genotype={0.8941668229634019,1.9983909150265415,1.0107965196504582,1.039638149464898,0.9308670037307976,0.017566202165650947,1.0046258389593488,1.0072806227574471,0.9766734747064091,0.11581143187013487,0.08266934856403967,0.8846202184176036,0.9242955589439396,0.012950003500096001,0.8492845266083876,0.9443593309545404,1.0269535749919647,0.04147493237054004,0.09310380235762279,0.09900418858590695,0.0257309682230016,0.9660308743568206,0.9019007556564183,1.0910855905994503,1.9691859519769483,1.9673662960321179,0.008055882673492993,0.9449339536483727,0.028357520876379137,0.9349569074835492},fitness=net.sf.jclec.fitness.SimpleValueFitness@2f490758[value=53.17780180642552]]
Average fitness = 65.29927645732133
Fitness variance = 53.05110297862848
Generation 50 Report
Best individual: net.sf.jclec.realarray.RealArrayIndividual@14ec4505[genotype={0.8941668229634019,0.9557116990690717,1.0107965196504582,1.039638149464898,0.9308670037307976,0.017566202165650947,1.0046258389593488,1.0072806227574471,0.9766734747064091,0.922763291714641,0.025606760747287814,0.9549363858238769,1.0190582439609346,0.012950003500096001,1.023363070305798,0.9443593309545404,0.9695885405960992,0.04147493237054004,0.09127704216249227,0.11442850901643366,0.0257309682230016,0.9660308743568206,0.9212210644043863,1.0645915070979337,1.9691859519769483,1.9673662960321179,0.008055882673492993,0.9449339536483727,0.028357520876379137,0.9349569074835492},fitness=net.sf.jclec.fitness.SimpleValueFitness@358c99f5[value=41.202721060393486]]
Worst individual: net.sf.jclec.realarray.RealArrayIndividual@61009542[genotype={0.8941668229634019,0.9557116990690717,1.0107965196504582,1.039638149464898,0.9308670037307976,0.017566202165650947,1.1601835085954355,1.0072806227574471,1.1182986719851997,0.11581143187013487,0.024476494694792163,0.8846202184176036,0.9242955589439396,0.0900444132568711,0.8492845266083876,0.9443593309545404,1.0269535749919647,0.3597524152900482,0.09310380235762279,0.11396043255864304,0.0257309682230016,0.9660308743568206,0.9212210644043863,1.0909507571981825,1.9691859519769483,1.9673662960321179,0.008055882673492993,0.9449339536483727,0.028357520876379137,0.9349569074835492},fitness=net.sf.jclec.fitness.SimpleValueFitness@448ff1a8[value=74.7472421161952]]
Median individual: net.sf.jclec.realarray.RealArrayIndividual@6ab7a896[genotype={0.8941668229634019,1.9983909150265415,1.0107965196504582,1.0934776628037086,0.9308670037307976,0.017566202165650947,1.0046258389593488,1.0072806227574471,0.9766734747064091,0.922763291714641,0.02600996803605658,0.9549363858238769,1.0190582439609346,0.012950003500096001,1.023363070305798,0.9443593309545404,1.0269535749919647,0.04147493237054004,0.09310380235762279,0.11442850901643366,0.0257309682230016,0.9660308743568206,0.9212210644043863,1.0645915070979337,1.8760442414024832,1.9673662960321179,0.008055882673492993,0.9449339536483727,0.028357520876379137,0.9349569074835492},fitness=net.sf.jclec.fitness.SimpleValueFitness@45dd4eda[value=47.86141094954533]]
Average fitness = 46.95005604302884
Fitness variance = 15.16388287163636
Generation 60 Report
Best individual: net.sf.jclec.realarray.RealArrayIndividual@1622f1b[genotype={0.9801881039407023,0.9557116990690717,1.0107965196504582,1.039638149464898,0.9308670037307976,0.017566202165650947,1.0046258389593488,1.0072806227574471,0.9766734747064091,0.9640817352029862,0.02600996803605658,0.9549363858238769,1.0190582439609346,0.012950003500096001,1.023363070305798,0.9443593309545404,1.0269535749919647,0.04147493237054004,0.09310380235762279,0.10409684353269896,0.0257309682230016,0.9660308743568206,0.9212210644043863,1.0093298866202753,1.9691859519769483,1.9673662960321179,0.007941476954306319,0.9449339536483727,0.028357520876379137,0.9349569074835492},fitness=net.sf.jclec.fitness.SimpleValueFitness@2e4b8173[value=37.30674690526649]]
Worst individual: net.sf.jclec.realarray.RealArrayIndividual@7c469c48[genotype={1.0718334418731663,0.9557116990690717,1.0107965196504582,1.017704937541113,0.9308670037307976,0.017566202165650947,1.0046258389593488,1.0072806227574471,0.9766734747064091,0.922763291714641,0.02600996803605658,0.9549363858238769,1.0190582439609346,0.012950003500096001,1.023363070305798,0.9443593309545404,1.0202807085755585,0.04147493237054004,0.1479430721638963,0.11442850901643366,0.0257309682230016,0.9660308743568206,0.9212210644043863,1.0909507571981825,1.9691859519769483,1.9673662960321179,0.008055882673492993,0.9693352799274623,0.028357520876379137,0.9349569074835492},fitness=net.sf.jclec.fitness.SimpleValueFitness@7ee955a8[value=43.039164429157836]]
Median individual: net.sf.jclec.realarray.RealArrayIndividual@4facf68f[genotype={0.9801881039407023,0.9467754345204882,1.0107965196504582,1.039638149464898,0.9308670037307976,0.017566202165650947,1.0046258389593488,1.0072806227574471,0.9766734747064091,0.916883707920498,0.02600996803605658,0.9549363858238769,1.0190582439609346,0.012950003500096001,1.023363070305798,0.9443593309545404,1.0269535749919647,0.04147493237054004,0.09127704216249227,0.11442850901643366,0.0257309682230016,0.9660308743568206,1.00668425313375,1.0645915070979337,1.9691859519769483,1.9673662960321179,0.008055882673492993,0.9449339536483727,0.028357520876379137,0.9349569074835492},fitness=net.sf.jclec.fitness.SimpleValueFitness@41e36e46[value=38.68355364966868]]
Average fitness = 39.07512553628675
Fitness variance = 0.8944963037092748
Generation 70 Report
Best individual: net.sf.jclec.realarray.RealArrayIndividual@557caf28[genotype={0.9801881039407023,0.9557116990690717,1.0107965196504582,1.017704937541113,1.0015939372144003,0.017566202165650947,1.0046258389593488,1.0035666416155087,0.9766734747064091,0.9640817352029862,0.02600996803605658,0.9549363858238769,1.0190582439609346,0.012950003500096001,1.023363070305798,0.9608298491150091,1.0269535749919647,0.04147493237054004,0.08206964016732608,0.1047686232896466,0.0257309682230016,0.9660308743568206,1.00668425313375,1.0093298866202753,1.955589840937378,1.9673662960321179,0.008055882673492993,0.9693352799274623,0.028357520876379137,0.9446192227715392},fitness=net.sf.jclec.fitness.SimpleValueFitness@6c6cb480[value=34.15066602286194]]
Worst individual: net.sf.jclec.realarray.RealArrayIndividual@3023df74[genotype={1.0018714994354079,0.9557116990690717,1.0107965196504582,1.0255413498246502,0.9308670037307976,0.017566202165650947,1.0046258389593488,1.0072806227574471,1.0099062294702148,0.9640817352029862,0.025606760747287814,0.9549363858238769,1.0190582439609346,0.012950003500096001,1.023363070305798,0.9443593309545404,1.0403597692478284,0.04147493237054004,0.08206964016732608,0.10904339405158395,0.0257309682230016,0.9743070490114661,0.936648262470344,1.0093298866202753,1.9691859519769483,1.9673662960321179,0.008055882673492993,0.9449339536483727,0.028357520876379137,0.9349569074835492},fitness=net.sf.jclec.fitness.SimpleValueFitness@4562e04d[value=36.60171291668324]]
Median individual: net.sf.jclec.realarray.RealArrayIndividual@3c46e67a[genotype={1.0018714994354079,0.9557116990690717,1.0107965196504582,1.017704937541113,0.9308670037307976,0.017566202165650947,1.0046258389593488,1.0072806227574471,0.9766734747064091,0.9640817352029862,0.02600996803605658,0.9549363858238769,1.0190582439609346,0.012950003500096001,1.023363070305798,0.9443593309545404,1.0269535749919647,0.04147493237054004,0.08206964016732608,0.10904339405158395,0.025611893577737323,0.9743070490114661,1.00668425313375,1.0093298866202753,1.9691859519769483,1.9787882957529142,0.008055882673492993,0.9614084668413025,0.028357520876379137,0.9349569074835492},fitness=net.sf.jclec.fitness.SimpleValueFitness@206a70ef[value=35.358012255048315]]
Average fitness = 35.593099405233694
Fitness variance = 0.19052817461897575
Generation 80 Report
Best individual: net.sf.jclec.realarray.RealArrayIndividual@e4487af[genotype={0.9801881039407023,0.9557116990690717,1.0107965196504582,1.017704937541113,1.0015939372144003,0.017566202165650947,1.0046258389593488,1.0035666416155087,0.9766734747064091,0.9640817352029862,0.02600996803605658,0.9845052927197018,1.0190582439609346,0.012950003500096001,1.01919015992977,0.9655908818549918,1.0269535749919647,0.04147493237054004,0.08206964016732608,0.1047686232896466,0.0257309682230016,0.9660308743568206,1.00668425313375,1.0093298866202753,1.9691859519769483,1.9787882957529142,0.008055882673492993,0.9693352799274623,0.028357520876379137,0.9446192227715392},fitness=net.sf.jclec.fitness.SimpleValueFitness@c86b9e3[value=33.532046936032344]]
Worst individual: net.sf.jclec.realarray.RealArrayIndividual@10aa41f2[genotype={0.9801881039407023,0.9557116990690717,1.0107965196504582,1.017704937541113,0.9495579326825486,0.017566202165650947,1.0046258389593488,1.0072806227574471,0.9766734747064091,0.9640817352029862,0.025606760747287814,0.9847869080916339,1.0190582439609346,0.012950003500096001,1.023363070305798,0.9608298491150091,1.0269535749919647,0.04147493237054004,0.08206964016732608,0.1046958426067819,0.0257309682230016,0.9660308743568206,1.00668425313375,1.0093298866202753,1.9691859519769483,1.9673662960321179,0.008055882673492993,0.9693352799274623,0.028357520876379137,0.9349569074835492},fitness=net.sf.jclec.fitness.SimpleValueFitness@37271612[value=34.32001411441266]]
Median individual: net.sf.jclec.realarray.RealArrayIndividual@236e3f4e[genotype={0.9801881039407023,0.9557116990690717,1.0107965196504582,1.017938017493423,1.0015939372144003,0.017566202165650947,1.0029671311881936,1.009540906523069,0.9766734747064091,0.9640817352029862,0.02600996803605658,0.9847869080916339,1.0190582439609346,0.012950003500096001,1.023363070305798,0.9600372867373375,1.0269535749919647,0.04147493237054004,0.08206964016732608,0.10475755706129097,0.0257309682230016,0.9660308743568206,1.00668425313375,1.0093298866202753,1.9691859519769483,1.9787882957529142,0.008055882673492993,0.9693352799274623,0.028357520876379137,0.9446192227715392},fitness=net.sf.jclec.fitness.SimpleValueFitness@6bf0219d[value=33.66780371478825]]
Average fitness = 33.82848015895371
Fitness variance = 0.03732990817093196
Generation 90 Report
Best individual: net.sf.jclec.realarray.RealArrayIndividual@273e7444[genotype={0.981380240213598,0.9658229645070404,1.0107965196504582,1.017704937541113,1.0015939372144003,0.017566202165650947,1.0081506073890956,1.0035588761745973,0.9795931623801122,0.964058348027147,0.02600996803605658,0.9847869080916339,1.015934350598207,0.012950003500096001,1.0191413622423204,0.9655908818549918,1.0269535749919647,0.04147493237054004,0.08206964016732608,0.1047686232896466,0.0257309682230016,0.9743070490114661,1.00668425313375,1.0093298866202753,1.9691859519769483,1.9787882957529142,0.008055882673492993,0.9787651547012772,0.028348926723498348,0.9446192227715392},fitness=net.sf.jclec.fitness.SimpleValueFitness@783a467b[value=33.19839231410446]]
Worst individual: net.sf.jclec.realarray.RealArrayIndividual@209da20d[genotype={0.9801881039407023,0.9658229645070404,1.0107965196504582,1.017704937541113,1.0015939372144003,0.017566202165650947,1.0090145919225928,1.0035588761745973,0.9766734747064091,0.9640817352029862,0.02600996803605658,0.9847869080916339,1.0189229683397323,0.012950003500096001,1.01919015992977,0.9608298491150091,1.0269535749919647,0.04147493237054004,0.08206964016732608,0.1046958426067819,0.0257309682230016,0.9660308743568206,1.00668425313375,1.0093298866202753,1.9691859519769483,1.9787882957529142,0.008055882673492993,0.9691425064368273,0.028357520876379137,0.9446192227715392},fitness=net.sf.jclec.fitness.SimpleValueFitness@1b2abca6[value=33.47316355541953]]
Median individual: net.sf.jclec.realarray.RealArrayIndividual@6fd83fc1[genotype={0.9801881039407023,0.9658229645070404,1.0107965196504582,1.017704937541113,1.0015939372144003,0.017566202165650947,1.0090145919225928,1.0035588761745973,0.9767302048604718,0.9640035063439568,0.02600996803605658,0.9847869080916339,1.0190582439609346,0.012950003500096001,1.01919015992977,0.9655908818549918,1.0269535749919647,0.04147493237054004,0.08206964016732608,0.1047686232896466,0.0257309682230016,0.9743512048116518,1.00668425313375,1.0093298866202753,1.967056066480252,1.9787882957529142,0.008055882673492993,0.9693352799274623,0.028348926723498348,0.9446192227715392},fitness=net.sf.jclec.fitness.SimpleValueFitness@bae7dc0[value=33.35344962283102]]
Average fitness = 33.32892380188347
Fitness variance = 0.0037257560522903077
Generation 100 Report
Best individual: net.sf.jclec.realarray.RealArrayIndividual@3feb2dda[genotype={0.981380240213598,0.9658229640068263,1.0102067692278482,1.017704948246472,1.0015939373620566,0.017566202165650947,1.0029669402579475,1.0035608705061658,0.9795931623801122,0.9658585784669989,0.02600996803605658,0.9845052927197018,1.015934350598207,0.012950003500096001,1.0191901665436653,0.9655908818549918,1.0269177680940187,0.04147493237054004,0.08206964016732608,0.1046958426067819,0.0257309682230016,0.9743070490114661,1.00668425313375,1.0093298866202753,1.9691859519769483,1.978784207030614,0.008055882673492993,0.9787651547012772,0.028357520876379137,0.9446192227715392},fitness=net.sf.jclec.fitness.SimpleValueFitness@1c742ed4[value=33.150204652560845]]
Worst individual: net.sf.jclec.realarray.RealArrayIndividual@183ec003[genotype={0.9801881039407023,0.9658229810456087,1.0107965196504582,1.017938017493423,1.0015939372144003,0.017566202165650947,1.0029669402579475,1.0035531909543556,0.9795931623801122,0.9658585784669989,0.02600996803605658,0.9847869080916339,1.0190582439609346,0.012950003500096001,1.01919015992977,0.9655908818549918,1.0269535749919647,0.04147493237054004,0.08206964016732608,0.1046958426067819,0.0257309682230016,0.9743070490114661,1.0066068352313198,1.0093298866202753,1.969187053487088,1.9787882957529142,0.008055882673492993,0.9787651547012772,0.028348926723498348,0.9446192227715392},fitness=net.sf.jclec.fitness.SimpleValueFitness@221a3fa4[value=33.18931894532073]]
Median individual: net.sf.jclec.realarray.RealArrayIndividual@710c2b53[genotype={0.9801881039407023,0.9658229645070404,1.0102067692278482,1.017704937541113,1.0015939372144003,0.017566202165650947,1.0029669402579475,1.0035588761745973,0.9795931623801122,0.9658585784669989,0.02600996803605658,0.9843217071165338,1.015934350598207,0.012950003500096001,1.0191901263621126,0.9655908818549918,1.0269535749919647,0.04147493237054004,0.0820696401660058,0.10469584260589107,0.0257309682230016,0.9743512048116518,1.0066068352313198,1.0093298866202753,1.9691859519769483,1.9787656089523336,0.008055882673492993,0.9787651547012772,0.028348926723498348,0.9446192227715392},fitness=net.sf.jclec.fitness.SimpleValueFitness@14028087[value=33.15736666007267]]
Average fitness = 33.164555177226674
Fitness variance = 1.0616828535603418E-4
Generation 110 Report
Best individual: net.sf.jclec.realarray.RealArrayIndividual@4d15107f[genotype={0.981380240213598,0.9658229634979519,1.0102067692278482,1.017704937541113,1.0015939373620566,0.017566202165650947,1.0029669402579475,1.0035531909543556,0.9795931623801122,0.9658585784669989,0.02600996803605658,0.9847869080916339,1.015934350598207,0.012950003500096001,1.01919015992977,0.9655908818549918,1.026918073953047,0.04147493237054004,0.08193401502233223,0.1046958426067819,0.0257309682230016,0.9743512048116518,1.0066944672513074,1.0093298866202753,1.9691859519769483,1.978784207030614,0.008055882673492993,0.9787651547012772,0.028348926723498348,0.9446192227715392},fitness=net.sf.jclec.fitness.SimpleValueFitness@5884a914[value=33.14440308740678]]
Worst individual: net.sf.jclec.realarray.RealArrayIndividual@71687585[genotype={0.981380240213598,0.9658229634979519,1.0102067692278482,1.017704937541113,1.0015939372144003,0.0175662030220424,1.0029742860009618,1.0035531909543556,0.9795931623801122,0.9658585784669989,0.02600996803605658,0.9847869080916339,1.015934350598207,0.012950003500096001,1.01919015992977,0.9655908818549918,1.0269177680940187,0.04147493237054004,0.08206964016732608,0.1046958426067819,0.0257309682230016,0.9743512048116518,1.00668425313375,1.0093298866202753,1.9691859519769483,1.978784207030614,0.008055882674368417,0.9787651547012772,0.028348926723498348,0.9445408841671703},fitness=net.sf.jclec.fitness.SimpleValueFitness@1b919693[value=33.150127733429244]]
Median individual: net.sf.jclec.realarray.RealArrayIndividual@24959ca4[genotype={0.981380240213598,0.9658229645070404,1.010201630618599,1.017704937541113,1.0015939372144003,0.017566202165650947,1.0029671311881936,1.0035531909543556,0.9795931623801122,0.9658585784669989,0.02600996803605658,0.9847869080916339,1.015934350598207,0.012950003500096001,1.01919015992977,0.9655908818549918,1.026918073953047,0.04147493237054004,0.08206964016732608,0.1046958426067819,0.0257309682230016,0.9743512048116518,1.0066841893511325,1.0093298866202753,1.9691859519769483,1.9787882961137921,0.008055882673492993,0.9787651547012772,0.02835466989851572,0.9446192227715392},fitness=net.sf.jclec.fitness.SimpleValueFitness@5c86dbc5[value=33.14859223633819]]
Average fitness = 33.14859196654023
Fitness variance = 2.7487430998007767E-7
Generation 120 Report
Best individual: net.sf.jclec.realarray.RealArrayIndividual@73a8da0f[genotype={0.981380240213598,0.9658097657378937,1.0102068041130001,1.017704937541113,1.001562387017183,0.0175662030220424,1.0029669402579475,1.0035531909543556,0.9795931623801122,0.9658585784669989,0.02600996803605658,0.9847869080916339,1.0149083633876226,0.012950003666554005,1.01919015992977,0.9652508026905232,1.026841255041699,0.04147493237054004,0.08141718706954379,0.10321508914196617,0.0257309682230016,0.9743512048116518,1.00668425313375,1.0093298889667452,1.9691859519769483,1.9788295684842043,0.008055882673492993,0.9787651547012772,0.028348926723498348,0.9446192227715392},fitness=net.sf.jclec.fitness.SimpleValueFitness@4416d64f[value=33.06601035545963]]
Worst individual: net.sf.jclec.realarray.RealArrayIndividual@1e81f160[genotype={0.981380240213598,0.9658229645070404,1.0102057116262397,1.017704937541113,1.0014577235943118,0.017566202165650947,1.0029671311881936,1.0035531909543556,0.9795931623801122,0.9658585784669989,0.02600996803605658,0.9847869080916339,1.015934350598207,0.012950003500096001,1.01919015992977,0.9655908818549918,1.026918073953047,0.04147493237054004,0.08193401502233223,0.1046958426067819,0.0257309682230016,0.9743512048116518,1.00668425313375,1.0093298866202753,1.9691859519769483,1.978784207030614,0.008055882673492993,0.9787690407218292,0.028348926723498348,0.9446192227715392},fitness=net.sf.jclec.fitness.SimpleValueFitness@6986852[value=33.14396999208771]]
Median individual: net.sf.jclec.realarray.RealArrayIndividual@6f6745d6[genotype={0.981380240213598,0.9658229634979519,1.0102068041130001,1.017704937541113,1.001607041020071,0.01745335139691889,1.0029669402579475,1.0035531909543556,0.9795931623801122,0.9658585784669989,0.0258067723968154,0.9847869080916339,1.015677404047968,0.012950189472625015,1.01919015992977,0.9655908818549918,1.0269177680940187,0.04147493237054004,0.08143603438220556,0.1046958426067819,0.0257309682230016,0.9743512048116518,1.00668425313375,1.0093298866202753,1.9693671788127716,1.978784207030614,0.008055882673492993,0.9787651547012772,0.02835466989851572,0.9446192227715392},fitness=net.sf.jclec.fitness.SimpleValueFitness@4f704591[value=33.12255166357333]]
Average fitness = 33.123869074705524
Fitness variance = 1.5950036799949885E-4
Generation 130 Report
Best individual: net.sf.jclec.realarray.RealArrayIndividual@13d4992d[genotype={0.9812881749316106,0.9636671700946522,1.0102068041130001,1.017704937541113,1.0023431093812,0.014936746836997167,0.9951904771335024,1.0035531909543556,0.9795931623801122,0.9660407661905951,0.0258067723968154,0.9848271215063366,1.015677404047968,0.012950003500096001,1.01906136401389,0.9655908818549918,1.0118959326808612,0.04146917120489299,0.059825434131409824,0.10321508914196617,0.025704180337063624,0.9745539613167978,1.00668425313375,1.004107509599837,1.9710620598821313,1.978784207030614,0.008055882673492993,0.9787690407218292,0.028348926723498348,0.9446192227715392},fitness=net.sf.jclec.fitness.SimpleValueFitness@332729ad[value=32.290931540140164]]
Worst individual: net.sf.jclec.realarray.RealArrayIndividual@74a6f9c1[genotype={0.9812881749316106,0.9658200008849936,1.0102067692278482,1.017704937541113,1.0015852197039468,0.017566202165650947,0.9990413890347398,1.0035531909543556,0.9795931623801122,0.9658585784669989,0.02600996803605658,0.9848271215063366,1.015677404047968,0.012950003500096001,1.01919015992977,0.9655908818549918,1.0264495614663673,0.04076318238086382,0.08141718706954379,0.10416543088311997,0.025729158378053656,0.9745539613167978,1.00668425313375,1.0073678839607823,1.9691859519769483,1.978784207030614,0.0067278600830100255,0.9787651547012772,0.028348926723498348,0.9446192227715392},fitness=net.sf.jclec.fitness.SimpleValueFitness@45a37759[value=33.063361006885465]]
Median individual: net.sf.jclec.realarray.RealArrayIndividual@16eccb2e[genotype={0.981380240213598,0.9658200008849936,1.0102068041130001,1.017704937541113,1.001562387017183,0.014936746836997167,1.0029669402579475,1.0035531909543556,0.9795931623801122,0.9660407661905951,0.02600996803605658,0.9847851046593773,1.015677404047968,0.012950003500096001,1.0163933924224362,0.9656490179005314,1.0269177680940187,0.04147493237054004,0.07804707475107159,0.1040424039415659,0.023437456984116745,0.9743512048116518,1.00668425313375,1.0093298866202753,1.9691859519769483,1.9787716189966595,0.008056166631106818,0.9787651547012772,0.028348926723498348,0.9446192227715392},fitness=net.sf.jclec.fitness.SimpleValueFitness@d771cc9[value=32.93155526263837]]
Average fitness = 32.83938882848372
Fitness variance = 0.014126693351272479
Generation 140 Report
Best individual: net.sf.jclec.realarray.RealArrayIndividual@7d1cfb8b[genotype={0.981380240213598,0.9658436616122589,1.0102057116262397,1.0095690112788953,1.0015939372144003,0.008251241803466354,0.9990413890347398,1.0035531909543556,0.9795931623801122,0.9658585784669989,0.0258067723968154,0.9848271215063366,1.015677404047968,0.00347973095214172,1.019166004447967,0.9655908818549918,1.0118959326808612,0.030886391318981417,0.059825434131409824,0.0,0.005854468478464856,0.9765290639902067,1.00668425313375,1.004107509599837,1.9691859519769483,1.978784207030614,0.008055882673492993,0.9787651547012772,0.02705634994403428,0.9446192227715392},fitness=net.sf.jclec.fitness.SimpleValueFitness@2e1ef60[value=29.81697307165525]]
Worst individual: net.sf.jclec.realarray.RealArrayIndividual@41e68d87[genotype={0.981380240213598,0.9658436616122589,0.7887238802511001,1.0122066913779872,1.0015939372144003,0.008251241803466354,1.0029671311881936,1.0035531909543556,0.9795931623801122,0.9660407661905951,0.02600996803605658,0.9848271215063366,1.015677404047968,0.0,1.0011799490002937,0.9693947523603713,1.0118959326808612,0.030886391318981417,0.059825434131409824,0.09266281757753032,0.025729158378053656,0.9765290639902067,1.0066068352313198,1.0093298866202753,1.9691859519769483,1.978784207030614,0.008055988112672115,0.9787651547012772,0.028348926723498348,0.9446192227715392},fitness=net.sf.jclec.fitness.SimpleValueFitness@29526c05[value=38.68143201165006]]
Median individual: net.sf.jclec.realarray.RealArrayIndividual@68b32e3e[genotype={0.981380240213598,0.9658200008849936,1.0102057116262397,1.017704937541113,1.002448007595249,0.014936746836997167,0.9951904771335024,1.0035531909543556,0.9795931623801122,0.9660407661905951,0.024117441930106905,0.9848271215063366,1.015677404047968,0.00347973095214172,1.0011799490002937,0.9655908818549918,1.020326638402318,0.030886391318981417,0.059825434131409824,0.09266281757753032,0.023437456984116745,0.9765290639902067,1.0066068352313198,1.0093298866202753,1.9710620598821313,1.978784207030614,0.0067278600830100255,0.9787651547012772,0.028348926723498348,0.9446192227715392},fitness=net.sf.jclec.fitness.SimpleValueFitness@41709512[value=31.628494860555016]]
Average fitness = 31.747261025412055
Fitness variance = 0.7359940015642223
Generation 150 Report
Best individual: net.sf.jclec.realarray.RealArrayIndividual@39a8312f[genotype={0.981380240213598,0.9658436616122589,1.0102068041130001,1.0122066913779872,1.001748188432264,0.008251241803466354,0.9994910849169715,1.0035531909543556,0.9795931623801122,0.9660407661905951,0.024117441930106905,0.9848271215063366,1.0320259957309612,0.00347973095214172,1.0011799490002937,0.9655908818549918,1.0118959326808612,0.0024090419761424765,0.0,0.0,0.005854468478464856,0.9765290639902067,1.00668425313375,1.004107509599837,1.9691859519769483,1.978784207030614,0.008055882673492993,0.9746363416168974,0.028348926723498348,0.9510718402451006},fitness=net.sf.jclec.fitness.SimpleValueFitness@2c532cd8[value=28.930730467572545]]
Worst individual: net.sf.jclec.realarray.RealArrayIndividual@50468873[genotype={0.981380240213598,0.9717983281234669,1.0253015445573765,1.0122066913779872,1.0015939372144003,0.0,0.7798359969638258,1.0035531909543556,0.9795931623801122,0.9658585784669989,0.0258067723968154,0.9717219646362677,1.015677404047968,0.012950003500096001,0.45372995687116113,0.986129766705288,1.0118959326808612,0.0024090419761424765,0.059825434131409824,0.0,0.016277366851306575,0.9765290639902067,1.00668425313375,1.004107509599837,1.9710620598821313,1.978784207030614,0.008055882673492993,0.9787651547012772,0.014308144798927848,0.9510718402451006},fitness=net.sf.jclec.fitness.SimpleValueFitness@5f0e9815[value=55.899939641745384]]
Median individual: net.sf.jclec.realarray.RealArrayIndividual@5ef6ae06[genotype={0.981380240213598,0.9658097657378937,1.0102067692278482,1.0122066913779872,1.0015939372144003,0.008251241803466354,0.9994910849169715,1.0035531909543556,0.9795931623801122,0.9660407661905951,0.018750425578999974,0.9847851046593773,1.015677404047968,0.012950003500096001,1.0185950141672218,0.9655908818549918,1.0118959326808612,0.030886391318981417,0.059825434131409824,0.027693650784266888,0.005854468478464856,0.9765290639902067,1.00668425313375,1.0093298866202753,1.9691859519769483,1.978784207030614,0.008055882673492993,0.9746363416168974,0.028348926723498348,0.9510718402451006},fitness=net.sf.jclec.fitness.SimpleValueFitness@6e35bc3d[value=29.897955839061176]]
Average fitness = 29.946261445947894
Fitness variance = 7.986953400420475
Generation 160 Report
Best individual: net.sf.jclec.realarray.RealArrayIndividual@45905bff[genotype={0.981380240213598,0.9658229645070404,1.0102068041130001,1.0122066913779872,1.0015939372144003,0.0,0.9994910849169715,1.0035531909543556,0.9795931623801122,0.9660407661905951,0.0,0.9847851046593773,1.015934350598207,0.012950003500096001,1.0011799490002937,0.986129766705288,1.0118959326808612,0.0,0.0,0.0,0.005854468478464856,0.9765290639902067,1.00668425313375,1.004107509599837,1.9710620598821313,1.978784207030614,0.008055882673492993,0.0,0.014308144798927848,0.9660292707649012},fitness=net.sf.jclec.fitness.SimpleValueFitness@b6b1987[value=27.069420139005686]]
Worst individual: net.sf.jclec.realarray.RealArrayIndividual@7e5d9a50[genotype={0.981380240213598,0.9658436616122589,1.0102068041130001,1.0122066913779872,1.0609455939706682,0.008251241803466354,0.9994910849169715,1.0035531909543556,0.9795931623801122,0.9660407661905951,0.0,0.9847851046593773,1.1950982624951074,0.012950003500096001,1.0238749605413946,0.986129766705288,1.0118959326808612,0.0024090419761424765,0.0,0.0,0.005854468478464856,0.9765290639902067,1.00668425313375,1.004107509599837,1.9691859519769483,1.484412257484023,0.0,0.9787651547012772,0.014308144798927848,0.964227530560063},fitness=net.sf.jclec.fitness.SimpleValueFitness@293a5f75[value=54.27347421246835]]
Median individual: net.sf.jclec.realarray.RealArrayIndividual@349c1daf[genotype={0.981380240213598,0.9658436616122589,1.01958427815503,1.0122066913779872,1.001562387017183,0.008251241803466354,0.9994910849169715,1.0035531909543556,0.9795931623801122,0.9660407661905951,0.0,0.9847851046593773,1.015934350598207,0.0,1.0011799490002937,0.986129766705288,1.0118959326808612,0.0,0.0,0.0,0.005854468478464856,0.9765290639902067,1.0066068352313198,1.004107509599837,1.9691859519769483,1.9788295684842043,0.0,0.992066563394395,0.027436026790877477,0.964227530560063},fitness=net.sf.jclec.fitness.SimpleValueFitness@4b9df8a[value=28.25074400798443]]
Average fitness = 28.80412797893574
Fitness variance = 14.3142765432832
Generation 170 Report
Best individual: net.sf.jclec.realarray.RealArrayIndividual@58c34bb3[genotype={0.981380240213598,0.9658436616122589,1.0102068041130001,0.0,0.0,0.008251241803466354,0.9994910849169715,1.0035531909543556,0.9795931623801122,0.9660407661905951,0.0,0.9848271215063366,1.015677404047968,0.0,1.0011799490002937,0.986129766705288,0.998958486091155,0.0,0.0,0.0,0.005854468478464856,0.9765290639902067,1.00668425313375,0.0,1.9710620598821313,1.978784207030614,0.008055882673492993,0.0,0.014308144798927848,0.964227530560063},fitness=net.sf.jclec.fitness.SimpleValueFitness@62163b39[value=23.94533539974354]]
Worst individual: net.sf.jclec.realarray.RealArrayIndividual@3f0846c6[genotype={0.981380240213598,0.9658436616122589,1.01958427815503,0.0,1.0015939373620566,0.008251241803466354,0.9994910849169715,1.0035531909543556,0.6988786472340675,0.9660407661905951,0.0,0.9847851046593773,1.015677404047968,0.0,1.0020162642828596,0.986129766705288,0.998958486091155,0.0024090419761424765,0.0,0.0,0.005854468478464856,0.5998453813180609,1.00668425313375,0.0,1.9691859519769483,1.9788295684842043,0.012268087915060046,0.0,0.014308144798927848,0.964227530560063},fitness=net.sf.jclec.fitness.SimpleValueFitness@78fbff54[value=55.05539865284961]]
Median individual: net.sf.jclec.realarray.RealArrayIndividual@4c4d27c8[genotype={0.981380240213598,0.9658436616122589,1.0102068041130001,1.0122066913779872,1.001562387017183,0.008251241803466354,0.9994910849169715,1.0035531909543556,0.9795931623801122,0.9660407661905951,0.0,0.9848271215063366,1.015677404047968,0.0,1.0020162642828596,0.986129766705288,1.0118959326808612,0.0024090419761424765,0.0,0.0,0.005854468478464856,0.9765290639902067,1.0066068352313198,0.0,1.9710620598821313,1.9788295684842043,0.008055882673492993,0.0,0.014308144798927848,0.964227530560063},fitness=net.sf.jclec.fitness.SimpleValueFitness@338494fa[value=26.0594227662246]]
Average fitness = 26.94700378351443
Fitness variance = 23.456526046451017
Generation 180 Report
Best individual: net.sf.jclec.realarray.RealArrayIndividual@1eb6749b[genotype={0.0,0.9658229645070404,0.0,0.0358886210621856,0.0,0.008251241803466354,0.9994910849169715,1.0035531909543556,0.9795931623801122,0.9660407661905951,0.0,0.0,1.015934350598207,0.012950003500096001,1.0020162642828596,0.986129766705288,1.0118959326808612,0.0024090419761424765,0.0,0.0,0.005854468478464856,0.9765290639902067,0.0,0.0,1.9691859519769483,0.0,0.0,0.0,0.014308144798927848,0.964227530560063},fitness=net.sf.jclec.fitness.SimpleValueFitness@5b7ea70d[value=16.179842708234915]]
Worst individual: net.sf.jclec.realarray.RealArrayIndividual@2dbe250d[genotype={0.00768635200546075,0.9658229645070404,1.0102068041130001,0.0358886210621856,0.0,0.008251241803466354,1.1528378746267274,1.0035531909543556,0.0,1.0354442502931458,0.0,0.9847851046593773,1.015677404047968,0.0,1.0020162642828596,1.617290009024015,0.998958486091155,0.0024090419761424765,0.0,0.0,0.005854468478464856,0.0,1.0066068352313198,0.0,1.9691859519769483,1.978784207030614,0.0,0.0,0.014308144798927848,0.9692211261315856},fitness=net.sf.jclec.fitness.SimpleValueFitness@6e1d8f9e[value=44.79270014361328]]
Median individual: net.sf.jclec.realarray.RealArrayIndividual@2b491fee[genotype={1.0009114125363283,0.9658436616122589,1.0102068041130001,0.0,1.0015939373620566,0.008251241803466354,0.9994910849169715,1.0035531909543556,0.9795931623801122,0.9660407661905951,0.0,0.9847869080916339,1.015677404047968,0.0,1.0011799490002937,0.986129766705288,0.998958486091155,0.0024090419761424765,0.0,0.0,0.005854468478464856,0.9765290639902067,1.0066068352313198,0.0,1.9691859519769483,1.978784207030614,0.008055882673492993,0.0,0.014308144798927848,0.964227530560063},fitness=net.sf.jclec.fitness.SimpleValueFitness@1c55f277[value=24.935110596206783]]
Average fitness = 21.74366500178504
Fitness variance = 20.159030679355794
Generation 190 Report
Best individual: net.sf.jclec.realarray.RealArrayIndividual@60fa3495[genotype={0.0,0.0,0.0,0.0,0.0,0.008251241803466354,0.9994910849169715,1.0035531909543556,0.9795931623801122,0.0,0.0,0.0,1.015677404047968,0.015396249762990527,1.0020162642828596,0.986129766705288,0.998958486091155,0.0024090419761424765,0.0,0.0,0.005854468478464856,0.0,0.0,0.0,0.0,0.0,0.0,0.0,0.014308144798927848,0.9692211261315856},fitness=net.sf.jclec.fitness.SimpleValueFitness@79e18e38[value=8.378625996789033]]
Worst individual: net.sf.jclec.realarray.RealArrayIndividual@319988b0[genotype={0.0,1.384553008539878,0.0,0.0,0.0,0.008251241803466354,0.6401732510043874,1.0035531909543556,0.0,0.0,0.0,0.0,1.015677404047968,0.0,1.0020162642828596,0.986129766705288,0.998958486091155,0.0024090419761424765,0.0,0.0,0.005854468478464856,0.0,0.0,0.0,0.0,0.0,0.0,0.0,0.0,0.9692211261315856},fitness=net.sf.jclec.fitness.SimpleValueFitness@68759011[value=42.425486357184994]]
Median individual: net.sf.jclec.realarray.RealArrayIndividual@5fd62371[genotype={0.0,0.9658229645070404,0.0,0.0358886210621856,0.0,0.008251241803466354,0.9994910849169715,1.0035531909543556,0.9795931623801122,0.9660407661905951,0.0,0.0,1.015934350598207,0.012950003500096001,0.0,0.986129766705288,0.998958486091155,0.0,0.0,0.0,0.005854468478464856,0.0,1.0066068352313198,0.0,0.0,0.0,0.0,0.0,0.014308144798927848,0.9692211261315856},fitness=net.sf.jclec.fitness.SimpleValueFitness@2b62442c[value=10.95985198926867]]
Average fitness = 13.151772918677745
Fitness variance = 22.703346034493762
Generation 200 Report
Best individual: net.sf.jclec.realarray.RealArrayIndividual@76318a7d[genotype={0.0,0.0,0.0,0.0,0.0,0.008251241803466354,0.0,0.0,0.0,0.0,0.0,0.0,0.0,0.0,0.0,0.986129766705288,0.998958486091155,0.0024090419761424765,0.0,0.0,0.005854468478464856,0.0,0.0,0.0,0.0,0.0,0.0,0.0,0.014308144798927848,0.0},fitness=net.sf.jclec.fitness.SimpleValueFitness@3277e499[value=2.070577782761278]]
Worst individual: net.sf.jclec.realarray.RealArrayIndividual@3bffddff[genotype={0.0,0.0,0.0,0.0,0.0,0.008529760188630716,0.9994910849169715,0.0,0.0,0.0,0.0,0.0,1.015677404047968,0.012950003500096001,1.0020162642828596,0.986129766705288,0.9431460938181992,0.0,0.0,0.0,0.005854468478464856,0.0,0.0,0.0,0.0,0.0,0.0,0.0,0.014308144798927848,0.9692211261315856},fitness=net.sf.jclec.fitness.SimpleValueFitness@50687efb[value=6.836039599314265]]
Median individual: net.sf.jclec.realarray.RealArrayIndividual@4cc547a[genotype={0.0,0.0,0.0,0.0,0.0,0.008251241803466354,0.0,0.0,0.0,0.0,0.0,0.0,1.015934350598207,0.015396249762990527,0.0,0.986129766705288,0.998958486091155,0.0,0.0,0.0,0.005854468478464856,0.0,0.0,0.0,0.0,0.0,0.0,0.0,0.0,0.9692211261315856},fitness=net.sf.jclec.fitness.SimpleValueFitness@4152d38d[value=4.283833559122101]]
Average fitness = 4.738342925280251
Fitness variance = 0.8524589351372747
Generation 210 Report
Best individual: net.sf.jclec.realarray.RealArrayIndividual@263f04ca[genotype={0.0,0.0,0.0,0.0,0.0,0.008251241803466354,0.0,0.0,0.0,0.0,0.0,0.0,0.0,0.0,0.0,0.0,0.0,0.0,0.0,0.0,0.005854468478464856,0.0,0.0,0.0,0.0,0.0,0.0,0.0,0.0,0.0},fitness=net.sf.jclec.fitness.SimpleValueFitness@5a021cb9[value=0.020303203461475405]]
Worst individual: net.sf.jclec.realarray.RealArrayIndividual@2f40a43[genotype={0.0,0.0,0.0,0.0,0.0,0.008529760188630716,0.0,0.0,0.0,0.0,0.0,0.0,0.0,0.015396249762990527,0.0,0.0,0.998958486091155,0.0,0.0,0.0,0.005854468478464856,0.0,0.0,0.0,0.0,0.0,0.0,0.0,0.014308144798927848,0.0},fitness=net.sf.jclec.fitness.SimpleValueFitness@69c43e48[value=1.1069416936718337]]
Median individual: net.sf.jclec.realarray.RealArrayIndividual@345e5a17[genotype={0.0,0.0,0.0,0.0,0.0,0.008251241803466354,0.0,0.0,0.0,0.0,0.0,0.0,0.0,0.0,0.0,0.0,0.998958486091155,0.0024090419761424765,0.0,0.0,0.005854468478464856,0.0,0.0,0.0,0.0,0.0,0.0,0.0,0.0,0.0},fitness=net.sf.jclec.fitness.SimpleValueFitness@443dbe42[value=1.0195867242262828]]
Average fitness = 0.7336945846912899
Fitness variance = 0.2011530308642061
Generation 220 Report
Best individual: net.sf.jclec.realarray.RealArrayIndividual@60afd40d[genotype={0.0,0.0,0.0,0.0,0.0,0.0,0.0,0.0,0.0,0.0,0.0,0.0,0.0,0.0,0.0,0.0,0.0,0.0,0.0,0.0,0.0,0.0,0.0,0.0,0.0,0.0,0.0,0.0,0.0,0.0},fitness=net.sf.jclec.fitness.SimpleValueFitness@3f2049b6[value=0.0]]
Worst individual: net.sf.jclec.realarray.RealArrayIndividual@1ad777f[genotype={0.0,0.0,0.0,0.0,0.0,0.008251241803466354,0.0,0.0,0.0,0.0,0.0,0.0,0.0,0.0,0.0,0.0,0.0,0.0,0.0,0.0,0.005854468478464856,0.0,0.0,0.0,0.0,0.0,0.0,0.0,0.0,0.0},fitness=net.sf.jclec.fitness.SimpleValueFitness@438bad7c[value=0.020303203461475405]]
Median individual: net.sf.jclec.realarray.RealArrayIndividual@35e52059[genotype={0.0,0.0,0.0,0.0,0.0,0.0,0.0,0.0,0.0,0.0,0.0,0.0,0.0,0.0,0.0,0.0,0.0,0.0,0.0,0.0,0.0,0.0,0.0,0.0,0.0,0.0,0.0,0.0,0.0,0.0},fitness=net.sf.jclec.fitness.SimpleValueFitness@49bd54f7[value=0.0]]
Average fitness = 0.005474340446521762
Fitness variance = 4.077935441333169E-5
Generation 230 Report
Best individual: net.sf.jclec.realarray.RealArrayIndividual@2392212b[genotype={0.0,0.0,0.0,0.0,0.0,0.0,0.0,0.0,0.0,0.0,0.0,0.0,0.0,0.0,0.0,0.0,0.0,0.0,0.0,0.0,0.0,0.0,0.0,0.0,0.0,0.0,0.0,0.0,0.0,0.0},fitness=net.sf.jclec.fitness.SimpleValueFitness@28f8e165[value=0.0]]
Worst individual: net.sf.jclec.realarray.RealArrayIndividual@2392212b[genotype={0.0,0.0,0.0,0.0,0.0,0.0,0.0,0.0,0.0,0.0,0.0,0.0,0.0,0.0,0.0,0.0,0.0,0.0,0.0,0.0,0.0,0.0,0.0,0.0,0.0,0.0,0.0,0.0,0.0,0.0},fitness=net.sf.jclec.fitness.SimpleValueFitness@28f8e165[value=0.0]]
Median individual: net.sf.jclec.realarray.RealArrayIndividual@3003697[genotype={0.0,0.0,0.0,0.0,0.0,0.0,0.0,0.0,0.0,0.0,0.0,0.0,0.0,0.0,0.0,0.0,0.0,0.0,0.0,0.0,0.0,0.0,0.0,0.0,0.0,0.0,0.0,0.0,0.0,0.0},fitness=net.sf.jclec.fitness.SimpleValueFitness@1d269ed7[value=0.0]]
Average fitness = 0.0
Fitness variance = 0.0
Generation 240 Report
Best individual: net.sf.jclec.realarray.RealArrayIndividual@78f9ed3e[genotype={0.0,0.0,0.0,0.0,0.0,0.0,0.0,0.0,0.0,0.0,0.0,0.0,0.0,0.0,0.0,0.0,0.0,0.0,0.0,0.0,0.0,0.0,0.0,0.0,0.0,0.0,0.0,0.0,0.0,0.0},fitness=net.sf.jclec.fitness.SimpleValueFitness@b0964b2[value=0.0]]
Worst individual: net.sf.jclec.realarray.RealArrayIndividual@78f9ed3e[genotype={0.0,0.0,0.0,0.0,0.0,0.0,0.0,0.0,0.0,0.0,0.0,0.0,0.0,0.0,0.0,0.0,0.0,0.0,0.0,0.0,0.0,0.0,0.0,0.0,0.0,0.0,0.0,0.0,0.0,0.0},fitness=net.sf.jclec.fitness.SimpleValueFitness@b0964b2[value=0.0]]
Median individual: net.sf.jclec.realarray.RealArrayIndividual@deb3b60[genotype={0.0,0.0,0.0,0.0,0.0,0.0,0.0,0.0,0.0,0.0,0.0,0.0,0.0,0.0,0.0,0.0,0.0,0.0,0.0,0.0,0.0,0.0,0.0,0.0,0.0,0.0,0.0,0.0,0.0,0.0},fitness=net.sf.jclec.fitness.SimpleValueFitness@39aa45a1[value=0.0]]
Average fitness = 0.0
Fitness variance = 0.0
Generation 250 Report
Best individual: net.sf.jclec.realarray.RealArrayIndividual@26a94fa5[genotype={0.0,0.0,0.0,0.0,0.0,0.0,0.0,0.0,0.0,0.0,0.0,0.0,0.0,0.0,0.0,0.0,0.0,0.0,0.0,0.0,0.0,0.0,0.0,0.0,0.0,0.0,0.0,0.0,0.0,0.0},fitness=net.sf.jclec.fitness.SimpleValueFitness@2873d672[value=0.0]]
Worst individual: net.sf.jclec.realarray.RealArrayIndividual@26a94fa5[genotype={0.0,0.0,0.0,0.0,0.0,0.0,0.0,0.0,0.0,0.0,0.0,0.0,0.0,0.0,0.0,0.0,0.0,0.0,0.0,0.0,0.0,0.0,0.0,0.0,0.0,0.0,0.0,0.0,0.0,0.0},fitness=net.sf.jclec.fitness.SimpleValueFitness@2873d672[value=0.0]]
Median individual: net.sf.jclec.realarray.RealArrayIndividual@4905c46b[genotype={0.0,0.0,0.0,0.0,0.0,0.0,0.0,0.0,0.0,0.0,0.0,0.0,0.0,0.0,0.0,0.0,0.0,0.0,0.0,0.0,0.0,0.0,0.0,0.0,0.0,0.0,0.0,0.0,0.0,0.0},fitness=net.sf.jclec.fitness.SimpleValueFitness@1136b469[value=0.0]]
Average fitness = 0.0
Fitness variance = 0.0
Generation 260 Report
Best individual: net.sf.jclec.realarray.RealArrayIndividual@783ec989[genotype={0.0,0.0,0.0,0.0,0.0,0.0,0.0,0.0,0.0,0.0,0.0,0.0,0.0,0.0,0.0,0.0,0.0,0.0,0.0,0.0,0.0,0.0,0.0,0.0,0.0,0.0,0.0,0.0,0.0,0.0},fitness=net.sf.jclec.fitness.SimpleValueFitness@f973499[value=0.0]]
Worst individual: net.sf.jclec.realarray.RealArrayIndividual@783ec989[genotype={0.0,0.0,0.0,0.0,0.0,0.0,0.0,0.0,0.0,0.0,0.0,0.0,0.0,0.0,0.0,0.0,0.0,0.0,0.0,0.0,0.0,0.0,0.0,0.0,0.0,0.0,0.0,0.0,0.0,0.0},fitness=net.sf.jclec.fitness.SimpleValueFitness@f973499[value=0.0]]
Median individual: net.sf.jclec.realarray.RealArrayIndividual@79a1728c[genotype={0.0,0.0,0.0,0.0,0.0,0.0,0.0,0.0,0.0,0.0,0.0,0.0,0.0,0.0,0.0,0.0,0.0,0.0,0.0,0.0,0.0,0.0,0.0,0.0,0.0,0.0,0.0,0.0,0.0,0.0},fitness=net.sf.jclec.fitness.SimpleValueFitness@41f35f7c[value=0.0]]
Average fitness = 0.0
Fitness variance = 0.0
Generation 270 Report
Best individual: net.sf.jclec.realarray.RealArrayIndividual@415156bf[genotype={0.0,0.0,0.0,0.0,0.0,0.0,0.0,0.0,0.0,0.0,0.0,0.0,0.0,0.0,0.0,0.0,0.0,0.0,0.0,0.0,0.0,0.0,0.0,0.0,0.0,0.0,0.0,0.0,0.0,0.0},fitness=net.sf.jclec.fitness.SimpleValueFitness@4af46df3[value=0.0]]
Worst individual: net.sf.jclec.realarray.RealArrayIndividual@415156bf[genotype={0.0,0.0,0.0,0.0,0.0,0.0,0.0,0.0,0.0,0.0,0.0,0.0,0.0,0.0,0.0,0.0,0.0,0.0,0.0,0.0,0.0,0.0,0.0,0.0,0.0,0.0,0.0,0.0,0.0,0.0},fitness=net.sf.jclec.fitness.SimpleValueFitness@4af46df3[value=0.0]]
Median individual: net.sf.jclec.realarray.RealArrayIndividual@51dbd6e4[genotype={0.0,0.0,0.0,0.0,0.0,0.0,0.0,0.0,0.0,0.0,0.0,0.0,0.0,0.0,0.0,0.0,0.0,0.0,0.0,0.0,0.0,0.0,0.0,0.0,0.0,0.0,0.0,0.0,0.0,0.0},fitness=net.sf.jclec.fitness.SimpleValueFitness@5f13be1[value=0.0]]
Average fitness = 0.0
Fitness variance = 0.0
Generation 280 Report
Best individual: net.sf.jclec.realarray.RealArrayIndividual@38a1c423[genotype={0.0,0.0,0.0,0.0,0.0,0.0,0.0,0.0,0.0,0.0,0.0,0.0,0.0,0.0,0.0,0.0,0.0,0.0,0.0,0.0,0.0,0.0,0.0,0.0,0.0,0.0,0.0,0.0,0.0,0.0},fitness=net.sf.jclec.fitness.SimpleValueFitness@38eb2fb0[value=0.0]]
Worst individual: net.sf.jclec.realarray.RealArrayIndividual@3c0fbd3a[genotype={0.0,0.0,0.0,0.0,0.0,0.0,0.0,0.0,0.0,0.0,0.0,0.0,0.0,0.0,0.0,0.0,0.0,0.0,0.0,5.12,0.0,0.0,0.0,0.0,0.0,0.0,0.0,0.0,0.0,0.0},fitness=net.sf.jclec.fitness.SimpleValueFitness@54562ea6[value=28.924713725785896]]
Median individual: net.sf.jclec.realarray.RealArrayIndividual@29c2c826[genotype={0.0,0.0,0.0,0.0,0.0,0.0,0.0,0.0,0.0,0.0,0.0,0.0,0.0,0.0,0.0,0.0,0.0,0.0,0.0,0.0,0.0,0.0,0.0,0.0,0.0,0.0,0.0,0.0,0.0,0.0},fitness=net.sf.jclec.fitness.SimpleValueFitness@6818d900[value=0.0]]
Average fitness = 0.5784942745157179
Fitness variance = 16.39812565672587
Generation 290 Report
Best individual: net.sf.jclec.realarray.RealArrayIndividual@453d496b[genotype={0.0,0.0,0.0,0.0,0.0,0.0,0.0,0.0,0.0,0.0,0.0,0.0,0.0,0.0,0.0,0.0,0.0,0.0,0.0,0.0,0.0,0.0,0.0,0.0,0.0,0.0,0.0,0.0,0.0,0.0},fitness=net.sf.jclec.fitness.SimpleValueFitness@2c6ee758[value=0.0]]
Worst individual: net.sf.jclec.realarray.RealArrayIndividual@10667848[genotype={0.0,0.0,0.0,0.0,0.0,0.0,0.0,0.0,0.0,0.0,0.0,0.0,0.0,0.0,0.0,0.0,0.0,0.0,0.0,0.0,5.12,0.0,0.0,0.0,0.0,0.0,0.0,0.0,0.0,0.0},fitness=net.sf.jclec.fitness.SimpleValueFitness@77c7ed8e[value=28.924713725785896]]
Median individual: net.sf.jclec.realarray.RealArrayIndividual@8d7b252[genotype={0.0,0.0,0.0,0.0,0.0,0.0,0.0,0.0,0.0,0.0,0.0,0.0,0.0,0.0,0.0,0.0,0.0,0.0,0.0,0.0,0.0,0.0,0.0,0.0,0.0,0.0,0.0,0.0,0.0,0.0},fitness=net.sf.jclec.fitness.SimpleValueFitness@6d9fb2d1[value=0.0]]
Average fitness = 2.0247299608050127
Fitness variance = 54.46520307412523
Generation 300 Report
Best individual: net.sf.jclec.realarray.RealArrayIndividual@7048535f[genotype={0.0,0.0,0.0,0.0,0.0,0.0,0.0,0.0,0.0,0.0,0.0,0.0,0.0,0.0,0.0,0.0,0.0,0.0,0.0,0.0,0.0,0.0,0.0,0.0,0.0,0.0,0.0,0.0,0.0,0.0},fitness=net.sf.jclec.fitness.SimpleValueFitness@680d4a6a[value=0.0]]
Worst individual: net.sf.jclec.realarray.RealArrayIndividual@3cd206b5[genotype={0.0,0.0,0.0,0.0,0.0,0.0,0.0,0.0,0.0,0.0,0.0,0.0,0.0,5.12,0.0,0.0,0.0,0.0,0.0,0.0,0.0,0.0,0.0,0.0,0.0,0.0,0.0,5.12,0.0,0.0},fitness=net.sf.jclec.fitness.SimpleValueFitness@a137d7a[value=57.84942745157179]]
Median individual: net.sf.jclec.realarray.RealArrayIndividual@e1e2e5e[genotype={0.0,0.0,0.0,0.0,0.0,0.0,0.0,0.0,0.0,0.0,0.0,0.0,0.0,0.0,0.0,0.0,0.0,0.0,0.0,0.0,0.0,0.0,0.0,0.0,0.0,0.0,0.0,0.0,0.0,0.0},fitness=net.sf.jclec.fitness.SimpleValueFitness@37864b77[value=0.0]]
Average fitness = 2.0247299608050127
Fitness variance = 71.19798435649857
Generation 310 Report
Best individual: net.sf.jclec.realarray.RealArrayIndividual@499683c4[genotype={0.0,0.0,0.0,0.0,0.0,0.0,0.0,0.0,0.0,0.0,0.0,0.0,0.0,0.0,0.0,0.0,0.0,0.0,0.0,0.0,0.0,0.0,0.0,0.0,0.0,0.0,0.0,0.0,0.0,0.0},fitness=net.sf.jclec.fitness.SimpleValueFitness@4efc25fc[value=0.0]]
Worst individual: net.sf.jclec.realarray.RealArrayIndividual@7cb8437d[genotype={0.0,0.0,0.0,0.0,0.0,0.0,0.0,0.0,0.0,0.0,0.0,5.12,0.0,0.0,0.0,0.0,0.0,0.0,0.0,0.0,0.0,0.0,0.0,0.0,5.12,0.0,0.0,0.0,5.12,0.0},fitness=net.sf.jclec.fitness.SimpleValueFitness@43f61afb[value=86.77414117735769]]
Median individual: net.sf.jclec.realarray.RealArrayIndividual@3e84111a[genotype={0.0,0.0,0.0,0.0,0.0,0.0,0.0,0.0,0.0,0.0,0.0,0.0,0.0,0.0,0.0,0.0,0.0,0.0,0.0,0.0,0.0,0.0,0.0,0.0,0.0,0.0,0.0,0.0,0.0,0.0},fitness=net.sf.jclec.fitness.SimpleValueFitness@6fa69af7[value=0.0]]
Average fitness = 2.3139770980628716
Fitness variance = 111.77497896625393
Generation 320 Report
Best individual: net.sf.jclec.realarray.RealArrayIndividual@3d278b4d[genotype={0.0,0.0,0.0,0.0,0.0,0.0,0.0,0.0,0.0,0.0,0.0,0.0,0.0,0.0,0.0,0.0,0.0,0.0,0.0,0.0,0.0,0.0,0.0,0.0,0.0,0.0,0.0,0.0,0.0,0.0},fitness=net.sf.jclec.fitness.SimpleValueFitness@9d3c67[value=0.0]]
Worst individual: net.sf.jclec.realarray.RealArrayIndividual@7bca6fac[genotype={0.0,0.0,0.0,0.0,0.0,0.0,0.0,0.0,0.0,5.12,0.0,5.12,0.0,0.0,0.0,0.0,0.0,0.0,0.0,0.0,0.0,0.0,0.0,0.0,0.0,0.0,0.0,0.0,0.0,0.0},fitness=net.sf.jclec.fitness.SimpleValueFitness@7a2b1eb4[value=57.84942745157179]]
Median individual: net.sf.jclec.realarray.RealArrayIndividual@52d6cd34[genotype={0.0,0.0,0.0,0.0,0.0,0.0,0.0,0.0,0.0,0.0,0.0,0.0,0.0,0.0,0.0,0.0,0.0,0.0,0.0,0.0,0.0,0.0,0.0,0.0,0.0,0.0,0.0,0.0,0.0,0.0},fitness=net.sf.jclec.fitness.SimpleValueFitness@27b2faa6[value=0.0]]
Average fitness = 2.0247299608050127
Fitness variance = 87.93076563887189
Generation 330 Report
Best individual: net.sf.jclec.realarray.RealArrayIndividual@5d5160e6[genotype={0.0,0.0,0.0,0.0,0.0,0.0,0.0,0.0,0.0,0.0,0.0,0.0,0.0,0.0,0.0,0.0,0.0,0.0,0.0,0.0,0.0,0.0,0.0,0.0,0.0,0.0,0.0,0.0,0.0,0.0},fitness=net.sf.jclec.fitness.SimpleValueFitness@2903c6ff[value=0.0]]
Worst individual: net.sf.jclec.realarray.RealArrayIndividual@77eb5790[genotype={0.0,0.0,0.0,0.0,0.0,0.0,0.0,0.0,5.12,0.0,0.0,0.0,0.0,0.0,0.0,0.0,0.0,0.0,0.0,0.0,0.0,0.0,0.0,0.0,0.0,0.0,0.0,5.12,0.0,0.0},fitness=net.sf.jclec.fitness.SimpleValueFitness@319c3a25[value=57.84942745157179]]
Median individual: net.sf.jclec.realarray.RealArrayIndividual@706fe5c6[genotype={0.0,0.0,0.0,0.0,0.0,0.0,0.0,0.0,0.0,0.0,0.0,0.0,0.0,0.0,0.0,0.0,0.0,0.0,0.0,0.0,0.0,0.0,0.0,0.0,0.0,0.0,0.0,0.0,0.0,0.0},fitness=net.sf.jclec.fitness.SimpleValueFitness@56380231[value=0.0]]
Average fitness = 2.6032242353207304
Fitness variance = 85.25352063369216
Generation 340 Report
Best individual: net.sf.jclec.realarray.RealArrayIndividual@e042c99[genotype={0.0,0.0,0.0,0.0,0.0,0.0,0.0,0.0,0.0,0.0,0.0,0.0,0.0,0.0,0.0,0.0,0.0,0.0,0.0,0.0,0.0,0.0,0.0,0.0,0.0,0.0,0.0,0.0,0.0,0.0},fitness=net.sf.jclec.fitness.SimpleValueFitness@42b6d0cc[value=0.0]]
Worst individual: net.sf.jclec.realarray.RealArrayIndividual@6b4283c4[genotype={0.0,0.0,0.0,0.0,0.0,0.0,5.12,0.0,0.0,0.0,0.0,0.0,0.0,0.0,0.0,5.12,0.0,0.0,0.0,0.0,0.0,0.0,0.0,0.0,0.0,5.12,0.0,0.0,0.0,0.0},fitness=net.sf.jclec.fitness.SimpleValueFitness@636bbbbb[value=86.77414117735769]]
Median individual: net.sf.jclec.realarray.RealArrayIndividual@3b4d50b[genotype={0.0,0.0,0.0,0.0,0.0,0.0,0.0,0.0,0.0,0.0,0.0,0.0,0.0,0.0,0.0,0.0,0.0,0.0,0.0,0.0,0.0,0.0,0.0,0.0,0.0,0.0,0.0,0.0,0.0,0.0},fitness=net.sf.jclec.fitness.SimpleValueFitness@476ee5b3[value=0.0]]
Average fitness = 5.7849427451571795
Fitness variance = 267.72450051797347
Generation 350 Report
Best individual: net.sf.jclec.realarray.RealArrayIndividual@2e8a1ab4[genotype={0.0,0.0,0.0,0.0,0.0,0.0,0.0,0.0,0.0,0.0,0.0,0.0,0.0,0.0,0.0,0.0,0.0,0.0,0.0,0.0,0.0,0.0,0.0,0.0,0.0,0.0,0.0,0.0,0.0,0.0},fitness=net.sf.jclec.fitness.SimpleValueFitness@1aabf50d[value=0.0]]
Worst individual: net.sf.jclec.realarray.RealArrayIndividual@3374b5bc[genotype={0.0,0.0,0.0,0.0,0.0,0.0,0.0,0.0,0.0,0.0,0.0,0.0,0.0,5.12,5.12,0.0,0.0,5.12,5.12,0.0,0.0,0.0,0.0,0.0,0.0,0.0,0.0,0.0,0.0,0.0},fitness=net.sf.jclec.fitness.SimpleValueFitness@587a1cfb[value=115.69885490314358]]
Median individual: net.sf.jclec.realarray.RealArrayIndividual@7aac8884[genotype={0.0,0.0,0.0,0.0,0.0,0.0,0.0,0.0,0.0,0.0,0.0,0.0,0.0,0.0,0.0,0.0,0.0,0.0,0.0,0.0,0.0,0.0,0.0,0.0,0.0,0.0,0.0,0.0,0.0,0.0},fitness=net.sf.jclec.fitness.SimpleValueFitness@5b852b49[value=0.0]]
Average fitness = 6.363437019672898
Fitness variance = 344.36063879124333
Generation 360 Report
Best individual: net.sf.jclec.realarray.RealArrayIndividual@118ffcfd[genotype={0.0,0.0,0.0,0.0,0.0,0.0,0.0,0.0,0.0,0.0,0.0,0.0,0.0,0.0,0.0,0.0,0.0,0.0,0.0,0.0,0.0,0.0,0.0,0.0,0.0,0.0,0.0,0.0,0.0,0.0},fitness=net.sf.jclec.fitness.SimpleValueFitness@74174a23[value=0.0]]
Worst individual: net.sf.jclec.realarray.RealArrayIndividual@5634d0f4[genotype={0.0,0.0,5.12,0.0,0.0,0.0,0.0,0.0,0.0,5.12,0.0,0.0,0.0,0.0,0.0,0.0,0.0,0.0,0.0,0.0,0.0,0.0,5.12,0.0,0.0,0.0,0.0,0.0,0.0,0.0},fitness=net.sf.jclec.fitness.SimpleValueFitness@3d4e405e[value=86.77414117735769]]
Median individual: net.sf.jclec.realarray.RealArrayIndividual@6ad16c5d[genotype={0.0,0.0,0.0,0.0,0.0,0.0,0.0,0.0,0.0,0.0,0.0,0.0,0.0,0.0,0.0,0.0,0.0,0.0,0.0,0.0,0.0,0.0,0.0,0.0,0.0,0.0,0.0,0.0,0.0,0.0},fitness=net.sf.jclec.fitness.SimpleValueFitness@6f911326[value=0.0]]
Average fitness = 3.760212784352167
Fitness variance = 195.02056584606123
Generation 370 Report
Best individual: net.sf.jclec.realarray.RealArrayIndividual@6cd3ad8a[genotype={0.0,0.0,0.0,0.0,0.0,0.0,0.0,0.0,0.0,0.0,0.0,0.0,0.0,0.0,0.0,0.0,0.0,0.0,0.0,0.0,0.0,0.0,0.0,0.0,0.0,0.0,0.0,0.0,0.0,0.0},fitness=net.sf.jclec.fitness.SimpleValueFitness@2d64160c[value=0.0]]
Worst individual: net.sf.jclec.realarray.RealArrayIndividual@2b960a7[genotype={0.0,0.0,0.0,0.0,0.0,0.0,0.0,0.0,0.0,0.0,0.0,0.0,0.0,0.0,0.0,0.0,0.0,0.0,0.0,5.12,0.0,0.0,0.0,5.12,0.0,0.0,0.0,0.0,0.0,0.0},fitness=net.sf.jclec.fitness.SimpleValueFitness@37b52340[value=57.84942745157179]]
Median individual: net.sf.jclec.realarray.RealArrayIndividual@7f93dd4e[genotype={0.0,0.0,0.0,0.0,0.0,0.0,0.0,0.0,0.0,0.0,0.0,0.0,0.0,0.0,0.0,0.0,0.0,0.0,0.0,0.0,0.0,0.0,0.0,0.0,0.0,0.0,0.0,0.0,0.0,0.0},fitness=net.sf.jclec.fitness.SimpleValueFitness@3ad85136[value=0.0]]
Average fitness = 3.4709656470943084
Fitness variance = 105.08186645330454
Generation 380 Report
Best individual: net.sf.jclec.realarray.RealArrayIndividual@806996[genotype={0.0,0.0,0.0,0.0,0.0,0.0,0.0,0.0,0.0,0.0,0.0,0.0,0.0,0.0,0.0,0.0,0.0,0.0,0.0,0.0,0.0,0.0,0.0,0.0,0.0,0.0,0.0,0.0,0.0,0.0},fitness=net.sf.jclec.fitness.SimpleValueFitness@257e0827[value=0.0]]
Worst individual: net.sf.jclec.realarray.RealArrayIndividual@7f6874f2[genotype={0.0,0.0,0.0,0.0,0.0,0.0,0.0,0.0,0.0,0.0,0.0,0.0,0.0,0.0,5.12,0.0,0.0,0.0,0.0,0.0,0.0,0.0,0.0,0.0,5.12,0.0,0.0,0.0,0.0,0.0},fitness=net.sf.jclec.fitness.SimpleValueFitness@697a34af[value=57.84942745157179]]
Median individual: net.sf.jclec.realarray.RealArrayIndividual@4b0b64cc[genotype={0.0,0.0,0.0,0.0,0.0,0.0,0.0,0.0,0.0,0.0,0.0,0.0,0.0,0.0,0.0,0.0,0.0,0.0,0.0,0.0,0.0,0.0,0.0,0.0,0.0,0.0,0.0,0.0,0.0,0.0},fitness=net.sf.jclec.fitness.SimpleValueFitness@4860827a[value=0.0]]
Average fitness = 4.917201333383604
Fitness variance = 168.24811579426387
Generation 390 Report
Best individual: net.sf.jclec.realarray.RealArrayIndividual@43c87306[genotype={0.0,0.0,0.0,0.0,0.0,0.0,0.0,0.0,0.0,0.0,0.0,0.0,0.0,0.0,0.0,0.0,0.0,0.0,0.0,0.0,0.0,0.0,0.0,0.0,0.0,0.0,0.0,0.0,0.0,0.0},fitness=net.sf.jclec.fitness.SimpleValueFitness@4c447c09[value=0.0]]
Worst individual: net.sf.jclec.realarray.RealArrayIndividual@593a6726[genotype={0.0,0.0,0.0,0.0,0.0,0.0,0.0,5.12,0.0,0.0,0.0,0.0,5.12,0.0,0.0,5.12,0.0,0.0,0.0,0.0,0.0,0.0,0.0,0.0,0.0,0.0,0.0,0.0,0.0,0.0},fitness=net.sf.jclec.fitness.SimpleValueFitness@6dab01d9[value=86.77414117735769]]
Median individual: net.sf.jclec.realarray.RealArrayIndividual@1e1b061[genotype={0.0,0.0,0.0,0.0,0.0,0.0,0.0,0.0,0.0,0.0,0.0,0.0,0.0,0.0,0.0,0.0,0.0,0.0,0.0,0.0,0.0,0.0,0.0,0.0,0.0,0.0,0.0,0.0,0.0,0.0},fitness=net.sf.jclec.fitness.SimpleValueFitness@4a8e6e89[value=0.0]]
Average fitness = 5.206448470641461
Fitness variance = 240.61739484052862
Generation 400 Report
Best individual: net.sf.jclec.realarray.RealArrayIndividual@462abec3[genotype={0.0,0.0,0.0,0.0,0.0,0.0,0.0,0.0,0.0,0.0,0.0,0.0,0.0,0.0,0.0,0.0,0.0,0.0,0.0,0.0,0.0,0.0,0.0,0.0,0.0,0.0,0.0,0.0,0.0,0.0},fitness=net.sf.jclec.fitness.SimpleValueFitness@7a4d582c[value=0.0]]
Worst individual: net.sf.jclec.realarray.RealArrayIndividual@1a3e8e24[genotype={0.0,5.12,0.0,0.0,0.0,0.0,0.0,0.0,0.0,0.0,0.0,0.0,0.0,0.0,0.0,0.0,0.0,0.0,0.0,0.0,0.0,0.0,0.0,5.12,0.0,0.0,0.0,0.0,5.12,0.0},fitness=net.sf.jclec.fitness.SimpleValueFitness@1c7350b0[value=86.77414117735769]]
Median individual: net.sf.jclec.realarray.RealArrayIndividual@51ab1ee3[genotype={0.0,0.0,0.0,0.0,0.0,0.0,0.0,0.0,0.0,0.0,0.0,0.0,0.0,0.0,0.0,0.0,0.0,0.0,0.0,0.0,0.0,0.0,0.0,0.0,0.0,0.0,0.0,0.0,0.0,0.0},fitness=net.sf.jclec.fitness.SimpleValueFitness@3003e580[value=0.0]]
Average fitness = 4.627954196125743
Fitness variance = 246.3065404765356
Generation 410 Report
Best individual: net.sf.jclec.realarray.RealArrayIndividual@2a097d77[genotype={0.0,0.0,0.0,0.0,0.0,0.0,0.0,0.0,0.0,0.0,0.0,0.0,0.0,0.0,0.0,0.0,0.0,0.0,0.0,0.0,0.0,0.0,0.0,0.0,0.0,0.0,0.0,0.0,0.0,0.0},fitness=net.sf.jclec.fitness.SimpleValueFitness@7650ded6[value=0.0]]
Worst individual: net.sf.jclec.realarray.RealArrayIndividual@748f93bb[genotype={0.0,0.0,0.0,0.0,0.0,0.0,0.0,0.0,0.0,0.0,0.0,0.0,0.0,0.0,0.0,5.12,0.0,0.0,0.0,0.0,0.0,5.12,0.0,0.0,0.0,0.0,0.0,0.0,0.0,0.0},fitness=net.sf.jclec.fitness.SimpleValueFitness@2e7157c7[value=57.84942745157179]]
Median individual: net.sf.jclec.realarray.RealArrayIndividual@3667faa8[genotype={0.0,0.0,0.0,0.0,0.0,0.0,0.0,0.0,0.0,0.0,0.0,0.0,0.0,0.0,0.0,0.0,0.0,0.0,0.0,0.0,0.0,0.0,0.0,0.0,0.0,0.0,0.0,0.0,0.0,0.0},fitness=net.sf.jclec.fitness.SimpleValueFitness@3138953b[value=0.0]]
Average fitness = 4.049459921610026
Fitness variance = 150.92968716700753
Generation 420 Report
Best individual: net.sf.jclec.realarray.RealArrayIndividual@36c2d629[genotype={0.0,0.0,0.0,0.0,0.0,0.0,0.0,0.0,0.0,0.0,0.0,0.0,0.0,0.0,0.0,0.0,0.0,0.0,0.0,0.0,0.0,0.0,0.0,0.0,0.0,0.0,0.0,0.0,0.0,0.0},fitness=net.sf.jclec.fitness.SimpleValueFitness@54089484[value=0.0]]
Worst individual: net.sf.jclec.realarray.RealArrayIndividual@3a2e9f5b[genotype={0.0,0.0,5.12,0.0,0.0,0.0,0.0,0.0,0.0,0.0,0.0,0.0,0.0,5.12,0.0,0.0,0.0,5.12,0.0,0.0,0.0,0.0,0.0,0.0,0.0,0.0,0.0,0.0,0.0,0.0},fitness=net.sf.jclec.fitness.SimpleValueFitness@10c47c79[value=86.77414117735769]]
Median individual: net.sf.jclec.realarray.RealArrayIndividual@1bf14704[genotype={0.0,0.0,0.0,0.0,0.0,0.0,0.0,0.0,0.0,0.0,0.0,0.0,0.0,0.0,0.0,0.0,0.0,0.0,0.0,0.0,0.0,0.0,0.0,0.0,0.0,0.0,0.0,0.0,0.0,0.0},fitness=net.sf.jclec.fitness.SimpleValueFitness@2be21396[value=0.0]]
Average fitness = 7.231178431446474
Fitness variance = 257.26651221649
Generation 430 Report
Best individual: net.sf.jclec.realarray.RealArrayIndividual@5b47731f[genotype={0.0,0.0,0.0,0.0,0.0,0.0,0.0,0.0,0.0,0.0,0.0,0.0,0.0,0.0,0.0,0.0,0.0,0.0,0.0,0.0,0.0,0.0,0.0,0.0,0.0,0.0,0.0,0.0,0.0,0.0},fitness=net.sf.jclec.fitness.SimpleValueFitness@40c2ce52[value=0.0]]
Worst individual: net.sf.jclec.realarray.RealArrayIndividual@18a19e[genotype={0.0,0.0,0.0,0.0,0.0,0.0,0.0,0.0,5.12,0.0,0.0,0.0,0.0,0.0,0.0,0.0,0.0,0.0,0.0,0.0,0.0,0.0,0.0,0.0,0.0,0.0,0.0,0.0,5.12,0.0},fitness=net.sf.jclec.fitness.SimpleValueFitness@2e13f304[value=57.84942745157179]]
Median individual: net.sf.jclec.realarray.RealArrayIndividual@5cf8676a[genotype={0.0,0.0,0.0,0.0,0.0,0.0,0.0,0.0,0.0,0.0,0.0,0.0,0.0,0.0,0.0,0.0,0.0,0.0,0.0,0.0,0.0,0.0,0.0,0.0,0.0,0.0,0.0,0.0,0.0,0.0},fitness=net.sf.jclec.fitness.SimpleValueFitness@3520963d[value=0.0]]
Average fitness = 5.784942745157179
Fitness variance = 217.5261566708534
Generation 440 Report
Best individual: net.sf.jclec.realarray.RealArrayIndividual@2ceca2ef[genotype={0.0,0.0,0.0,0.0,0.0,0.0,0.0,0.0,0.0,0.0,0.0,0.0,0.0,0.0,0.0,0.0,0.0,0.0,0.0,0.0,0.0,0.0,0.0,0.0,0.0,0.0,0.0,0.0,0.0,0.0},fitness=net.sf.jclec.fitness.SimpleValueFitness@3b42121d[value=0.0]]
Worst individual: net.sf.jclec.realarray.RealArrayIndividual@53d9826f[genotype={0.0,0.0,5.12,0.0,0.0,0.0,0.0,0.0,0.0,0.0,0.0,0.0,0.0,0.0,0.0,0.0,0.0,0.0,0.0,0.0,0.0,0.0,0.0,0.0,0.0,0.0,0.0,5.12,0.0,0.0},fitness=net.sf.jclec.fitness.SimpleValueFitness@5f59ea8c[value=57.84942745157179]]
Median individual: net.sf.jclec.realarray.RealArrayIndividual@718f805a[genotype={0.0,0.0,0.0,0.0,0.0,0.0,0.0,0.0,0.0,0.0,0.0,0.0,0.0,0.0,0.0,0.0,0.0,0.0,0.0,0.0,0.0,0.0,0.0,0.0,0.0,0.0,0.0,0.0,0.0,0.0},fitness=net.sf.jclec.fitness.SimpleValueFitness@557b6a37[value=0.0]]
Average fitness = 3.7602127843521673
Fitness variance = 128.08944071656785
Generation 450 Report
Best individual: net.sf.jclec.realarray.RealArrayIndividual@31f295b6[genotype={0.0,0.0,0.0,0.0,0.0,0.0,0.0,0.0,0.0,0.0,0.0,0.0,0.0,0.0,0.0,0.0,0.0,0.0,0.0,0.0,0.0,0.0,0.0,0.0,0.0,0.0,0.0,0.0,0.0,0.0},fitness=net.sf.jclec.fitness.SimpleValueFitness@4c82b5df[value=0.0]]
Worst individual: net.sf.jclec.realarray.RealArrayIndividual@1084ac45[genotype={0.0,0.0,0.0,0.0,0.0,0.0,0.0,0.0,0.0,0.0,0.0,0.0,5.12,0.0,0.0,5.12,0.0,5.12,0.0,0.0,0.0,0.0,0.0,0.0,0.0,0.0,0.0,5.12,0.0,0.0},fitness=net.sf.jclec.fitness.SimpleValueFitness@6ea246af[value=115.69885490314358]]
Median individual: net.sf.jclec.realarray.RealArrayIndividual@68ddd415[genotype={0.0,0.0,0.0,0.0,0.0,0.0,0.0,0.0,0.0,0.0,0.0,0.0,0.0,0.0,0.0,0.0,0.0,0.0,0.0,0.0,0.0,0.0,0.0,0.0,0.0,0.0,0.0,0.0,0.0,0.0},fitness=net.sf.jclec.fitness.SimpleValueFitness@664632e9[value=0.0]]
Average fitness = 4.917201333383603
Fitness variance = 285.37758477087726
Generation 460 Report
Best individual: net.sf.jclec.realarray.RealArrayIndividual@6ecc02bb[genotype={0.0,0.0,0.0,0.0,0.0,0.0,0.0,0.0,0.0,0.0,0.0,0.0,0.0,0.0,0.0,0.0,0.0,0.0,0.0,0.0,0.0,0.0,0.0,0.0,0.0,0.0,0.0,0.0,0.0,0.0},fitness=net.sf.jclec.fitness.SimpleValueFitness@65514add[value=0.0]]
Worst individual: net.sf.jclec.realarray.RealArrayIndividual@25ffd826[genotype={0.0,0.0,0.0,0.0,0.0,0.0,0.0,0.0,0.0,0.0,5.12,0.0,0.0,0.0,0.0,0.0,0.0,5.12,0.0,0.0,0.0,0.0,0.0,0.0,0.0,0.0,5.12,0.0,0.0,0.0},fitness=net.sf.jclec.fitness.SimpleValueFitness@e29f4f6[value=86.77414117735769]]
Median individual: net.sf.jclec.realarray.RealArrayIndividual@7a1b8a46[genotype={0.0,0.0,0.0,0.0,0.0,0.0,0.0,0.0,0.0,0.0,0.0,0.0,0.0,0.0,0.0,0.0,0.0,0.0,0.0,0.0,0.0,0.0,0.0,0.0,0.0,0.0,0.0,0.0,0.0,0.0},fitness=net.sf.jclec.fitness.SimpleValueFitness@3d40a3b4[value=0.0]]
Average fitness = 7.520425568704334
Fitness variance = 395.2282938896583
Generation 470 Report
Best individual: net.sf.jclec.realarray.RealArrayIndividual@186d8a71[genotype={0.0,0.0,0.0,0.0,0.0,0.0,0.0,0.0,0.0,0.0,0.0,0.0,0.0,0.0,0.0,0.0,0.0,0.0,0.0,0.0,0.0,0.0,0.0,0.0,0.0,0.0,0.0,0.0,0.0,0.0},fitness=net.sf.jclec.fitness.SimpleValueFitness@2db6d68d[value=0.0]]
Worst individual: net.sf.jclec.realarray.RealArrayIndividual@3c770db4[genotype={5.12,0.0,5.12,5.12,0.0,0.0,0.0,0.0,0.0,0.0,0.0,0.0,0.0,0.0,0.0,0.0,0.0,0.0,0.0,0.0,0.0,0.0,0.0,0.0,0.0,0.0,0.0,0.0,0.0,0.0},fitness=net.sf.jclec.fitness.SimpleValueFitness@61cda923[value=86.77414117735769]]
Median individual: net.sf.jclec.realarray.RealArrayIndividual@6d6ac396[genotype={0.0,0.0,0.0,0.0,0.0,0.0,0.0,0.0,0.0,0.0,0.0,0.0,0.0,0.0,0.0,0.0,0.0,0.0,0.0,0.0,0.0,0.0,0.0,0.0,0.0,0.0,0.0,0.0,0.0,0.0},fitness=net.sf.jclec.fitness.SimpleValueFitness@f5a7226[value=0.0]]
Average fitness = 6.652684156930755
Fitness variance = 282.0310285144027
Generation 480 Report
Best individual: net.sf.jclec.realarray.RealArrayIndividual@2d7637e6[genotype={0.0,0.0,0.0,0.0,0.0,0.0,0.0,0.0,0.0,0.0,0.0,0.0,0.0,0.0,0.0,0.0,0.0,0.0,0.0,0.0,0.0,0.0,0.0,0.0,0.0,0.0,0.0,0.0,0.0,0.0},fitness=net.sf.jclec.fitness.SimpleValueFitness@39b626e5[value=0.0]]
Worst individual: net.sf.jclec.realarray.RealArrayIndividual@52f6900a[genotype={0.0,0.0,0.0,0.0,0.0,5.12,0.0,0.0,0.0,0.0,5.12,0.0,5.12,0.0,0.0,0.0,0.0,0.0,0.0,0.0,0.0,0.0,0.0,0.0,0.0,0.0,0.0,0.0,0.0,0.0},fitness=net.sf.jclec.fitness.SimpleValueFitness@2b80e5a9[value=86.77414117735769]]
Median individual: net.sf.jclec.realarray.RealArrayIndividual@739265f1[genotype={0.0,0.0,0.0,0.0,0.0,0.0,0.0,0.0,0.0,0.0,0.0,0.0,0.0,0.0,0.0,0.0,0.0,0.0,0.0,0.0,0.0,0.0,0.0,0.0,0.0,0.0,0.0,0.0,0.0,0.0},fitness=net.sf.jclec.fitness.SimpleValueFitness@6acffb2d[value=0.0]]
Average fitness = 6.652684156930757
Fitness variance = 315.4965910791493
Generation 490 Report
Best individual: net.sf.jclec.realarray.RealArrayIndividual@7a1a3468[genotype={0.0,0.0,0.0,0.0,0.0,0.0,0.0,0.0,0.0,0.0,0.0,0.0,0.0,0.0,0.0,0.0,0.0,0.0,0.0,0.0,0.0,0.0,0.0,0.0,0.0,0.0,0.0,0.0,0.0,0.0},fitness=net.sf.jclec.fitness.SimpleValueFitness@2dfeb141[value=0.0]]
Worst individual: net.sf.jclec.realarray.RealArrayIndividual@4e424582[genotype={0.0,0.0,0.0,0.0,0.0,0.0,0.0,0.0,0.0,0.0,0.0,0.0,5.12,0.0,0.0,5.12,0.0,0.0,0.0,0.0,0.0,5.12,0.0,0.0,0.0,0.0,0.0,0.0,0.0,0.0},fitness=net.sf.jclec.fitness.SimpleValueFitness@73e776b7[value=86.77414117735769]]
Median individual: net.sf.jclec.realarray.RealArrayIndividual@1961d75a[genotype={0.0,0.0,0.0,0.0,0.0,0.0,0.0,0.0,0.0,0.0,0.0,0.0,0.0,0.0,0.0,0.0,0.0,0.0,0.0,0.0,0.0,0.0,0.0,0.0,0.0,0.0,0.0,0.0,0.0,0.0},fitness=net.sf.jclec.fitness.SimpleValueFitness@3e26482[value=0.0]]
Average fitness = 9.834402666767206
Fitness variance = 455.46630650620216
Generation 500 Report
Best individual: net.sf.jclec.realarray.RealArrayIndividual@5a1dddba[genotype={0.0,0.0,0.0,0.0,0.0,0.0,0.0,0.0,0.0,0.0,0.0,0.0,0.0,0.0,0.0,0.0,0.0,0.0,0.0,0.0,0.0,0.0,0.0,0.0,0.0,0.0,0.0,0.0,0.0,0.0},fitness=net.sf.jclec.fitness.SimpleValueFitness@13866329[value=0.0]]
Worst individual: net.sf.jclec.realarray.RealArrayIndividual@71a4f441[genotype={0.0,0.0,0.0,0.0,0.0,5.12,0.0,0.0,0.0,0.0,0.0,0.0,0.0,0.0,0.0,5.12,0.0,0.0,0.0,0.0,0.0,5.12,0.0,0.0,0.0,0.0,0.0,0.0,0.0,0.0},fitness=net.sf.jclec.fitness.SimpleValueFitness@1625789b[value=86.77414117735769]]
Median individual: net.sf.jclec.realarray.RealArrayIndividual@6839203b[genotype={0.0,0.0,0.0,0.0,0.0,0.0,0.0,0.0,0.0,0.0,0.0,0.0,0.0,0.0,0.0,0.0,0.0,0.0,0.0,0.0,0.0,0.0,0.0,0.0,0.0,0.0,0.0,0.0,0.0,0.0},fitness=net.sf.jclec.fitness.SimpleValueFitness@6db328f8[value=0.0]]
Average fitness = 4.917201333383603
Fitness variance = 285.3775847708773
