Wed Nov 21 15.59.30 CET 2018
Generation 0 Report
Best individual: net.sf.jclec.realarray.RealArrayIndividual@762efe5d[genotype={1.798192416566002,1.984347902978435,1.907507683770551,0.018629630119746048,0.8320102060119716,0.41667397681114315,2.758077813460397,0.025851500738951684,3.114326571472923,3.119266056203808,2.8694946332086464,2.517223698561988,4.527858156593448,1.076798420691835,3.4556343877444413,2.028271034211023,2.186111671905528,0.9929296168120909,2.642941749607478,1.390521185151761,3.83356995541103,3.9147993296495884,1.8721051511817643,1.0814472135622273,0.9647787738550109,0.3140423073534623,4.431962169806845,3.91817840050051,3.859675345717602,1.9536722954147276},fitness=net.sf.jclec.fitness.SimpleValueFitness@41a4555e[value=395.67972439726555]]
Worst individual: net.sf.jclec.realarray.RealArrayIndividual@4f2410ac[genotype={0.5839925615222533,3.921732263169091,0.6351999575178983,2.852376131078849,3.153938577309532,0.31898312722842675,1.0437541554746077,4.10687553155543,4.561297819961406,4.122035508451029,4.498052319103496,4.4479726215600675,1.614214061388904,4.297140872778066,3.548331109440639,3.458743854858766,2.5152306240905493,3.6971481019650283,4.2349234853133515,1.4434284460580875,4.217475758111257,0.5898559325774536,0.3125477041556813,4.422680739309421,0.5629776583577569,4.716146223344312,1.0755955703172526,1.071591740252068,4.97443564145232,2.4856873069210157},fitness=net.sf.jclec.fitness.SimpleValueFitness@5b80350b[value=676.2582450788022]]
Median individual: net.sf.jclec.realarray.RealArrayIndividual@26f0a63f[genotype={3.7890379317210505,4.429709624388699,3.483081564472168,0.7210021477761757,0.12572009429276876,1.9874515789053155,2.2188342675354353,1.5897221569394515,0.6953734492054672,0.6579384291688567,2.660493465459868,0.45027190720459426,0.6986940502824556,1.8653055151092843,2.6224583386907443,1.0587095763763186,0.5072380466433347,2.93721451897321,3.703350177615489,3.571737458307067,0.6851745720697247,4.184447657674133,1.707507554341602,0.6231798079593149,3.695414438835652,4.7649619924399005,5.031904779733658,1.6469093104070434,2.130978895096104,0.9684620596685999},fitness=net.sf.jclec.fitness.SimpleValueFitness@53bd815b[value=535.1150624168911]]
Average fitness = 551.7978133631414
Fitness variance = 3016.68870819523
Generation 10 Report
Best individual: net.sf.jclec.realarray.RealArrayIndividual@5c0369c4[genotype={0.8970507198697043,0.19818776670865204,0.7494290984736685,0.06648146572119604,0.6458032954922791,2.045189577057263,0.6164711810293305,0.025851500738951684,1.058732598074944,2.105770771678766,1.1752211461909534,1.9488165218334328,1.9430705893320124,3.9173933540855668,3.33476433545017,1.0075385606726504,3.9840312994626292,0.7865992443436515,1.2907625836282248,2.154856268488615,3.063622226771965,0.04352863191992474,3.0518663236843593,0.06384633953548033,4.066111928187586,0.08265991674657434,0.948116244885988,1.9152876541516726,0.9184563934801849,0.01677304790437786},fitness=net.sf.jclec.fitness.SimpleValueFitness@d70c109[value=224.01837339027767]]
Worst individual: net.sf.jclec.realarray.RealArrayIndividual@4f4a7090[genotype={3.8744498975119046,3.358657816402324,0.30340463034766646,1.0022735678152173,1.014762562754011,0.13757657426070938,1.832648899438756,4.885573088771609,1.0175392118279531,2.0267948321596787,5.0615951897554545,1.8642531926929067,4.104191076564354,2.7287938610526035,3.5672689909497075,4.447767450446229,3.9840312994626292,0.5314708625278335,1.8447589757194558,3.1151319995229825,1.9954205675411008,4.108214244791382,1.014874607568314,0.06738575642196071,1.914810558149667,2.3022468479148905,2.758932069636787,3.91817840050051,1.1813314116124718,0.01677304790437786},fitness=net.sf.jclec.fitness.SimpleValueFitness@6956de9[value=392.2852007106255]]
Median individual: net.sf.jclec.realarray.RealArrayIndividual@5a39699c[genotype={3.5261567433157683,3.292859226809818,4.169162727982008,0.06648146572119604,1.014762562754011,0.13757657426070938,0.18646229052969437,4.885573088771609,1.058732598074944,0.8648422381568555,0.40773687997178576,1.8642531926929067,3.1600680950318374,2.6718328226681995,2.107387770351162,1.0075385606726504,3.9840312994626292,0.8755069732879309,4.771938034423866,0.16998915181957533,1.2503583366735254,0.04352863191992474,3.701330250058755,0.06384633953548033,1.1422935439560322,2.9093423301222363,2.8548338380740903,3.91817840050051,0.6745432316971177,0.33200166415095345},fitness=net.sf.jclec.fitness.SimpleValueFitness@56cbfb61[value=361.2785008137373]]
Average fitness = 313.91383697623723
Fitness variance = 1174.119972127999
Generation 20 Report
Best individual: net.sf.jclec.realarray.RealArrayIndividual@6574b225[genotype={0.09270673617392422,0.13724659312075507,0.03340502114747034,0.06648146572119604,0.8320102060119716,0.13757657426070938,0.18646229052969437,0.025851500738951684,1.058732598074944,0.02514438936103578,1.1752211461909534,1.9488165218334328,1.2165023205453482,0.06458730873673728,2.0668602863042405,3.1257071274128463,1.0564288773846595,2.016177964328034,0.028709851093807106,2.154856268488615,3.063622226771965,0.02798297303866646,3.0518663236843593,1.0814472135622273,0.9647787738550109,0.08265991674657434,2.0845239854994,1.1662712486577353,0.043083449584334854,0.01677304790437786},fitness=net.sf.jclec.fitness.SimpleValueFitness@2344fc66[value=115.62578229919143]]
Worst individual: net.sf.jclec.realarray.RealArrayIndividual@73ad2d6[genotype={0.8970507198697043,0.19818776670865204,0.7494290984736685,0.9767767123381598,1.771625528940028,0.13314037447472488,2.119448788714177,0.025851500738951684,1.1472387339248054,0.02514438936103578,1.1752211461909534,1.9488165218334328,1.0665210251632968,5.077285971747412,2.0668602863042405,3.1257071274128463,0.544243419699393,2.016177964328034,1.2907625836282248,2.154856268488615,1.2503583366735254,0.04352863191992474,2.823280691294732,1.0433789271733236,0.6501953799495359,0.08265991674657434,0.948116244885988,3.0558757398970045,0.6745432316971177,0.014577191287566632},fitness=net.sf.jclec.fitness.SimpleValueFitness@1ce92674[value=225.37031758159148]]
Median individual: net.sf.jclec.realarray.RealArrayIndividual@7cd62f43[genotype={0.8970507198697043,0.19818776670865204,0.03340502114747034,0.06648146572119604,0.8320102060119716,0.13314037447472488,1.832648899438756,0.9504022399682379,1.1472387339248054,1.8955353014386158,1.060234368135408,1.9488165218334328,1.2165023205453482,0.06458730873673728,2.0668602863042405,1.0075385606726504,0.13156335474027367,0.8755069732879309,1.2907625836282248,0.16998915181957533,1.2503583366735254,0.04352863191992474,3.701330250058755,0.06384633953548033,1.914810558149667,0.08265991674657434,1.1387976551507246,3.0558757398970045,1.1813314116124718,0.014577191287566632},fitness=net.sf.jclec.fitness.SimpleValueFitness@6093dd95[value=157.354214444866]]
Average fitness = 166.90843440523557
Fitness variance = 407.33480835691444
Generation 30 Report
Best individual: net.sf.jclec.realarray.RealArrayIndividual@7e0e6aa2[genotype={0.8970507198697043,0.13724659312075507,0.03340502114747034,0.06648146572119604,0.8320102060119716,0.0359699929299309,1.0550655825931388,0.025851500738951684,1.058732598074944,0.02514438936103578,1.060234368135408,1.9488165218334328,1.2165023205453482,0.06458730873673728,2.0668602863042405,1.0075385606726504,1.0564288773846595,0.8755069732879309,0.028709851093807106,2.154856268488615,1.9954205675411008,0.04352863191992474,0.9436689371332831,0.059324051269149684,0.9647787738550109,0.08265991674657434,0.948116244885988,2.095793905161562,0.043083449584334854,0.01677304790437786},fitness=net.sf.jclec.fitness.SimpleValueFitness@18bf3d14[value=71.36277348399427]]
Worst individual: net.sf.jclec.realarray.RealArrayIndividual@63e2203c[genotype={0.8970507198697043,0.13724659312075507,0.03340502114747034,0.06648146572119604,0.11992129264102735,0.0359699929299309,1.0550655825931388,0.025851500738951684,3.142132051128559,0.02514438936103578,1.0356316337988347,3.0406214806023533,1.2165023205453482,0.06458730873673728,2.0668602863042405,1.9546533048863188,1.0564288773846595,2.016177964328034,1.2907625836282248,2.9821459260285557,2.0682779002180407,0.04352863191992474,0.9436689371332831,0.06384633953548033,0.9647787738550109,0.08265991674657434,2.0845239854994,3.0558757398970045,0.043083449584334854,0.518340496013052},fitness=net.sf.jclec.fitness.SimpleValueFitness@6737fd8f[value=132.04370582065886]]
Median individual: net.sf.jclec.realarray.RealArrayIndividual@4b553d26[genotype={0.8970507198697043,0.19818776670865204,0.03340502114747034,0.06648146572119604,0.8320102060119716,0.0359699929299309,0.18646229052969437,0.025851500738951684,1.058732598074944,0.8648422381568555,1.0236262958103937,1.9488165218334328,1.9430705893320124,2.079440797156054,2.0668602863042405,1.9546533048863188,1.0564288773846595,0.8755069732879309,0.028709851093807106,2.154856268488615,1.2503583366735254,0.04352863191992474,3.0518663236843593,0.06384633953548033,1.1422935439560322,0.08265991674657434,2.0845239854994,2.095793905161562,0.043083449584334854,0.01677304790437786},fitness=net.sf.jclec.fitness.SimpleValueFitness@86be70a[value=109.62210915738223]]
Average fitness = 98.17856004039778
Fitness variance = 133.06959597153764
Generation 40 Report
Best individual: net.sf.jclec.realarray.RealArrayIndividual@3b2c72c2[genotype={0.8970507198697043,0.13724659312075507,0.03340502114747034,0.06648146572119604,0.9389167993875939,0.02823352003049318,1.0550655825931388,0.025851500738951684,1.058732598074944,0.02514438936103578,0.9630844592141932,1.9488165218334328,1.0665210251632968,0.06458730873673728,2.0668602863042405,1.0075385606726504,1.0564288773846595,2.016177964328034,0.028709851093807106,2.091671547936474,1.9954205675411008,0.04352863191992474,0.9436689371332831,0.06384633953548033,0.9647787738550109,0.08265991674657434,0.948116244885988,2.095793905161562,0.043083449584334854,0.01677304790437786},fitness=net.sf.jclec.fitness.SimpleValueFitness@176d53b2[value=56.605620139942566]]
Worst individual: net.sf.jclec.realarray.RealArrayIndividual@47db50c5[genotype={0.8970507198697043,0.13724659312075507,0.03340502114747034,0.9767767123381598,0.8320102060119716,0.0359699929299309,1.0550655825931388,0.025851500738951684,1.058732598074944,0.02514438936103578,1.0356316337988347,1.8642531926929067,1.0665210251632968,0.06458730873673728,2.0668602863042405,1.0075385606726504,1.0564288773846595,0.8755069732879309,0.4958405016434928,2.154856268488615,1.9954205675411008,0.04352863191992474,0.9436689371332831,0.059324051269149684,0.9647787738550109,0.08265991674657434,0.948116244885988,2.095793905161562,0.043083449584334854,0.1915317829119582},fitness=net.sf.jclec.fitness.SimpleValueFitness@4d1b0d2a[value=92.71258430704515]]
Median individual: net.sf.jclec.realarray.RealArrayIndividual@1188e820[genotype={0.8970507198697043,0.12949740356934356,0.03340502114747034,0.06648146572119604,0.9389167993875939,0.0359699929299309,1.0550655825931388,0.025851500738951684,1.058732598074944,0.02514438936103578,1.0356316337988347,1.9488165218334328,1.0665210251632968,0.06458730873673728,2.0668602863042405,1.0075385606726504,1.0564288773846595,0.8755069732879309,0.028709851093807106,2.154856268488615,1.9954205675411008,0.04352863191992474,0.9436689371332831,0.059324051269149684,0.9647787738550109,0.08265991674657434,0.948116244885988,2.095793905161562,0.043083449584334854,0.01677304790437786},fitness=net.sf.jclec.fitness.SimpleValueFitness@101df177[value=58.94145787929416]]
Average fitness = 64.72174525325343
Fitness variance = 39.27350403714354
Generation 50 Report
Best individual: net.sf.jclec.realarray.RealArrayIndividual@7d68ef40[genotype={0.09270673617392422,0.1153435268703778,0.03340502114747034,0.06648146572119604,0.9389167993875939,0.0359699929299309,1.0550655825931388,0.025851500738951684,0.9690113970408425,0.02514438936103578,0.9630844592141932,1.9488165218334328,1.0665210251632968,0.06458730873673728,2.0668602863042405,1.0075385606726504,1.0564288773846595,2.016177964328034,0.028709851093807106,1.9473090506586725,1.9954205675411008,0.04352863191992474,0.9436689371332831,0.06384633953548033,0.9647787738550109,0.08265991674657434,0.948116244885988,1.1005641382681828,0.043083449584334854,0.01677304790437786},fitness=net.sf.jclec.fitness.SimpleValueFitness@75c072cb[value=49.22312256282565]]
Worst individual: net.sf.jclec.realarray.RealArrayIndividual@4206a205[genotype={0.8970507198697043,0.1153435268703778,0.03340502114747034,0.06648146572119604,0.9592076110405792,0.0359699929299309,1.0550655825931388,0.025851500738951684,0.9690113970408425,0.02514438936103578,1.0356316337988347,1.9008681059584625,1.0665210251632968,0.06458730873673728,2.0668602863042405,1.0075385606726504,1.0564288773846595,2.016177964328034,0.4484943776654105,1.9473090506586725,1.9954205675411008,0.04352863191992474,0.9436689371332831,0.06384633953548033,0.9647787738550109,0.08265991674657434,0.948116244885988,2.095793905161562,0.043083449584334854,0.01677304790437786},fitness=net.sf.jclec.fitness.SimpleValueFitness@57175e74[value=73.86207844456705]]
Median individual: net.sf.jclec.realarray.RealArrayIndividual@327b636c[genotype={0.09270673617392422,0.1153435268703778,0.03340502114747034,0.06648146572119604,0.9389167993875939,0.0359699929299309,1.0550655825931388,0.025851500738951684,0.9690113970408425,0.02514438936103578,1.0356316337988347,1.9488165218334328,1.0665210251632968,0.06458730873673728,2.0668602863042405,1.0075385606726504,1.0564288773846595,2.016177964328034,0.028709851093807106,2.017176370557284,1.9954205675411008,0.04352863191992474,0.9436689371332831,0.06384633953548033,0.9647787738550109,0.08265991674657434,0.948116244885988,2.095793905161562,0.043083449584334854,0.01677304790437786},fitness=net.sf.jclec.fitness.SimpleValueFitness@60611244[value=52.14975531319475]]
Average fitness = 53.15480940858873
Fitness variance = 11.08280734813934
Generation 60 Report
Best individual: net.sf.jclec.realarray.RealArrayIndividual@e056f20[genotype={0.09270673617392422,0.1153435268703778,0.03340502114747034,0.06540726784063965,0.9592076110405792,0.0359699929299309,1.0550655825931388,0.025851500738951684,0.9690113970408425,0.02514438936103578,0.9630844592141932,1.9488165218334328,1.0665210251632968,0.06458730873673728,2.0668602863042405,1.0075385606726504,1.0564288773846595,0.8755069732879309,0.028709851093807106,2.017176370557284,1.9954205675411008,0.02798297303866646,0.9436689371332831,0.052442063994961076,0.9647787738550109,0.08265991674657434,1.007019186195027,1.1005641382681828,0.035025287140129986,0.016311440947042326},fitness=net.sf.jclec.fitness.SimpleValueFitness@19bb07ed[value=47.17766491270248]]
Worst individual: net.sf.jclec.realarray.RealArrayIndividual@22a637e7[genotype={0.09270673617392422,0.1153435268703778,0.03340502114747034,0.06648146572119604,0.9389167993875939,0.02823352003049318,1.0550655825931388,0.025851500738951684,0.9690113970408425,0.02514438936103578,0.9630844592141932,1.9488165218334328,1.0665210251632968,0.06458730873673728,2.0668602863042405,1.0075385606726504,1.0564288773846595,0.8755069732879309,0.16772618521713217,2.017176370557284,1.9876061395983031,0.027868363418687554,0.9436689371332831,0.06384633953548033,0.9647787738550109,0.08265991674657434,0.948116244885988,1.1005641382681828,0.043083449584334854,0.01677304790437786},fitness=net.sf.jclec.fitness.SimpleValueFitness@1d119efb[value=53.17170924354785]]
Median individual: net.sf.jclec.realarray.RealArrayIndividual@76508ed1[genotype={0.09270673617392422,0.1153435268703778,0.03340502114747034,0.06648146572119604,0.9389167993875939,0.02823352003049318,1.0550655825931388,0.025851500738951684,0.9690113970408425,0.02422417872717752,0.9630844592141932,1.9488165218334328,1.0665210251632968,0.06458730873673728,2.0668602863042405,1.0075385606726504,1.0564288773846595,0.8755069732879309,0.028709851093807106,2.017176370557284,1.9714766824272865,0.04352863191992474,0.9436689371332831,0.06384633953548033,0.9647787738550109,0.08265991674657434,0.948116244885988,1.1005641382681828,0.040327617076280686,0.01677304790437786},fitness=net.sf.jclec.fitness.SimpleValueFitness@15c43bd9[value=48.480725074702264]]
Average fitness = 48.373928717191596
Fitness variance = 0.7775209720362
Generation 70 Report
Best individual: net.sf.jclec.realarray.RealArrayIndividual@6a6cb05c[genotype={0.09270673617392422,0.1153435268703778,0.03340502114747034,0.06648146572119604,0.9592076110405792,0.02690139957898884,1.0550655825931388,0.025851500738951684,0.9690113970408425,0.02514438936103578,0.9630844592141932,1.9801662482085538,1.0665210251632968,0.06458730873673728,2.0315669749831637,1.0075385606726504,1.0564288773846595,0.912555173632411,0.028709851093807106,2.017176370557284,1.9954205675411008,0.02791448296578278,0.9918085271159887,0.052442063994961076,0.9647787738550109,0.08265991674657434,1.007019186195027,1.1005641382681828,0.03495697737150254,0.01677304790437786},fitness=net.sf.jclec.fitness.SimpleValueFitness@6025e1b6[value=44.08204076818787]]
Worst individual: net.sf.jclec.realarray.RealArrayIndividual@22555ebf[genotype={0.09270673617392422,0.1153435268703778,0.03340502114747034,0.06648146572119604,0.9592076110405792,0.0359699929299309,1.0550655825931388,0.025851500738951684,0.9690113970408425,0.02422417872717752,0.9630844592141932,1.9786196010288817,1.0558236278106163,0.06458730873673728,2.0668602863042405,1.0075385606726504,1.0564288773846595,0.8755069732879309,0.028709851093807106,2.017176370557284,1.9954205675411008,0.02798297303866646,0.9436689371332831,0.052442063994961076,0.9647787738550109,0.08265991674657434,0.948116244885988,1.1005641382681828,0.043083449584334854,0.01677304790437786},fitness=net.sf.jclec.fitness.SimpleValueFitness@45752059[value=47.14421608468379]]
Median individual: net.sf.jclec.realarray.RealArrayIndividual@c730b35[genotype={0.09270673617392422,0.1153435268703778,0.03340502114747034,0.06648146572119604,0.9592076110405792,0.02690139957898884,1.0550655825931388,0.025851500738951684,0.9690113970408425,0.02422417872717752,0.9630844592141932,1.9786196010288817,1.0558236278106163,0.06458730873673728,2.0668602863042405,1.0075385606726504,1.0564288773846595,0.8755069732879309,0.028709851093807106,2.010458274004909,1.9954205675411008,0.02798297303866646,0.9436689371332831,0.052442063994961076,0.9647787738550109,0.08265991674657434,0.948116244885988,1.1005641382681828,0.043083449584334854,0.01674778324216885},fitness=net.sf.jclec.fitness.SimpleValueFitness@292b08d6[value=46.96802401023999]]
Average fitness = 45.45251051592661
Fitness variance = 0.5320390461997704
Generation 80 Report
Best individual: net.sf.jclec.realarray.RealArrayIndividual@79d8407f[genotype={0.09270673617392422,0.1153435268703778,0.03340502114747034,0.06621476547112166,0.9675570090708944,0.02690139957898884,1.0550655825931388,0.025851500738951684,0.971017584893342,0.02514438936103578,0.9630844592141932,1.9811574418810671,1.0558236278106163,0.06458730873673728,2.0315669749831637,1.0075385606726504,1.0447965122539784,0.9182095021451316,0.028709851093807106,2.017176370557284,1.9954205675411008,0.02798297303866646,0.9918085271159887,0.052442063994961076,0.9647787738550109,0.08265991674657434,1.007019186195027,1.1005641382681828,0.035025287140129986,0.01677304790437786},fitness=net.sf.jclec.fitness.SimpleValueFitness@1e66f1f5[value=43.2526861453021]]
Worst individual: net.sf.jclec.realarray.RealArrayIndividual@732c2a62[genotype={0.09261174179639575,0.1153435268703778,0.03340502114747034,0.06648146572119604,0.953495590234291,0.0359699929299309,1.0550655825931388,0.025851500738951684,0.9671317174385481,0.02422417872717752,0.9630844592141932,1.9786196010288817,1.0558236278106163,0.06458730873673728,2.0315669749831637,1.0075385606726504,1.0447965122539784,0.912555173632411,0.028709851093807106,2.017176370557284,1.9926249191300252,0.02798297303866646,0.9918085271159887,0.05532748307384096,0.9647787738550109,0.08265991674657434,1.007019186195027,1.1005641382681828,0.043083449584334854,0.01677304790437786},fitness=net.sf.jclec.fitness.SimpleValueFitness@41fecb8b[value=43.94839898261496]]
Median individual: net.sf.jclec.realarray.RealArrayIndividual@3cc1435c[genotype={0.09270673617392422,0.1153435268703778,0.03340502114747034,0.06648146572119604,0.9592076110405792,0.02823352003049318,1.0550655825931388,0.025851500738951684,0.9690113970408425,0.026304626335682063,0.9630844592141932,1.9801662482085538,1.0558236278106163,0.06458730873673728,2.0315669749831637,1.0075385606726504,1.0447965122539784,0.9182095021451316,0.028709851093807106,2.017176370557284,1.9954205675411008,0.02798297303866646,0.9918085271159887,0.052442063994961076,0.9647787738550109,0.08265991674657434,1.007019186195027,1.1005641382681828,0.035025287140129986,0.01677304790437786},fitness=net.sf.jclec.fitness.SimpleValueFitness@dd0c991[value=43.41267179660105]]
Average fitness = 43.53062864972124
Fitness variance = 0.021194217253196257
Generation 90 Report
Best individual: net.sf.jclec.realarray.RealArrayIndividual@25fb8912[genotype={0.09270673617392422,0.1153435268703778,0.03340502114747034,0.06621476547112166,0.9675570090708944,0.02689773434705009,1.0550655825931388,0.025851500738951684,0.9732701370686799,0.02422417872717752,0.9630844592141932,1.9801662482085538,1.0558236278106163,0.06458730873673728,2.0311163035711166,1.0075385606726504,1.0447965122539784,0.9182095021451316,0.028709851093807106,2.017176370557284,1.9954205675411008,0.02798297303866646,0.9918085271159887,0.052442063994961076,0.9675509733460547,0.08207327364672257,1.007019186195027,1.0988328942844483,0.035005944369606905,0.016772715119646706},fitness=net.sf.jclec.fitness.SimpleValueFitness@2c35e847[value=43.10208195002366]]
Worst individual: net.sf.jclec.realarray.RealArrayIndividual@4de4b452[genotype={0.09270673617392422,0.11547399155574721,0.033404074231443204,0.06621476547112166,0.9675573314677308,0.02690139957898884,1.0550655825931388,0.025851500738951684,0.971017584893342,0.02514438936103578,0.9630844592141932,1.9801662482085538,1.0558236278106163,0.06458730873673728,2.0315669749831637,1.0075385606726504,1.0447965122539784,0.9182095021451316,0.028709851093807106,2.0173036929183805,1.9954205675411008,0.02798297303866646,0.9918085271159887,0.052442063994961076,0.9647787738550109,0.0821346477643455,1.007019186195027,1.1005641382681828,0.035025287140129986,0.01677304790437786},fitness=net.sf.jclec.fitness.SimpleValueFitness@101952da[value=43.24671777691626]]
Median individual: net.sf.jclec.realarray.RealArrayIndividual@4f2b503c[genotype={0.09270673617392422,0.1153435268703778,0.03340502114747034,0.06648146572119604,0.9675570090708944,0.02690139957898884,1.0550655825931388,0.025851500738951684,0.971017584893342,0.02514438936103578,0.9630844592141932,1.9801662482085538,1.0558236278106163,0.06458730873673728,2.0315669749831637,1.0075385606726504,1.0447965122539784,0.9182095021451316,0.028709851093807106,2.017176370557284,1.9954205675411008,0.02798297303866646,0.9918085271159887,0.052442063994961076,0.9675509733460547,0.08207327364672257,1.007019186195027,1.0988328942844483,0.035005944369606905,0.01671664745015236},fitness=net.sf.jclec.fitness.SimpleValueFitness@209da20d[value=43.145183302712816]]
Average fitness = 43.170835671222086
Fitness variance = 8.96596759048407E-4
Generation 100 Report
Best individual: net.sf.jclec.realarray.RealArrayIndividual@6a8658ff[genotype={0.09270673617392422,0.1153435268703778,0.03340502114747034,0.06621476547112166,0.9675570090708944,0.02690139957898884,1.0550655825931388,0.025851500738951684,0.9733523015880844,0.02422417872717752,0.9630844592141932,1.9801662482085538,1.0558236278106163,0.06458730873673728,2.0311163035711166,1.0075385606726504,1.0447965122539784,0.9182095021451316,0.028709851093807106,2.0164741139133144,1.9926249191300252,0.02791448296578278,0.9918085271159887,0.052442063994961076,0.9675509733460547,0.08207327364672257,1.007019186195027,1.0988328942844483,0.035025287140129986,0.01671664745015236},fitness=net.sf.jclec.fitness.SimpleValueFitness@333d4a8c[value=43.08851583646212]]
Worst individual: net.sf.jclec.realarray.RealArrayIndividual@7bd7d6d6[genotype={0.09270673617392422,0.1153435268703778,0.03340502114747034,0.06621476547112166,0.9675570090708944,0.02690139957898884,1.0550655825931388,0.025851500738951684,0.9732701370686799,0.024224179645964555,0.9630844592141932,1.9801662482085538,1.0558236278106163,0.06458730873673728,2.0311163035711166,1.0075385606726504,1.0447965120657008,0.9182095033371682,0.028709851093807106,2.017176370557284,1.9954205675411008,0.02798297303866646,0.9918060634028915,0.052442063994961076,0.9675509733460547,0.08207327364672257,1.007019186195027,1.0988328942844483,0.03501930033010644,0.01671664745015236},fitness=net.sf.jclec.fitness.SimpleValueFitness@239a307b[value=43.10193616361901]]
Median individual: net.sf.jclec.realarray.RealArrayIndividual@5386659f[genotype={0.09270673617392422,0.1153435268703778,0.03340502114747034,0.06621476547112166,0.9675570090708944,0.02690139957898884,1.0550655825931388,0.025851500738951684,0.9732701370686799,0.02422417872717752,0.9630844592141932,1.9801662482085538,1.0558236278106163,0.06458730873673728,2.0311163035711166,1.0075385606726504,1.0447965122539784,0.9182095021451316,0.028709851093807106,2.017176370557284,1.9954203768336676,0.02791448296578278,0.9918085271159887,0.052442063994961076,0.9675509733460547,0.08207327364672257,1.007019358911792,1.0988328942844483,0.035025287140129986,0.01671664745015236},fitness=net.sf.jclec.fitness.SimpleValueFitness@cecf639[value=43.10126040285371]]
Average fitness = 43.09363619493397
Fitness variance = 1.5659614518881426E-5
Generation 110 Report
Best individual: net.sf.jclec.realarray.RealArrayIndividual@4dc27487[genotype={0.09270673617392422,0.11524914988987783,0.03340502150822962,0.06621476547112166,0.9675570090708944,0.02689773434705009,1.055052437108238,0.025851500738951684,0.9733523015880844,0.02422417872717752,0.9631124962639528,1.9801662482085538,1.0558236278106163,0.06458730873673728,2.0311163035711166,1.0075385606726504,1.0447965122539784,0.9182095021451316,0.028709865128462495,2.0164741139133144,1.9926249191300252,0.02788036385901731,0.9918085271159887,0.05243780631477913,0.9675509733460547,0.08207327364672257,1.007019186195027,1.0988328942844483,0.035005944369606905,0.01671664745015236},fitness=net.sf.jclec.fitness.SimpleValueFitness@7dfd3c81[value=43.08313757869309]]
Worst individual: net.sf.jclec.realarray.RealArrayIndividual@57db2b13[genotype={0.09270673617392422,0.1153435268703778,0.03340502114747034,0.06621476547112166,0.9675570090708944,0.02689773434705009,1.055052437108238,0.025851500738951684,0.9733523015880844,0.02422417872717752,0.9630844592141932,1.9801662482085538,1.0558545008919196,0.06458730873673728,2.0311163035711166,1.0075385606726504,1.0447965122539784,0.9182103619082266,0.028709851093807106,2.0164741139133144,1.9926249191300252,0.02791448296578278,0.9918085271159887,0.05243780631477913,0.9675509733460547,0.08207327364672257,1.007019186195027,1.0988328942844483,0.03501930033010644,0.01671664745015236},fitness=net.sf.jclec.fitness.SimpleValueFitness@5c86a017[value=43.08870647819618]]
Median individual: net.sf.jclec.realarray.RealArrayIndividual@10289886[genotype={0.09270673617392422,0.11533880554535048,0.03340502114747034,0.06621476547112166,0.9675570090708944,0.02689773434705009,1.055052437108238,0.025853226223379457,0.9733523015880844,0.02422417872717752,0.9630844592141932,1.9801662482085538,1.0558236278106163,0.06458730873673728,2.0311163035711166,1.0075385606726504,1.0447965122539784,0.9182095021451316,0.028709865128462495,2.0164741139133144,1.9926249191300252,0.02791448296578278,0.9918085271159887,0.05243780631477913,0.9675509556483092,0.08207327364672257,1.007019186195027,1.0988328942844483,0.035005944369606905,0.01671664745015236},fitness=net.sf.jclec.fitness.SimpleValueFitness@461ad730[value=43.08763572664353]]
Average fitness = 43.08755803753964
Fitness variance = 6.811940238549141E-7
Generation 120 Report
Best individual: net.sf.jclec.realarray.RealArrayIndividual@42e25b0b[genotype={0.08888020491889796,0.1145961149251756,0.033405012796553744,0.06621476547112166,0.9675570090708944,0.026894573669666147,1.055052437108238,0.025851500738951684,0.9733523015880844,0.02422417872717752,0.9630844592141932,1.9801662482085538,1.0558236278106163,0.06458730873673728,2.0311163035711166,1.0075385606726504,1.0447965122539784,0.9182358025301228,0.02749230918175285,2.0164741139133144,1.9926249191300252,0.02791448296578278,0.9918085271159887,0.05243780631477913,0.9675509733460547,0.08207327364672257,1.007019358911792,1.0978409389331276,0.035005944369606905,0.01671664745015236},fitness=net.sf.jclec.fitness.SimpleValueFitness@44be0077[value=42.87347739345535]]
Worst individual: net.sf.jclec.realarray.RealArrayIndividual@27d5a580[genotype={0.09270673617392422,0.1153435268703778,0.03340502114747034,0.06621476547112166,0.9675570090708944,0.02689773434705009,1.055052437108238,0.025851500738951684,0.9733611467576964,0.02422417872717752,0.9630844592141932,1.9801662482085538,1.0558236278106163,0.06458730873673728,2.0311163035711166,1.0075385606726504,1.0447965122539784,0.9182095021451316,0.028709851093807106,2.0164741139133144,1.9926249191300252,0.02791448296578278,0.9918085271159887,0.05243780631477913,0.9675509733460547,0.08207327364672257,1.007019358911792,1.0988328942844483,0.035005944369606905,0.01671664745015236},fitness=net.sf.jclec.fitness.SimpleValueFitness@5e403b4a[value=43.08774094068452]]
Median individual: net.sf.jclec.realarray.RealArrayIndividual@27508c5d[genotype={0.09263139091321393,0.1153435268703778,0.03340502114747034,0.06532938008726141,0.9675570090708944,0.024815788283250186,1.055052437108238,0.025851500738951684,0.9733611467576964,0.02422417872717752,0.9630844592141932,1.9801662482085538,1.0558236278106163,0.06407902706574797,2.0312146505022977,1.0075385606726504,1.0448079322799715,0.9182095021451316,0.028709851093807106,2.0164741139133144,1.9926249191300252,0.02791448296578278,0.9918085271159887,0.05243780631477913,0.9675509733460547,0.08195852409965917,1.007019186195027,1.0988328942844483,0.035005944369606905,0.016720632701126434},fitness=net.sf.jclec.fitness.SimpleValueFitness@4b5189ac[value=43.027052685408165]]
Average fitness = 43.03789526532756
Fitness variance = 0.0012762917688178277
Generation 130 Report
Best individual: net.sf.jclec.realarray.RealArrayIndividual@6057aebb[genotype={0.08888020491889796,0.08684430316198148,0.03340502114747034,0.05924032569706584,0.9675570090708944,0.026894573669666147,1.055052437108238,0.025851500738951684,0.9779818269758146,0.02422417872717752,0.9630844592141932,1.9801662482085538,1.04302569378838,0.06407902706574797,2.0311163035711166,1.0075385606726504,1.0447441263004957,0.9182095021451316,0.028709851093807106,2.0164741139133144,1.9926249191300252,0.02791448296578278,0.9918085271159887,0.05057456489243383,0.9677709237089872,0.08207327364672257,1.007019186195027,1.0872382142066526,0.035005944369606905,0.01671664745015236},fitness=net.sf.jclec.fitness.SimpleValueFitness@53251a66[value=40.93282728525723]]
Worst individual: net.sf.jclec.realarray.RealArrayIndividual@5e3d57c7[genotype={0.08888020491889796,0.1145961149251756,0.033405012796553744,0.06177030440466576,0.967371975807242,0.026894573669666147,1.055052437108238,0.025859088486792078,0.9733611467576964,0.02422417872717752,0.9630844592141932,1.9801662482085538,1.0558236278106163,0.06407902706574797,2.0311163035711166,1.0075385606726504,1.0447965122539784,0.9182095021451316,0.028709851093807106,2.0164741139133144,1.9916025837388487,0.02791448296578278,0.9918085271159887,0.052439700209287975,0.9675509733460547,0.08207327364672257,1.007019186195027,1.1052198621129143,0.035005944369606905,0.01671664745015236},fitness=net.sf.jclec.fitness.SimpleValueFitness@1fb19a0[value=43.05876697529247]]
Median individual: net.sf.jclec.realarray.RealArrayIndividual@5ef5c734[genotype={0.08888020491889796,0.10449402634992884,0.03340502114747034,0.06177030440466576,0.9675570090708944,0.02689773434705009,1.055052437108238,0.025851500738951684,0.9733611467576964,0.02422417872717752,0.9637482780874679,1.9801662482085538,1.0558236302258086,0.06407902706574797,2.0311163035711166,1.0075492070338652,1.0447441263004957,0.9182095021451316,0.028709851093807106,2.0164741139133144,1.9926249191300252,0.02791448296578278,0.9918085271159887,0.05057456489243383,0.9675509733460547,0.07912089878547773,1.007019186195027,1.098640445329297,0.035005944369606905,0.01669277198008198},fitness=net.sf.jclec.fitness.SimpleValueFitness@36b4091c[value=42.25350146719492]]
Average fitness = 42.297504442857395
Fitness variance = 0.11423056004628052
Generation 140 Report
Best individual: net.sf.jclec.realarray.RealArrayIndividual@21a21c64[genotype={0.0,0.10449402634992884,0.03340502114747034,0.06177030440466576,0.9675570090708944,0.024815788283250186,1.055052437108238,0.025859088486792078,0.9734101130868335,0.02422417872717752,0.9637482780874679,1.9801662482085538,1.055825156610405,0.019418715636761886,2.0311163035711166,1.006896452983695,1.0447441263004957,0.9182095021451316,0.028709851093807106,2.0164741139133144,1.9926249191300252,0.02791448296578278,0.9918085271159887,0.0507687638188601,0.9675509733460547,0.0402193734111345,1.007019186195027,1.053316023873837,0.035005944369606905,0.01671664745015236},fitness=net.sf.jclec.fitness.SimpleValueFitness@42bc14c1[value=37.67754368080005]]
Worst individual: net.sf.jclec.realarray.RealArrayIndividual@6c0d9d86[genotype={0.08888020491889796,0.08684430316198148,0.03340502114747034,0.06177030440466576,0.9675570090708944,0.013442406708737814,1.055052437108238,0.025851500738951684,0.9734101130868335,0.02422417872717752,0.9637482780874679,1.9801662482085538,1.0546874756038869,0.06407902706574797,1.9904705890776149,1.0075492070338652,1.0447965122539784,0.9182095021451316,0.028709851093807106,2.0164741139133144,1.9926249191300252,0.02791448296578278,0.9918085271159887,0.05057456489243383,0.9675509733460547,0.08207327364672257,1.0006245375917524,1.1008984973755245,0.035005944369606905,0.01671664745015236},fitness=net.sf.jclec.fitness.SimpleValueFitness@24111ef1[value=41.31008138000372]]
Median individual: net.sf.jclec.realarray.RealArrayIndividual@bcef303[genotype={0.09263139091321393,0.08684430316198148,0.03340502114747034,0.06177030440466576,0.9675570090708944,0.024815788283250186,1.055052437108238,0.025851500738951684,0.9767597366851768,0.02422417872717752,0.9630842811914757,1.9801662482085538,0.9983638248974651,0.06407902706574797,2.0311163035711166,1.0075385606726504,1.0447441263004957,0.9182095021451316,0.028881903530213388,2.0164741139133144,1.9926249191300252,0.02791448296578278,0.9918859190363882,0.05057456489243383,0.9675509733460547,0.08207327364672257,1.0006245375917524,1.053316023873837,0.005755403241176391,0.01671664745015236},fitness=net.sf.jclec.fitness.SimpleValueFitness@42039326[value=39.41787666978815]]
Average fitness = 39.58541997299742
Fitness variance = 0.5577128681813974
Generation 150 Report
Best individual: net.sf.jclec.realarray.RealArrayIndividual@4372b9b6[genotype={0.0,0.0,0.03340502114747034,0.05924032569706584,0.9675570090708944,0.024815788283250186,1.055052437108238,0.0,0.9734101130868335,0.02422417872717752,0.9771579037479046,1.9801662482085538,0.9983638248974651,0.05832879606895006,2.0311163035711166,0.9975940512721398,0.9909207307205778,0.9182095021451316,0.015713181688636425,2.0164741139133144,1.9926249191300252,0.02791448296578278,0.9918859190363882,0.05057456489243383,0.971660513506407,0.0,1.007019358911792,1.0143948833841243,0.035005944369606905,0.01671664745015236},fitness=net.sf.jclec.fitness.SimpleValueFitness@4b41e4dd[value=33.54629223580401]]
Worst individual: net.sf.jclec.realarray.RealArrayIndividual@32193bea[genotype={0.0,0.08684430316198148,0.03340502114747034,0.0,0.9675570090708944,0.024815788283250186,1.055052437108238,0.02638786358874944,0.9734101130868335,0.016373751130583338,0.9630842811914757,1.8348497198436748,1.055825156610405,0.05832879606895006,2.0311163035711166,0.9975940512721398,0.9909207307205778,0.9192262878414027,0.015713181688636425,2.0164741139133144,1.9926249191300252,0.006699678567601848,0.9918859190363882,0.05057456489243383,0.9675509733460547,0.0402193734111345,1.0006245375917524,1.053316023873837,0.035005944369606905,0.01671664745015236},fitness=net.sf.jclec.fitness.SimpleValueFitness@69653e16[value=40.30092980708003]]
Median individual: net.sf.jclec.realarray.RealArrayIndividual@55dfebeb[genotype={0.0,0.040154592753147075,0.03340502114747034,0.06177030440466576,0.9675570090708944,0.024815788283250186,1.055052437108238,0.025851500738951684,0.988393794681325,0.0,0.9630844592141932,1.9801662482085538,1.055825156610405,0.019418715636761886,2.0273044785609926,1.0075385606726504,0.9909207307205778,0.9192262878414027,0.028709851093807106,2.0164741139133144,1.9926249191300252,0.02791448296578278,0.9918859190363882,0.05057456489243383,0.9675509733460547,0.0,1.007019358911792,1.053316023873837,0.03518994752190115,0.01671664745015236},fitness=net.sf.jclec.fitness.SimpleValueFitness@1cdc4c27[value=34.82258780026306]]
Average fitness = 35.3750199647674
Fitness variance = 1.1484785063801155
Generation 160 Report
Best individual: net.sf.jclec.realarray.RealArrayIndividual@2a2c13a8[genotype={0.0,0.040154592753147075,0.0,0.0,0.9675570090708944,0.026931906111257363,0.9783065470168978,0.024951226386106973,0.988393794681325,0.0,0.9630842811914757,1.9801662482085538,0.9983638248974651,0.006989600369620735,2.0311163035711166,1.0075492070338652,0.9909207307205778,0.9192262878414027,0.015713181688636425,1.9902060091342089,1.955001617019036,0.0,0.9918859190363882,0.05057456489243383,0.0,0.0,1.0006245375917524,1.0143948833841243,0.035005944369606905,0.01671664745015236},fitness=net.sf.jclec.fitness.SimpleValueFitness@6b44435b[value=30.545049095400856]]
Worst individual: net.sf.jclec.realarray.RealArrayIndividual@ebb6851[genotype={0.0,0.040154592753147075,0.03340502114747034,0.0,0.9675570090708944,0.013442406708737814,0.9783065470168978,0.024951226386106973,0.9734101130868335,0.0,0.9630842811914757,1.9801662482085538,0.9983638248974651,0.0,2.0311163035711166,0.6437688503985028,0.9909207307205778,0.9192262878414027,0.015713181688636425,2.0164741139133144,1.9926249191300252,0.02791448296578278,0.9918859190363882,0.05057456489243383,0.9675509733460547,0.0402193734111345,1.007019358911792,1.0143948833841243,0.03518994752190115,0.016861684984714187},fitness=net.sf.jclec.fitness.SimpleValueFitness@5b068087[value=47.85426953948049]]
Median individual: net.sf.jclec.realarray.RealArrayIndividual@dfddc9a[genotype={0.0,0.040154592753147075,0.034557101032088075,0.06177030440466576,0.9675570090708944,0.026717224117469345,0.9783065470168978,0.024951226386106973,0.9734101130868335,0.0,0.9630844592141932,1.9828180267926148,0.9983638248974651,0.0,2.0311163035711166,1.0075385606726504,0.9909207307205778,0.9182095021451316,0.028881903530213388,2.0164741139133144,1.9926249191300252,0.0,0.9918859190363882,0.05057456489243383,0.9675509733460547,0.0,1.0006245375917524,1.0143948833841243,0.0,0.01671664745015236},fitness=net.sf.jclec.fitness.SimpleValueFitness@5e8ac0e1[value=32.53969496154862]]
Average fitness = 32.629814478276096
Fitness variance = 4.9241405983643745
Generation 170 Report
Best individual: net.sf.jclec.realarray.RealArrayIndividual@75ed9710[genotype={0.0,0.040154592753147075,0.03340502114747034,0.059276562729108764,0.9675570090708944,0.0,0.9783065470168978,0.024951226386106973,0.9734101130868335,0.0,0.9637482780874679,1.9801662482085538,0.9983638248974651,0.006989600369620735,2.0311163035711166,1.0075492070338652,0.0,0.9192262878414027,0.0,1.9902060091342089,0.0,0.0,0.9918859190363882,0.05057456489243383,0.0,0.0,1.007019358911792,1.0030338423624356,0.03518994752190115,0.0},fitness=net.sf.jclec.fitness.SimpleValueFitness@435871cb[value=26.027676968731043]]
Worst individual: net.sf.jclec.realarray.RealArrayIndividual@20a14b55[genotype={0.0,0.040154592753147075,0.03340502114747034,0.0,0.9675570090708944,0.013442406708737814,1.000824788739674,0.024951226386106973,0.9734101130868335,0.0,0.0,1.9960236600299266,0.9983638248974651,0.0,2.0311163035711166,1.0075492070338652,0.0,0.9192262878414027,0.015713181688636425,2.0164741139133144,2.615636666194055,0.02791448296578278,0.9918859190363882,0.05057456489243383,0.0,0.0,1.007019358911792,1.0143948833841243,0.03518994752190115,0.01671664745015236},fitness=net.sf.jclec.fitness.SimpleValueFitness@6da00fb9[value=48.89467800547681]]
Median individual: net.sf.jclec.realarray.RealArrayIndividual@6821ea29[genotype={0.0,0.040154592753147075,0.03340502114747034,0.0,0.9675570090708944,0.013442406708737814,0.9783065470168978,0.024951226386106973,0.9734101130868335,0.0,0.0,1.9828180267926148,0.9983638248974651,0.0,2.0311163035711166,1.0042150388397668,0.0,0.9192262878414027,0.0,2.0164741139133144,1.9926249191300252,0.02791448296578278,0.9918859190363882,0.0,0.0,0.0,1.0006245375917524,1.0143948833841243,0.0,0.01671664745015236},fitness=net.sf.jclec.fitness.SimpleValueFitness@505a9d7c[value=27.776648358761513]]
Average fitness = 29.27592053300537
Fitness variance = 13.237414320176185
Generation 180 Report
Best individual: net.sf.jclec.realarray.RealArrayIndividual@7813cb11[genotype={0.0,0.040154592753147075,0.03340502114747034,0.0,0.9675570090708944,0.019067700555371447,0.9783065470168978,0.024951226386106973,0.0,0.0,0.0,1.9801662482085538,0.0,0.0,2.0311163035711166,1.0075492070338652,0.0,0.9192262878414027,0.0,1.0195682311620908,0.0,0.0,0.0,0.05057456489243383,0.0,0.0,1.0006245375917524,1.0143948833841243,0.0,0.0},fitness=net.sf.jclec.fitness.SimpleValueFitness@21005f6c[value=18.062936074718593]]
Worst individual: net.sf.jclec.realarray.RealArrayIndividual@56ace400[genotype={0.0,0.040154592753147075,0.03340502114747034,0.0,1.4813665078458862,0.026931906111257363,0.9783065470168978,0.02824985605489848,0.988393794681325,0.0,0.0,1.9828180267926148,0.9983638248974651,0.0,2.0273044785609926,1.0075385606726504,0.0,0.9192262878414027,0.015713181688636425,0.9240245875371663,0.0,0.0,0.9918859190363882,0.05057456489243383,0.0,0.0,1.0006245375917524,1.0143948833841243,0.0,0.0},fitness=net.sf.jclec.fitness.SimpleValueFitness@305f7627[value=42.987096145478105]]
Median individual: net.sf.jclec.realarray.RealArrayIndividual@3f1c5af9[genotype={0.0,0.040154592753147075,0.03340502114747034,0.0,0.9675570090708944,0.013442406708737814,1.000824788739674,0.024951226386106973,0.0,0.0,0.0,1.9801662482085538,0.9983638248974651,0.0,2.0311163035711166,1.0042150388397668,0.0,0.9192262878414027,0.0,1.9902060091342089,0.0,0.0,0.9918085271159887,0.0,0.0,0.0,1.007019358911792,1.0143948833841243,0.03518994752190115,0.016861684984714187},fitness=net.sf.jclec.fitness.SimpleValueFitness@5ddabb18[value=22.643556218415632]]
Average fitness = 22.54338063154777
Fitness variance = 11.38394166500592
Generation 190 Report
Best individual: net.sf.jclec.realarray.RealArrayIndividual@165b8a71[genotype={0.0,0.0,0.0,0.0,0.9675570090708944,0.0,0.9783065470168978,0.0,0.0,0.0,0.0,1.9801662482085538,0.0,0.0,2.0311163035711166,1.0075385606726504,0.0,0.0,0.0,1.0195682311620908,0.0,0.0,0.0,0.0,0.0,0.0,1.0006245375917524,1.0030338423624356,0.0,0.016861684984714187},fitness=net.sf.jclec.fitness.SimpleValueFitness@2f058b8a[value=14.714531534751067]]
Worst individual: net.sf.jclec.realarray.RealArrayIndividual@76c7beb3[genotype={0.0,0.0,0.03340502114747034,0.0,0.9675570090708944,0.013442406708737814,1.000824788739674,0.02824985605489848,0.0,0.0,0.0,5.12,0.0,0.0,2.0311163035711166,1.0075492070338652,0.0,0.0,0.0,1.321890359747726,0.0,0.0,0.0,0.0,0.0,0.0,1.0006245375917524,1.0143948833841243,0.0,0.016861684984714187},fitness=net.sf.jclec.fitness.SimpleValueFitness@2cf92cc7[value=55.06628500103103]]
Median individual: net.sf.jclec.realarray.RealArrayIndividual@28a0fd6c[genotype={0.0,0.0,0.03340502114747034,0.0,0.9675570090708944,0.013442406708737814,1.000824788739674,0.024951226386106973,0.0,0.0,0.0,1.9801662482085538,0.0,0.0,2.0311163035711166,1.0075492070338652,0.0,0.9192262878414027,0.015713181688636425,1.0195682311620908,0.0,0.0,0.0,0.0,0.0,0.0,1.0006245375917524,1.0030338423624356,0.0,0.016861684984714187},fitness=net.sf.jclec.fitness.SimpleValueFitness@66629f63[value=17.200578607328623]]
Average fitness = 17.712014592068797
Fitness variance = 49.130838173245934
Generation 200 Report
Best individual: net.sf.jclec.realarray.RealArrayIndividual@7e70bd39[genotype={0.0,0.0,0.03340502114747034,0.0,0.9675570090708944,0.013442406708737814,1.000824788739674,0.0,0.0,0.0,0.0,0.0,0.0,0.0,0.0,0.0,0.0,0.0,0.0,0.0,0.0,0.0,0.0,0.0,0.0,0.0,1.0006245375917524,0.0,0.0,0.016861684984714187},fitness=net.sf.jclec.fitness.SimpleValueFitness@6de54b40[value=3.4590826425172967]]
Worst individual: net.sf.jclec.realarray.RealArrayIndividual@66ea1466[genotype={0.0,0.0,0.03340502114747034,0.0,0.9675570090708944,0.013442406708737814,1.000824788739674,0.02824985605489848,0.0,0.0,0.0,0.0,0.9983638248974651,0.0,0.0,0.32102526997977676,0.0,0.0,0.0,1.0195682311620908,0.0,0.0,0.0,0.0,0.0,0.0,1.0006245375917524,1.0143948833841243,0.0,0.016861684984714187},fitness=net.sf.jclec.fitness.SimpleValueFitness@3bffddff[value=21.218185886438377]]
Median individual: net.sf.jclec.realarray.RealArrayIndividual@7555b920[genotype={0.0,0.0,0.03340502114747034,0.0,0.9675570090708944,0.013442406708737814,0.9783065470168978,0.02824985605489848,0.0,0.0,0.0,0.0,0.0,0.0,0.0,0.0,0.0,0.0,0.0,1.0195682311620908,0.0,0.0,0.0,0.0,0.0,0.0,1.0006245375917524,1.0143948833841243,0.0,0.016861684984714187},fitness=net.sf.jclec.fitness.SimpleValueFitness@3591009c[value=5.849926444507716]]
Average fitness = 6.8176519794823
Fitness variance = 6.968415609032235
Generation 210 Report
Best individual: net.sf.jclec.realarray.RealArrayIndividual@486be205[genotype={0.0,0.0,0.0,0.0,0.0,0.0,1.000824788739674,0.0,0.0,0.0,0.0,0.0,0.0,0.0,0.0,0.0,0.0,0.0,0.0,0.0,0.0,0.0,0.0,0.0,0.0,0.0,0.0,0.0,0.0,0.016861684984714187},fitness=net.sf.jclec.fitness.SimpleValueFitness@74f7d1d2[value=1.0581381923141198]]
Worst individual: net.sf.jclec.realarray.RealArrayIndividual@fff25f1[genotype={0.0,0.0,0.0,0.0,0.0,0.013442406708737814,1.000824788739674,0.0,0.0,0.0,0.0,0.0,0.0,0.0,0.0,0.0,0.0,0.0,0.0,0.0,0.0,0.0,0.0,0.0,0.0,0.0,1.2732151308364261,0.0,0.0,0.016861684984714187},fitness=net.sf.jclec.fitness.SimpleValueFitness@263f04ca[value=14.1685255500942]]
Median individual: net.sf.jclec.realarray.RealArrayIndividual@5ea502e0[genotype={0.0,0.0,0.0,0.0,0.0,0.013442406708737814,1.000824788739674,0.0,0.0,0.0,0.0,0.0,0.0,0.0,0.0,0.0,0.0,0.0,0.0,0.0,0.0,0.0,0.0,0.0,0.0,0.0,1.0006245375917524,0.0,0.0,0.016861684984714187},fitness=net.sf.jclec.fitness.SimpleValueFitness@473b3b7a[value=2.0952925634562902]]
Average fitness = 2.1719267327820804
Fitness variance = 1.7231378554808447
Generation 220 Report
Best individual: net.sf.jclec.realarray.RealArrayIndividual@28a2a3e7[genotype={0.0,0.0,0.0,0.0,0.0,0.0,0.0,0.0,0.0,0.0,0.0,0.0,0.0,0.0,0.0,0.0,0.0,0.0,0.0,0.0,0.0,0.0,0.0,0.0,0.0,0.0,0.0,0.0,0.0,0.0},fitness=net.sf.jclec.fitness.SimpleValueFitness@10b3df93[value=0.0]]
Worst individual: net.sf.jclec.realarray.RealArrayIndividual@6a1ebcff[genotype={0.0,0.0,0.0,0.0,0.0,0.013442406708737814,0.0,0.0,0.0,0.0,0.0,0.0,0.0,0.0,0.0,0.0,0.0,0.0,0.0,0.0,0.0,0.0,0.0,0.0,0.0,0.0,0.0,0.0,0.0,0.016861684984714187},fitness=net.sf.jclec.fitness.SimpleValueFitness@50b0bc4c[value=0.0921815674452855]]
Median individual: net.sf.jclec.realarray.RealArrayIndividual@62577d6[genotype={0.0,0.0,0.0,0.0,0.0,0.0,0.0,0.0,0.0,0.0,0.0,0.0,0.0,0.0,0.0,0.0,0.0,0.0,0.0,0.0,0.0,0.0,0.0,0.0,0.0,0.0,0.0,0.0,0.0,0.0},fitness=net.sf.jclec.fitness.SimpleValueFitness@6b5f8707[value=0.0]]
Average fitness = 0.004762100111161338
Fitness variance = 2.345872090888768E-4
Generation 230 Report
Best individual: net.sf.jclec.realarray.RealArrayIndividual@5b43e173[genotype={0.0,0.0,0.0,0.0,0.0,0.0,0.0,0.0,0.0,0.0,0.0,0.0,0.0,0.0,0.0,0.0,0.0,0.0,0.0,0.0,0.0,0.0,0.0,0.0,0.0,0.0,0.0,0.0,0.0,0.0},fitness=net.sf.jclec.fitness.SimpleValueFitness@545f80bf[value=0.0]]
Worst individual: net.sf.jclec.realarray.RealArrayIndividual@5b43e173[genotype={0.0,0.0,0.0,0.0,0.0,0.0,0.0,0.0,0.0,0.0,0.0,0.0,0.0,0.0,0.0,0.0,0.0,0.0,0.0,0.0,0.0,0.0,0.0,0.0,0.0,0.0,0.0,0.0,0.0,0.0},fitness=net.sf.jclec.fitness.SimpleValueFitness@545f80bf[value=0.0]]
Median individual: net.sf.jclec.realarray.RealArrayIndividual@64d43929[genotype={0.0,0.0,0.0,0.0,0.0,0.0,0.0,0.0,0.0,0.0,0.0,0.0,0.0,0.0,0.0,0.0,0.0,0.0,0.0,0.0,0.0,0.0,0.0,0.0,0.0,0.0,0.0,0.0,0.0,0.0},fitness=net.sf.jclec.fitness.SimpleValueFitness@437ebf59[value=0.0]]
Average fitness = 0.0
Fitness variance = 0.0
Generation 240 Report
Best individual: net.sf.jclec.realarray.RealArrayIndividual@1059754c[genotype={0.0,0.0,0.0,0.0,0.0,0.0,0.0,0.0,0.0,0.0,0.0,0.0,0.0,0.0,0.0,0.0,0.0,0.0,0.0,0.0,0.0,0.0,0.0,0.0,0.0,0.0,0.0,0.0,0.0,0.0},fitness=net.sf.jclec.fitness.SimpleValueFitness@48e7b3d2[value=0.0]]
Worst individual: net.sf.jclec.realarray.RealArrayIndividual@1059754c[genotype={0.0,0.0,0.0,0.0,0.0,0.0,0.0,0.0,0.0,0.0,0.0,0.0,0.0,0.0,0.0,0.0,0.0,0.0,0.0,0.0,0.0,0.0,0.0,0.0,0.0,0.0,0.0,0.0,0.0,0.0},fitness=net.sf.jclec.fitness.SimpleValueFitness@48e7b3d2[value=0.0]]
Median individual: net.sf.jclec.realarray.RealArrayIndividual@701a32[genotype={0.0,0.0,0.0,0.0,0.0,0.0,0.0,0.0,0.0,0.0,0.0,0.0,0.0,0.0,0.0,0.0,0.0,0.0,0.0,0.0,0.0,0.0,0.0,0.0,0.0,0.0,0.0,0.0,0.0,0.0},fitness=net.sf.jclec.fitness.SimpleValueFitness@73aff8f1[value=0.0]]
Average fitness = 0.0
Fitness variance = 0.0
Generation 250 Report
Best individual: net.sf.jclec.realarray.RealArrayIndividual@464a4442[genotype={0.0,0.0,0.0,0.0,0.0,0.0,0.0,0.0,0.0,0.0,0.0,0.0,0.0,0.0,0.0,0.0,0.0,0.0,0.0,0.0,0.0,0.0,0.0,0.0,0.0,0.0,0.0,0.0,0.0,0.0},fitness=net.sf.jclec.fitness.SimpleValueFitness@3bc735b3[value=0.0]]
Worst individual: net.sf.jclec.realarray.RealArrayIndividual@464a4442[genotype={0.0,0.0,0.0,0.0,0.0,0.0,0.0,0.0,0.0,0.0,0.0,0.0,0.0,0.0,0.0,0.0,0.0,0.0,0.0,0.0,0.0,0.0,0.0,0.0,0.0,0.0,0.0,0.0,0.0,0.0},fitness=net.sf.jclec.fitness.SimpleValueFitness@3bc735b3[value=0.0]]
Median individual: net.sf.jclec.realarray.RealArrayIndividual@17ae7628[genotype={0.0,0.0,0.0,0.0,0.0,0.0,0.0,0.0,0.0,0.0,0.0,0.0,0.0,0.0,0.0,0.0,0.0,0.0,0.0,0.0,0.0,0.0,0.0,0.0,0.0,0.0,0.0,0.0,0.0,0.0},fitness=net.sf.jclec.fitness.SimpleValueFitness@6579c3d9[value=0.0]]
Average fitness = 0.0
Fitness variance = 0.0
Generation 260 Report
Best individual: net.sf.jclec.realarray.RealArrayIndividual@1ddd3478[genotype={0.0,0.0,0.0,0.0,0.0,0.0,0.0,0.0,0.0,0.0,0.0,0.0,0.0,0.0,0.0,0.0,0.0,0.0,0.0,0.0,0.0,0.0,0.0,0.0,0.0,0.0,0.0,0.0,0.0,0.0},fitness=net.sf.jclec.fitness.SimpleValueFitness@4d33940d[value=0.0]]
Worst individual: net.sf.jclec.realarray.RealArrayIndividual@10ec523c[genotype={0.0,0.0,0.0,0.0,0.0,0.0,0.0,0.0,0.0,0.0,0.0,0.0,0.0,0.0,0.0,0.0,0.0,0.0,0.0,0.0,5.12,0.0,0.0,0.0,0.0,0.0,0.0,0.0,0.0,0.0},fitness=net.sf.jclec.fitness.SimpleValueFitness@79767781[value=28.924713725785896]]
Median individual: net.sf.jclec.realarray.RealArrayIndividual@a7f0ab6[genotype={0.0,0.0,0.0,0.0,0.0,0.0,0.0,0.0,0.0,0.0,0.0,0.0,0.0,0.0,0.0,0.0,0.0,0.0,0.0,0.0,0.0,0.0,0.0,0.0,0.0,0.0,0.0,0.0,0.0,0.0},fitness=net.sf.jclec.fitness.SimpleValueFitness@42c2f48c[value=0.0]]
Average fitness = 0.28924713725785894
Fitness variance = 8.282726734774803
Generation 270 Report
Best individual: net.sf.jclec.realarray.RealArrayIndividual@393881f0[genotype={0.0,0.0,0.0,0.0,0.0,0.0,0.0,0.0,0.0,0.0,0.0,0.0,0.0,0.0,0.0,0.0,0.0,0.0,0.0,0.0,0.0,0.0,0.0,0.0,0.0,0.0,0.0,0.0,0.0,0.0},fitness=net.sf.jclec.fitness.SimpleValueFitness@4158debd[value=0.0]]
Worst individual: net.sf.jclec.realarray.RealArrayIndividual@2b4c3c29[genotype={0.0,0.0,0.0,0.0,0.0,0.0,0.0,0.0,0.0,5.12,0.0,0.0,0.0,0.0,0.0,0.0,0.0,0.0,0.0,0.0,0.0,0.0,0.0,0.0,0.0,0.0,0.0,0.0,0.0,0.0},fitness=net.sf.jclec.fitness.SimpleValueFitness@4cdd2c73[value=28.924713725785896]]
Median individual: net.sf.jclec.realarray.RealArrayIndividual@2b8bd14b[genotype={0.0,0.0,0.0,0.0,0.0,0.0,0.0,0.0,0.0,0.0,0.0,0.0,0.0,0.0,0.0,0.0,0.0,0.0,0.0,0.0,0.0,0.0,0.0,0.0,0.0,0.0,0.0,0.0,0.0,0.0},fitness=net.sf.jclec.fitness.SimpleValueFitness@5f303ecd[value=0.0]]
Average fitness = 0.28924713725785894
Fitness variance = 8.282726734774803
Generation 280 Report
Best individual: net.sf.jclec.realarray.RealArrayIndividual@336365bc[genotype={0.0,0.0,0.0,0.0,0.0,0.0,0.0,0.0,0.0,0.0,0.0,0.0,0.0,0.0,0.0,0.0,0.0,0.0,0.0,0.0,0.0,0.0,0.0,0.0,0.0,0.0,0.0,0.0,0.0,0.0},fitness=net.sf.jclec.fitness.SimpleValueFitness@4567e53d[value=0.0]]
Worst individual: net.sf.jclec.realarray.RealArrayIndividual@562457e1[genotype={0.0,0.0,0.0,0.0,0.0,0.0,0.0,0.0,0.0,0.0,0.0,0.0,0.0,0.0,0.0,0.0,0.0,0.0,0.0,0.0,0.0,0.0,0.0,0.0,0.0,0.0,0.0,0.0,0.0,5.12},fitness=net.sf.jclec.fitness.SimpleValueFitness@1a35993f[value=28.924713725785896]]
Median individual: net.sf.jclec.realarray.RealArrayIndividual@3350ebdd[genotype={0.0,0.0,0.0,0.0,0.0,0.0,0.0,0.0,0.0,0.0,0.0,0.0,0.0,0.0,0.0,0.0,0.0,0.0,0.0,0.0,0.0,0.0,0.0,0.0,0.0,0.0,0.0,0.0,0.0,0.0},fitness=net.sf.jclec.fitness.SimpleValueFitness@149f5761[value=0.0]]
Average fitness = 0.8677414117735769
Fitness variance = 24.346196765853207
Generation 290 Report
Best individual: net.sf.jclec.realarray.RealArrayIndividual@66bacdbc[genotype={0.0,0.0,0.0,0.0,0.0,0.0,0.0,0.0,0.0,0.0,0.0,0.0,0.0,0.0,0.0,0.0,0.0,0.0,0.0,0.0,0.0,0.0,0.0,0.0,0.0,0.0,0.0,0.0,0.0,0.0},fitness=net.sf.jclec.fitness.SimpleValueFitness@640dc4c6[value=0.0]]
Worst individual: net.sf.jclec.realarray.RealArrayIndividual@191a709b[genotype={0.0,0.0,0.0,0.0,0.0,0.0,0.0,0.0,5.12,0.0,0.0,0.0,0.0,0.0,0.0,0.0,0.0,0.0,0.0,0.0,0.0,0.0,0.0,0.0,0.0,0.0,0.0,0.0,0.0,0.0},fitness=net.sf.jclec.fitness.SimpleValueFitness@453d496b[value=28.924713725785896]]
Median individual: net.sf.jclec.realarray.RealArrayIndividual@4682eba5[genotype={0.0,0.0,0.0,0.0,0.0,0.0,0.0,0.0,0.0,0.0,0.0,0.0,0.0,0.0,0.0,0.0,0.0,0.0,0.0,0.0,0.0,0.0,0.0,0.0,0.0,0.0,0.0,0.0,0.0,0.0},fitness=net.sf.jclec.fitness.SimpleValueFitness@61fafb74[value=0.0]]
Average fitness = 1.1569885490314358
Fitness variance = 32.12694006215681
Generation 300 Report
Best individual: net.sf.jclec.realarray.RealArrayIndividual@21f8e55f[genotype={0.0,0.0,0.0,0.0,0.0,0.0,0.0,0.0,0.0,0.0,0.0,0.0,0.0,0.0,0.0,0.0,0.0,0.0,0.0,0.0,0.0,0.0,0.0,0.0,0.0,0.0,0.0,0.0,0.0,0.0},fitness=net.sf.jclec.fitness.SimpleValueFitness@7048535f[value=0.0]]
Worst individual: net.sf.jclec.realarray.RealArrayIndividual@2f1ea80d[genotype={0.0,0.0,0.0,0.0,0.0,0.0,0.0,0.0,5.12,0.0,0.0,0.0,5.12,0.0,0.0,0.0,0.0,0.0,0.0,0.0,0.0,0.0,0.0,0.0,0.0,0.0,0.0,0.0,0.0,0.0},fitness=net.sf.jclec.fitness.SimpleValueFitness@f1a45f8[value=57.84942745157179]]
Median individual: net.sf.jclec.realarray.RealArrayIndividual@661c46bc[genotype={0.0,0.0,0.0,0.0,0.0,0.0,0.0,0.0,0.0,0.0,0.0,0.0,0.0,0.0,0.0,0.0,0.0,0.0,0.0,0.0,0.0,0.0,0.0,0.0,0.0,0.0,0.0,0.0,0.0,0.0},fitness=net.sf.jclec.fitness.SimpleValueFitness@2b98b3bb[value=0.0]]
Average fitness = 1.1569885490314358
Fitness variance = 48.85972134453016
Generation 310 Report
Best individual: net.sf.jclec.realarray.RealArrayIndividual@25da615a[genotype={0.0,0.0,0.0,0.0,0.0,0.0,0.0,0.0,0.0,0.0,0.0,0.0,0.0,0.0,0.0,0.0,0.0,0.0,0.0,0.0,0.0,0.0,0.0,0.0,0.0,0.0,0.0,0.0,0.0,0.0},fitness=net.sf.jclec.fitness.SimpleValueFitness@7ee3d262[value=0.0]]
Worst individual: net.sf.jclec.realarray.RealArrayIndividual@396e6d9[genotype={0.0,0.0,0.0,0.0,0.0,0.0,0.0,0.0,0.0,0.0,0.0,0.0,0.0,0.0,0.0,0.0,0.0,0.0,0.0,0.0,0.0,0.0,0.0,0.0,0.0,0.0,0.0,5.12,0.0,0.0},fitness=net.sf.jclec.fitness.SimpleValueFitness@5acc9fdf[value=28.924713725785896]]
Median individual: net.sf.jclec.realarray.RealArrayIndividual@4b1a43d8[genotype={0.0,0.0,0.0,0.0,0.0,0.0,0.0,0.0,0.0,0.0,0.0,0.0,0.0,0.0,0.0,0.0,0.0,0.0,0.0,0.0,0.0,0.0,0.0,0.0,0.0,0.0,0.0,0.0,0.0,0.0},fitness=net.sf.jclec.fitness.SimpleValueFitness@73545b80[value=0.0]]
Average fitness = 2.0247299608050127
Fitness variance = 54.46520307412523
Generation 320 Report
Best individual: net.sf.jclec.realarray.RealArrayIndividual@4096aa05[genotype={0.0,0.0,0.0,0.0,0.0,0.0,0.0,0.0,0.0,0.0,0.0,0.0,0.0,0.0,0.0,0.0,0.0,0.0,0.0,0.0,0.0,0.0,0.0,0.0,0.0,0.0,0.0,0.0,0.0,0.0},fitness=net.sf.jclec.fitness.SimpleValueFitness@6c806c8b[value=0.0]]
Worst individual: net.sf.jclec.realarray.RealArrayIndividual@46d63dbb[genotype={0.0,0.0,0.0,0.0,0.0,0.0,0.0,0.0,5.12,0.0,0.0,0.0,0.0,0.0,0.0,0.0,5.12,0.0,0.0,0.0,0.0,0.0,0.0,0.0,0.0,0.0,0.0,0.0,0.0,0.0},fitness=net.sf.jclec.fitness.SimpleValueFitness@16a49a5d[value=57.84942745157179]]
Median individual: net.sf.jclec.realarray.RealArrayIndividual@715d6168[genotype={0.0,0.0,0.0,0.0,0.0,0.0,0.0,0.0,0.0,0.0,0.0,0.0,0.0,0.0,0.0,0.0,0.0,0.0,0.0,0.0,0.0,0.0,0.0,0.0,0.0,0.0,0.0,0.0,0.0,0.0},fitness=net.sf.jclec.fitness.SimpleValueFitness@6428591a[value=0.0]]
Average fitness = 2.3139770980628716
Fitness variance = 78.30941640150724
Generation 330 Report
Best individual: net.sf.jclec.realarray.RealArrayIndividual@37af1f93[genotype={0.0,0.0,0.0,0.0,0.0,0.0,0.0,0.0,0.0,0.0,0.0,0.0,0.0,0.0,0.0,0.0,0.0,0.0,0.0,0.0,0.0,0.0,0.0,0.0,0.0,0.0,0.0,0.0,0.0,0.0},fitness=net.sf.jclec.fitness.SimpleValueFitness@408e96d9[value=0.0]]
Worst individual: net.sf.jclec.realarray.RealArrayIndividual@71ad3d8a[genotype={0.0,0.0,5.12,0.0,0.0,0.0,0.0,0.0,0.0,0.0,0.0,0.0,0.0,0.0,5.12,0.0,0.0,0.0,0.0,0.0,0.0,0.0,0.0,0.0,0.0,0.0,0.0,0.0,0.0,0.0},fitness=net.sf.jclec.fitness.SimpleValueFitness@700f518a[value=57.84942745157179]]
Median individual: net.sf.jclec.realarray.RealArrayIndividual@6c15e8c7[genotype={0.0,0.0,0.0,0.0,0.0,0.0,0.0,0.0,0.0,0.0,0.0,0.0,0.0,0.0,0.0,0.0,0.0,0.0,0.0,0.0,0.0,0.0,0.0,0.0,0.0,0.0,0.0,0.0,0.0,0.0},fitness=net.sf.jclec.fitness.SimpleValueFitness@64f1fd08[value=0.0]]
Average fitness = 2.0247299608050127
Fitness variance = 71.19798435649857
Generation 340 Report
Best individual: net.sf.jclec.realarray.RealArrayIndividual@3f702946[genotype={0.0,0.0,0.0,0.0,0.0,0.0,0.0,0.0,0.0,0.0,0.0,0.0,0.0,0.0,0.0,0.0,0.0,0.0,0.0,0.0,0.0,0.0,0.0,0.0,0.0,0.0,0.0,0.0,0.0,0.0},fitness=net.sf.jclec.fitness.SimpleValueFitness@1000d54d[value=0.0]]
Worst individual: net.sf.jclec.realarray.RealArrayIndividual@782be4eb[genotype={0.0,0.0,0.0,0.0,0.0,0.0,0.0,0.0,0.0,0.0,0.0,0.0,0.0,0.0,0.0,0.0,0.0,0.0,0.0,0.0,5.12,0.0,5.12,0.0,0.0,0.0,5.12,0.0,0.0,0.0},fitness=net.sf.jclec.fitness.SimpleValueFitness@34d4860f[value=86.77414117735769]]
Median individual: net.sf.jclec.realarray.RealArrayIndividual@5b22d8a1[genotype={0.0,0.0,0.0,0.0,0.0,0.0,0.0,0.0,0.0,0.0,0.0,0.0,0.0,0.0,0.0,0.0,0.0,0.0,0.0,0.0,0.0,0.0,0.0,0.0,0.0,0.0,0.0,0.0,0.0,0.0},fitness=net.sf.jclec.fitness.SimpleValueFitness@59ed3e6c[value=0.0]]
Average fitness = 3.181718509836449
Fitness variance = 165.57087078908418
Generation 350 Report
Best individual: net.sf.jclec.realarray.RealArrayIndividual@4339baec[genotype={0.0,0.0,0.0,0.0,0.0,0.0,0.0,0.0,0.0,0.0,0.0,0.0,0.0,0.0,0.0,0.0,0.0,0.0,0.0,0.0,0.0,0.0,0.0,0.0,0.0,0.0,0.0,0.0,0.0,0.0},fitness=net.sf.jclec.fitness.SimpleValueFitness@61cd1c71[value=0.0]]
Worst individual: net.sf.jclec.realarray.RealArrayIndividual@35d5ac51[genotype={0.0,0.0,0.0,0.0,0.0,0.0,5.12,5.12,0.0,0.0,0.0,0.0,0.0,0.0,0.0,0.0,0.0,0.0,0.0,0.0,0.0,0.0,0.0,0.0,0.0,0.0,0.0,0.0,0.0,0.0},fitness=net.sf.jclec.fitness.SimpleValueFitness@2a3194c6[value=57.84942745157179]]
Median individual: net.sf.jclec.realarray.RealArrayIndividual@a66e580[genotype={0.0,0.0,0.0,0.0,0.0,0.0,0.0,0.0,0.0,0.0,0.0,0.0,0.0,0.0,0.0,0.0,0.0,0.0,0.0,0.0,0.0,0.0,0.0,0.0,0.0,0.0,0.0,0.0,0.0,0.0},fitness=net.sf.jclec.fitness.SimpleValueFitness@cdb2d95[value=0.0]]
Average fitness = 3.7602127843521673
Fitness variance = 111.35665943419454
Generation 360 Report
Best individual: net.sf.jclec.realarray.RealArrayIndividual@53f4c1e6[genotype={0.0,0.0,0.0,0.0,0.0,0.0,0.0,0.0,0.0,0.0,0.0,0.0,0.0,0.0,0.0,0.0,0.0,0.0,0.0,0.0,0.0,0.0,0.0,0.0,0.0,0.0,0.0,0.0,0.0,0.0},fitness=net.sf.jclec.fitness.SimpleValueFitness@6342d610[value=0.0]]
Worst individual: net.sf.jclec.realarray.RealArrayIndividual@5a6fa56e[genotype={0.0,0.0,5.12,0.0,0.0,5.12,0.0,0.0,0.0,0.0,0.0,0.0,0.0,0.0,0.0,0.0,0.0,0.0,0.0,0.0,0.0,0.0,0.0,0.0,0.0,0.0,0.0,0.0,0.0,0.0},fitness=net.sf.jclec.fitness.SimpleValueFitness@118ffcfd[value=57.84942745157179]]
Median individual: net.sf.jclec.realarray.RealArrayIndividual@74ea46e2[genotype={0.0,0.0,0.0,0.0,0.0,0.0,0.0,0.0,0.0,0.0,0.0,0.0,0.0,0.0,0.0,0.0,0.0,0.0,0.0,0.0,0.0,0.0,0.0,0.0,0.0,0.0,0.0,0.0,0.0,0.0},fitness=net.sf.jclec.fitness.SimpleValueFitness@f1d0004[value=0.0]]
Average fitness = 3.181718509836449
Fitness variance = 148.83808950671082
Generation 370 Report
Best individual: net.sf.jclec.realarray.RealArrayIndividual@1afd72ef[genotype={0.0,0.0,0.0,0.0,0.0,0.0,0.0,0.0,0.0,0.0,0.0,0.0,0.0,0.0,0.0,0.0,0.0,0.0,0.0,0.0,0.0,0.0,0.0,0.0,0.0,0.0,0.0,0.0,0.0,0.0},fitness=net.sf.jclec.fitness.SimpleValueFitness@445bb139[value=0.0]]
Worst individual: net.sf.jclec.realarray.RealArrayIndividual@2eeb0f9b[genotype={0.0,0.0,0.0,0.0,0.0,0.0,5.12,0.0,0.0,0.0,0.0,0.0,0.0,0.0,0.0,0.0,0.0,0.0,0.0,0.0,0.0,0.0,0.0,0.0,0.0,0.0,0.0,0.0,0.0,0.0},fitness=net.sf.jclec.fitness.SimpleValueFitness@1645f294[value=28.924713725785896]]
Median individual: net.sf.jclec.realarray.RealArrayIndividual@5ad5be4a[genotype={0.0,0.0,0.0,0.0,0.0,0.0,0.0,0.0,0.0,0.0,0.0,0.0,0.0,0.0,0.0,0.0,0.0,0.0,0.0,0.0,0.0,0.0,0.0,0.0,0.0,0.0,0.0,0.0,0.0,0.0},fitness=net.sf.jclec.fitness.SimpleValueFitness@737d100a[value=0.0]]
Average fitness = 4.049459921610026
Fitness variance = 100.73134331988747
Generation 380 Report
Best individual: net.sf.jclec.realarray.RealArrayIndividual@21ba2445[genotype={0.0,0.0,0.0,0.0,0.0,0.0,0.0,0.0,0.0,0.0,0.0,0.0,0.0,0.0,0.0,0.0,0.0,0.0,0.0,0.0,0.0,0.0,0.0,0.0,0.0,0.0,0.0,0.0,0.0,0.0},fitness=net.sf.jclec.fitness.SimpleValueFitness@3c3820bb[value=0.0]]
Worst individual: net.sf.jclec.realarray.RealArrayIndividual@7d0d91a1[genotype={0.0,0.0,0.0,0.0,0.0,0.0,5.12,0.0,0.0,0.0,0.0,0.0,0.0,0.0,0.0,0.0,0.0,0.0,0.0,0.0,0.0,0.0,0.0,0.0,5.12,0.0,0.0,0.0,0.0,0.0},fitness=net.sf.jclec.fitness.SimpleValueFitness@201c3cda[value=57.84942745157179]]
Median individual: net.sf.jclec.realarray.RealArrayIndividual@59ce792e[genotype={0.0,0.0,0.0,0.0,0.0,0.0,0.0,0.0,0.0,0.0,0.0,0.0,0.0,0.0,0.0,0.0,0.0,0.0,0.0,0.0,0.0,0.0,0.0,0.0,0.0,0.0,0.0,0.0,0.0,0.0},fitness=net.sf.jclec.fitness.SimpleValueFitness@404db674[value=0.0]]
Average fitness = 2.8924713725785898
Fitness variance = 92.03029705305337
Generation 390 Report
Best individual: net.sf.jclec.realarray.RealArrayIndividual@596a7f44[genotype={0.0,0.0,0.0,0.0,0.0,0.0,0.0,0.0,0.0,0.0,0.0,0.0,0.0,0.0,0.0,0.0,0.0,0.0,0.0,0.0,0.0,0.0,0.0,0.0,0.0,0.0,0.0,0.0,0.0,0.0},fitness=net.sf.jclec.fitness.SimpleValueFitness@2e09c51[value=0.0]]
Worst individual: net.sf.jclec.realarray.RealArrayIndividual@31e76a8d[genotype={0.0,0.0,0.0,0.0,0.0,0.0,5.12,0.0,0.0,0.0,0.0,5.12,0.0,0.0,0.0,0.0,0.0,0.0,0.0,0.0,0.0,0.0,0.0,0.0,0.0,0.0,0.0,0.0,0.0,0.0},fitness=net.sf.jclec.fitness.SimpleValueFitness@6dd1f638[value=57.84942745157179]]
Median individual: net.sf.jclec.realarray.RealArrayIndividual@38f77cd9[genotype={0.0,0.0,0.0,0.0,0.0,0.0,0.0,0.0,0.0,0.0,0.0,0.0,0.0,0.0,0.0,0.0,0.0,0.0,0.0,0.0,0.0,0.0,0.0,0.0,0.0,0.0,0.0,0.0,0.0,0.0},fitness=net.sf.jclec.fitness.SimpleValueFitness@6fbb4061[value=0.0]]
Average fitness = 2.6032242353207304
Fitness variance = 85.25352063369216
Generation 400 Report
Best individual: net.sf.jclec.realarray.RealArrayIndividual@35c9a231[genotype={0.0,0.0,0.0,0.0,0.0,0.0,0.0,0.0,0.0,0.0,0.0,0.0,0.0,0.0,0.0,0.0,0.0,0.0,0.0,0.0,0.0,0.0,0.0,0.0,0.0,0.0,0.0,0.0,0.0,0.0},fitness=net.sf.jclec.fitness.SimpleValueFitness@5626d18c[value=0.0]]
Worst individual: net.sf.jclec.realarray.RealArrayIndividual@c386958[genotype={0.0,0.0,0.0,5.12,0.0,0.0,0.0,0.0,0.0,0.0,0.0,0.0,0.0,0.0,0.0,0.0,0.0,0.0,0.0,0.0,5.12,0.0,0.0,0.0,5.12,0.0,0.0,0.0,0.0,0.0},fitness=net.sf.jclec.fitness.SimpleValueFitness@44d64d4e[value=86.77414117735769]]
Median individual: net.sf.jclec.realarray.RealArrayIndividual@2e766822[genotype={0.0,0.0,0.0,0.0,0.0,0.0,0.0,0.0,0.0,0.0,0.0,0.0,0.0,0.0,0.0,0.0,0.0,0.0,0.0,0.0,0.0,0.0,0.0,0.0,0.0,0.0,0.0,0.0,0.0,0.0},fitness=net.sf.jclec.fitness.SimpleValueFitness@28757abd[value=0.0]]
Average fitness = 4.338707058867885
Fitness variance = 223.80094965174342
Generation 410 Report
Best individual: net.sf.jclec.realarray.RealArrayIndividual@53c1179a[genotype={0.0,0.0,0.0,0.0,0.0,0.0,0.0,0.0,0.0,0.0,0.0,0.0,0.0,0.0,0.0,0.0,0.0,0.0,0.0,0.0,0.0,0.0,0.0,0.0,0.0,0.0,0.0,0.0,0.0,0.0},fitness=net.sf.jclec.fitness.SimpleValueFitness@5034f5dd[value=0.0]]
Worst individual: net.sf.jclec.realarray.RealArrayIndividual@24eeac69[genotype={0.0,0.0,0.0,0.0,0.0,0.0,5.12,0.0,0.0,0.0,0.0,0.0,0.0,0.0,0.0,5.12,0.0,0.0,0.0,0.0,0.0,0.0,0.0,0.0,0.0,5.12,0.0,0.0,0.0,0.0},fitness=net.sf.jclec.fitness.SimpleValueFitness@748f93bb[value=86.77414117735769]]
Median individual: net.sf.jclec.realarray.RealArrayIndividual@1756f7cc[genotype={0.0,0.0,0.0,0.0,0.0,0.0,0.0,0.0,0.0,0.0,0.0,0.0,0.0,0.0,0.0,0.0,0.0,0.0,0.0,0.0,0.0,0.0,0.0,0.0,0.0,0.0,0.0,0.0,0.0,0.0},fitness=net.sf.jclec.fitness.SimpleValueFitness@27df95e[value=0.0]]
Average fitness = 4.049459921610026
Fitness variance = 201.12803101412754
Generation 420 Report
Best individual: net.sf.jclec.realarray.RealArrayIndividual@7c37f145[genotype={0.0,0.0,0.0,0.0,0.0,0.0,0.0,0.0,0.0,0.0,0.0,0.0,0.0,0.0,0.0,0.0,0.0,0.0,0.0,0.0,0.0,0.0,0.0,0.0,0.0,0.0,0.0,0.0,0.0,0.0},fitness=net.sf.jclec.fitness.SimpleValueFitness@273a5a8a[value=0.0]]
Worst individual: net.sf.jclec.realarray.RealArrayIndividual@65fe2691[genotype={0.0,0.0,0.0,0.0,0.0,0.0,0.0,0.0,0.0,5.12,0.0,0.0,0.0,0.0,0.0,0.0,0.0,0.0,0.0,0.0,0.0,0.0,0.0,0.0,5.12,0.0,0.0,0.0,0.0,0.0},fitness=net.sf.jclec.fitness.SimpleValueFitness@57ad1178[value=57.84942745157179]]
Median individual: net.sf.jclec.realarray.RealArrayIndividual@5a545b0f[genotype={0.0,0.0,0.0,0.0,0.0,0.0,0.0,0.0,0.0,0.0,0.0,0.0,0.0,0.0,0.0,0.0,0.0,0.0,0.0,0.0,0.0,0.0,0.0,0.0,0.0,0.0,0.0,0.0,0.0,0.0},fitness=net.sf.jclec.fitness.SimpleValueFitness@124dac75[value=0.0]]
Average fitness = 4.627954196125745
Fitness variance = 162.6426340646688
Generation 430 Report
Best individual: net.sf.jclec.realarray.RealArrayIndividual@233db8e9[genotype={0.0,0.0,0.0,0.0,0.0,0.0,0.0,0.0,0.0,0.0,0.0,0.0,0.0,0.0,0.0,0.0,0.0,0.0,0.0,0.0,0.0,0.0,0.0,0.0,0.0,0.0,0.0,0.0,0.0,0.0},fitness=net.sf.jclec.fitness.SimpleValueFitness@18a19e[value=0.0]]
Worst individual: net.sf.jclec.realarray.RealArrayIndividual@cedee22[genotype={0.0,0.0,0.0,0.0,0.0,0.0,0.0,0.0,0.0,0.0,0.0,0.0,0.0,0.0,0.0,0.0,0.0,5.12,0.0,5.12,0.0,0.0,0.0,0.0,0.0,0.0,0.0,0.0,0.0,0.0},fitness=net.sf.jclec.fitness.SimpleValueFitness@5b47731f[value=57.84942745157179]]
Median individual: net.sf.jclec.realarray.RealArrayIndividual@47f04e4d[genotype={0.0,0.0,0.0,0.0,0.0,0.0,0.0,0.0,0.0,0.0,0.0,0.0,0.0,0.0,0.0,0.0,0.0,0.0,0.0,0.0,0.0,0.0,0.0,0.0,0.0,0.0,0.0,0.0,0.0,0.0},fitness=net.sf.jclec.fitness.SimpleValueFitness@388d14e[value=0.0]]
Average fitness = 3.181718509836449
Fitness variance = 132.1053082243375
Generation 440 Report
Best individual: net.sf.jclec.realarray.RealArrayIndividual@56c8e6f0[genotype={0.0,0.0,0.0,0.0,0.0,0.0,0.0,0.0,0.0,0.0,0.0,0.0,0.0,0.0,0.0,0.0,0.0,0.0,0.0,0.0,0.0,0.0,0.0,0.0,0.0,0.0,0.0,0.0,0.0,0.0},fitness=net.sf.jclec.fitness.SimpleValueFitness@58aa10f4[value=0.0]]
Worst individual: net.sf.jclec.realarray.RealArrayIndividual@75fd65c[genotype={0.0,0.0,0.0,0.0,0.0,0.0,0.0,0.0,0.0,0.0,5.12,5.12,0.0,0.0,0.0,0.0,0.0,0.0,0.0,0.0,0.0,0.0,0.0,0.0,0.0,0.0,0.0,5.12,0.0,0.0},fitness=net.sf.jclec.fitness.SimpleValueFitness@2ceca2ef[value=86.77414117735769]]
Median individual: net.sf.jclec.realarray.RealArrayIndividual@e09f1b6[genotype={0.0,0.0,0.0,0.0,0.0,0.0,0.0,0.0,0.0,0.0,0.0,0.0,0.0,0.0,0.0,0.0,0.0,0.0,0.0,0.0,0.0,0.0,0.0,0.0,0.0,0.0,0.0,0.0,0.0,0.0},fitness=net.sf.jclec.fitness.SimpleValueFitness@11b32a14[value=0.0]]
Average fitness = 9.255908392251486
Fitness variance = 433.04437958782205
Generation 450 Report
Best individual: net.sf.jclec.realarray.RealArrayIndividual@33e434c8[genotype={0.0,0.0,0.0,0.0,0.0,0.0,0.0,0.0,0.0,0.0,0.0,0.0,0.0,0.0,0.0,0.0,0.0,0.0,0.0,0.0,0.0,0.0,0.0,0.0,0.0,0.0,0.0,0.0,0.0,0.0},fitness=net.sf.jclec.fitness.SimpleValueFitness@664212ab[value=0.0]]
Worst individual: net.sf.jclec.realarray.RealArrayIndividual@4214ae8f[genotype={0.0,0.0,0.0,0.0,0.0,0.0,0.0,0.0,0.0,0.0,0.0,5.12,0.0,0.0,0.0,0.0,0.0,0.0,0.0,0.0,5.12,5.12,0.0,0.0,0.0,0.0,0.0,0.0,0.0,0.0},fitness=net.sf.jclec.fitness.SimpleValueFitness@22dc59b2[value=86.77414117735769]]
Median individual: net.sf.jclec.realarray.RealArrayIndividual@306c7bf6[genotype={0.0,0.0,0.0,0.0,0.0,0.0,0.0,0.0,0.0,0.0,0.0,0.0,0.0,0.0,0.0,0.0,0.0,0.0,0.0,0.0,0.0,0.0,0.0,0.0,0.0,0.0,0.0,0.0,0.0,0.0},fitness=net.sf.jclec.fitness.SimpleValueFitness@494c8f29[value=0.0]]
Average fitness = 6.941931294188615
Fitness variance = 403.5946845308449
Generation 460 Report
Best individual: net.sf.jclec.realarray.RealArrayIndividual@1a538ed8[genotype={0.0,0.0,0.0,0.0,0.0,0.0,0.0,0.0,0.0,0.0,0.0,0.0,0.0,0.0,0.0,0.0,0.0,0.0,0.0,0.0,0.0,0.0,0.0,0.0,0.0,0.0,0.0,0.0,0.0,0.0},fitness=net.sf.jclec.fitness.SimpleValueFitness@39dec536[value=0.0]]
Worst individual: net.sf.jclec.realarray.RealArrayIndividual@996a546[genotype={0.0,0.0,0.0,5.12,0.0,0.0,0.0,0.0,0.0,0.0,5.12,0.0,0.0,0.0,0.0,0.0,0.0,0.0,0.0,0.0,0.0,0.0,5.12,0.0,0.0,0.0,0.0,0.0,0.0,0.0},fitness=net.sf.jclec.fitness.SimpleValueFitness@545b5ed0[value=86.77414117735769]]
Median individual: net.sf.jclec.realarray.RealArrayIndividual@2921199d[genotype={0.0,0.0,0.0,0.0,0.0,0.0,0.0,0.0,0.0,0.0,0.0,0.0,0.0,0.0,0.0,0.0,0.0,0.0,0.0,0.0,0.0,0.0,0.0,0.0,0.0,0.0,0.0,0.0,0.0,0.0},fitness=net.sf.jclec.fitness.SimpleValueFitness@7f13811b[value=0.0]]
Average fitness = 5.495695607899321
Fitness variance = 245.88822094447622
Generation 470 Report
Best individual: net.sf.jclec.realarray.RealArrayIndividual@3dc40ab9[genotype={0.0,0.0,0.0,0.0,0.0,0.0,0.0,0.0,0.0,0.0,0.0,0.0,0.0,0.0,0.0,0.0,0.0,0.0,0.0,0.0,0.0,0.0,0.0,0.0,0.0,0.0,0.0,0.0,0.0,0.0},fitness=net.sf.jclec.fitness.SimpleValueFitness@6518fdfd[value=0.0]]
Worst individual: net.sf.jclec.realarray.RealArrayIndividual@151ab2b9[genotype={5.12,0.0,0.0,5.12,0.0,0.0,0.0,0.0,0.0,0.0,0.0,5.12,0.0,0.0,0.0,0.0,0.0,5.12,0.0,0.0,0.0,0.0,0.0,0.0,0.0,0.0,0.0,0.0,5.12,0.0},fitness=net.sf.jclec.fitness.SimpleValueFitness@4d705112[value=144.6235686289295]]
Median individual: net.sf.jclec.realarray.RealArrayIndividual@432af457[genotype={0.0,0.0,0.0,0.0,0.0,0.0,0.0,0.0,0.0,0.0,0.0,0.0,0.0,0.0,0.0,0.0,0.0,0.0,0.0,0.0,0.0,0.0,0.0,0.0,0.0,0.0,0.0,0.0,0.0,0.0},fitness=net.sf.jclec.fitness.SimpleValueFitness@519c6fcc[value=0.0]]
Average fitness = 10.991391215798641
Fitness variance = 632.164476848065
Generation 480 Report
Best individual: net.sf.jclec.realarray.RealArrayIndividual@5df7e31b[genotype={0.0,0.0,0.0,0.0,0.0,0.0,0.0,0.0,0.0,0.0,0.0,0.0,0.0,0.0,0.0,0.0,0.0,0.0,0.0,0.0,0.0,0.0,0.0,0.0,0.0,0.0,0.0,0.0,0.0,0.0},fitness=net.sf.jclec.fitness.SimpleValueFitness@4b425577[value=0.0]]
Worst individual: net.sf.jclec.realarray.RealArrayIndividual@64ae105d[genotype={0.0,0.0,0.0,0.0,0.0,5.12,0.0,0.0,0.0,0.0,0.0,0.0,5.12,0.0,0.0,0.0,0.0,0.0,0.0,0.0,0.0,0.0,5.12,0.0,0.0,0.0,0.0,0.0,0.0,0.0},fitness=net.sf.jclec.fitness.SimpleValueFitness@69364b2d[value=86.77414117735769]]
Median individual: net.sf.jclec.realarray.RealArrayIndividual@58eac00e[genotype={0.0,0.0,0.0,0.0,0.0,0.0,0.0,0.0,0.0,0.0,0.0,0.0,0.0,0.0,0.0,0.0,0.0,0.0,0.0,0.0,0.0,0.0,0.0,0.0,0.0,0.0,0.0,0.0,0.0,0.0},fitness=net.sf.jclec.fitness.SimpleValueFitness@61149fa5[value=0.0]]
Average fitness = 6.074189882415038
Fitness variance = 255.92788971390019
Generation 490 Report
Best individual: net.sf.jclec.realarray.RealArrayIndividual@498c535d[genotype={0.0,0.0,0.0,0.0,0.0,0.0,0.0,0.0,0.0,0.0,0.0,0.0,0.0,0.0,0.0,0.0,0.0,0.0,0.0,0.0,0.0,0.0,0.0,0.0,0.0,0.0,0.0,0.0,0.0,0.0},fitness=net.sf.jclec.fitness.SimpleValueFitness@4e424582[value=0.0]]
Worst individual: net.sf.jclec.realarray.RealArrayIndividual@58dad04a[genotype={0.0,0.0,0.0,0.0,0.0,0.0,0.0,0.0,5.12,0.0,0.0,0.0,0.0,0.0,0.0,0.0,0.0,0.0,0.0,0.0,0.0,0.0,0.0,0.0,0.0,0.0,0.0,0.0,5.12,5.12},fitness=net.sf.jclec.fitness.SimpleValueFitness@113ee1ce[value=86.77414117735769]]
Median individual: net.sf.jclec.realarray.RealArrayIndividual@677ce519[genotype={5.12,0.0,0.0,0.0,0.0,0.0,0.0,0.0,0.0,0.0,0.0,0.0,0.0,0.0,0.0,0.0,0.0,0.0,0.0,0.0,0.0,0.0,0.0,0.0,0.0,0.0,0.0,0.0,0.0,0.0},fitness=net.sf.jclec.fitness.SimpleValueFitness@7cfb0c4c[value=28.924713725785896]]
Average fitness = 5.206448470641463
Fitness variance = 240.6173948405286
Generation 500 Report
Best individual: net.sf.jclec.realarray.RealArrayIndividual@24876a7e[genotype={0.0,0.0,0.0,0.0,0.0,0.0,0.0,0.0,0.0,0.0,0.0,0.0,0.0,0.0,0.0,0.0,0.0,0.0,0.0,0.0,0.0,0.0,0.0,0.0,0.0,0.0,0.0,0.0,0.0,0.0},fitness=net.sf.jclec.fitness.SimpleValueFitness@5a1dddba[value=0.0]]
Worst individual: net.sf.jclec.realarray.RealArrayIndividual@17222c11[genotype={0.0,0.0,0.0,0.0,0.0,0.0,0.0,0.0,0.0,0.0,0.0,0.0,0.0,0.0,0.0,0.0,0.0,5.12,0.0,5.12,0.0,5.12,0.0,0.0,0.0,0.0,0.0,0.0,0.0,0.0},fitness=net.sf.jclec.fitness.SimpleValueFitness@25974207[value=86.77414117735769]]
Median individual: net.sf.jclec.realarray.RealArrayIndividual@2d28fb02[genotype={0.0,0.0,0.0,0.0,0.0,0.0,0.0,0.0,0.0,0.0,0.0,0.0,0.0,0.0,0.0,0.0,0.0,0.0,0.0,0.0,0.0,0.0,0.0,0.0,0.0,0.0,0.0,0.0,0.0,0.0},fitness=net.sf.jclec.fitness.SimpleValueFitness@402f8592[value=0.0]]
Average fitness = 9.25590839225149
Fitness variance = 382.8460357407019
