Wed Nov 21 15.59.49 CET 2018
Generation 0 Report
Best individual: net.sf.jclec.realarray.RealArrayIndividual@5d6f64b1[genotype={3.5846903585929786,5.024775417909852,1.2270987082204898,2.0374281079583842,0.018315158389525507,2.9959950953739423,2.392883132352474,0.8756369686375435,2.563156541114917,0.03716423374382951,1.7092534912597648,3.616059003685493,3.646153041561719,0.9277142658371662,2.7848741861275683,1.6067486175742778,2.0904599521124303,5.021529220120871,1.0972708047489845,1.4229508334813559,3.0558674834613857,4.733441486629287,0.7663287920017301,0.9485459800814168,2.184229819704272,2.144495002070035,3.217372068838001,2.4680630164511697,0.6567798841200364,1.5526532381777731},fitness=net.sf.jclec.fitness.SimpleValueFitness@22927a81[value=457.62921101418607]]
Worst individual: net.sf.jclec.realarray.RealArrayIndividual@759ebb3d[genotype={4.189287359458573,4.453347732809631,3.927100081194122,3.3218147420300417,3.4962441753617868,3.6644428918183825,4.48602125712625,4.2073418619610194,4.570445294976511,1.841096103305166,4.347662882097314,2.550622330091364,2.583952206469025,4.602572649997239,4.311971946466456,4.964588627233578,2.226438704617095,1.9234305882191396,2.2183623274819837,2.3342912475729434,3.9992950909629554,0.9395772522483078,1.0829043969629983,3.6368021287358925,0.21569388977491766,4.491091948373163,2.593628057600979,4.896890776114695,4.302418578114483,0.49681080980211867},fitness=net.sf.jclec.fitness.SimpleValueFitness@45fe3ee3[value=714.0413950844815]]
Median individual: net.sf.jclec.realarray.RealArrayIndividual@26f0a63f[genotype={3.662957734764963,0.4064064732697217,2.462311454175872,1.904306017804989,4.188896281452613,4.266106879164856,3.5328132161801524,2.472790270493897,3.5396881448419646,0.8501621263484944,0.11300004790266983,1.6915208204692764,1.326696396272233,1.1363327574509416,2.9931629281481578,1.7226095216111375,2.830134414087732,3.073097551184128,0.24273712342980505,0.8802292515347769,2.954365133702302,3.4143725586740823,1.6298073759847593,5.071149494586593,0.4736276803364588,0.10163188019245416,1.2312066819080505,3.823687812597886,2.190224540326651,3.641580165937353},fitness=net.sf.jclec.fitness.SimpleValueFitness@53bd815b[value=505.8219683168299]]
Average fitness = 559.7017720796031
Fitness variance = 2864.690528751409
Generation 10 Report
Best individual: net.sf.jclec.realarray.RealArrayIndividual@79b4d0f[genotype={2.032444837654254,0.2117487273710915,1.1047580400223345,0.8839692499773226,2.751783453128007,2.5483488419846583,1.8835279429741265,1.9358675792960427,2.2952799373627535,2.195776565319288,1.8836003197041573,2.3644758010651916,1.1794052064017368,0.8704598807126211,1.884028035494166,0.7737458201541786,0.7315327343058776,0.8829038598382679,1.068140299823674,1.1104628817915976,4.0730668629741675,0.9535346648716264,3.0321267072291223,0.2152691971325742,0.05848571936754893,2.144495002070035,1.0822541221917037,1.9622927723724084,0.8929276995852063,1.226073305646612},fitness=net.sf.jclec.fitness.SimpleValueFitness@79698539[value=242.409603136592]]
Worst individual: net.sf.jclec.realarray.RealArrayIndividual@65e579dc[genotype={1.2081717248249693,5.024775417909852,1.1047580400223345,0.6312320194224323,2.751783453128007,3.034309534284468,1.8835279429741265,1.8206528325415041,2.2952799373627535,4.755604086796959,1.8836003197041573,1.6566200588673716,1.1794052064017368,0.5031706184204411,4.41279758798566,0.16779045562317213,3.6991839248888647,0.8829038598382679,1.7928418481256392,0.9124872122566954,4.690379723599499,0.6439659580276715,4.909703185864855,4.822954194872001,0.05848571936754893,3.241298637521465,1.0822541221917037,2.023067260093814,1.9596428213190402,0.95881779184668},fitness=net.sf.jclec.fitness.SimpleValueFitness@b065c63[value=424.45823001119015]]
Median individual: net.sf.jclec.realarray.RealArrayIndividual@5a39699c[genotype={2.9415278855038935,0.22073184615002728,1.1047580400223345,0.8839692499773226,1.9503821117808904,2.0756372659898803,1.8835279429741265,2.820416083916381,0.1888457969639721,0.03716423374382951,1.8836003197041573,4.043545194212207,1.1794052064017368,0.17521878958494977,2.2213712129476013,0.6779626864208841,0.2133359871837942,0.8829038598382679,0.4014617337932099,2.152147640237145,3.0038835390589544,0.10485534238511156,3.0321267072291223,0.3408547404207296,4.990754461419971,1.1374601316538804,2.094526200163325,2.6519971449806383,1.9596428213190402,0.95881779184668},fitness=net.sf.jclec.fitness.SimpleValueFitness@56cbfb61[value=262.01114305680034]]
Average fitness = 309.26942459142333
Fitness variance = 1040.9797433700296
Generation 20 Report
Best individual: net.sf.jclec.realarray.RealArrayIndividual@4667ae56[genotype={2.032444837654254,0.2117487273710915,1.1047580400223345,0.8839692499773226,1.9503821117808904,0.011297838995835393,1.8835279429741265,1.9358675792960427,3.0652419854220705,1.9325672867141757,1.8836003197041573,4.043545194212207,1.0818960848436308,0.0724675594329059,1.884028035494166,0.04735350731639407,1.0211201507822047,0.8829038598382679,1.068140299823674,1.0770436175178235,3.0038835390589544,1.9617315993949243,1.0275880187691757,0.3408547404207296,1.0669786983326048,1.1374601316538804,0.05360456811924341,2.023067260093814,0.8929276995852063,0.95881779184668},fitness=net.sf.jclec.fitness.SimpleValueFitness@204f30ec[value=135.8305379734676]]
Worst individual: net.sf.jclec.realarray.RealArrayIndividual@2a2d45ba[genotype={1.002958147794102,0.9967524561763892,1.1047580400223345,1.159897057541043,1.9503821117808904,2.0756372659898803,1.8835279429741265,3.8263771185103272,2.2952799373627535,1.9325672867141757,1.8836003197041573,4.043545194212207,1.1794052064017368,0.8704598807126211,1.884028035494166,0.6779626864208841,0.7315327343058776,1.9349881318118975,2.1037410546549067,1.1104628817915976,4.0730668629741675,0.10485534238511156,1.0275880187691757,0.3408547404207296,0.05848571936754893,2.144495002070035,2.081298400864031,2.023067260093814,0.8929276995852063,1.226073305646612},fitness=net.sf.jclec.fitness.SimpleValueFitness@20e2cbe0[value=219.2041318653547]]
Median individual: net.sf.jclec.realarray.RealArrayIndividual@7cd62f43[genotype={1.002958147794102,2.0584603179280094,1.1047580400223345,0.8839692499773226,0.07414703523941361,2.0756372659898803,3.972315984755037,1.9358675792960427,0.1888457969639721,1.9325672867141757,1.8836003197041573,2.3614073395634048,1.1794052064017368,0.0724675594329059,1.884028035494166,0.6779626864208841,0.7315327343058776,0.8829038598382679,1.068140299823674,1.0770436175178235,1.4906112893242645,0.10485534238511156,1.0275880187691757,0.2152691971325742,0.05848571936754893,2.144495002070035,2.081298400864031,2.023067260093814,0.8929276995852063,0.95881779184668},fitness=net.sf.jclec.fitness.SimpleValueFitness@6093dd95[value=183.54385099924045]]
Average fitness = 177.33497001327044
Fitness variance = 219.2127510256687
Generation 30 Report
Best individual: net.sf.jclec.realarray.RealArrayIndividual@5f282abb[genotype={1.002958147794102,0.9967524561763892,1.1047580400223345,0.8839692499773226,0.07414703523941361,0.011297838995835393,1.8835279429741265,1.1538729670119712,0.0997074395207133,1.9325672867141757,1.8836003197041573,4.043545194212207,1.0818960848436308,0.0724675594329059,1.884028035494166,0.04735350731639407,1.0211201507822047,0.8829038598382679,1.068140299823674,1.0770436175178235,3.0038835390589544,0.062015422438110715,1.0275880187691757,0.2152691971325742,0.0510902217394758,1.1374601316538804,1.0822541221917037,2.023067260093814,0.024691549020476416,0.95881779184668},fitness=net.sf.jclec.fitness.SimpleValueFitness@1e965684[value=101.94355933205628]]
Worst individual: net.sf.jclec.realarray.RealArrayIndividual@43814d18[genotype={2.032444837654254,1.3706118691617752,1.1047580400223345,0.8839692499773226,1.9503821117808904,0.011297838995835393,1.8835279429741265,2.124815163488061,0.0997074395207133,1.9325672867141757,1.8836003197041573,4.043545194212207,1.793160566498834,0.8704598807126211,1.884028035494166,0.13653464159205986,1.3208698145660591,0.8829038598382679,1.068140299823674,1.0770436175178235,3.0038835390589544,0.10485534238511156,4.04262596290488,0.1806368963496083,1.0669786983326048,2.144495002070035,0.05360456811924341,2.023067260093814,0.8929276995852063,0.95881779184668},fitness=net.sf.jclec.fitness.SimpleValueFitness@3701eaf6[value=177.7860576779252]]
Median individual: net.sf.jclec.realarray.RealArrayIndividual@4b553d26[genotype={2.032444837654254,0.9967524561763892,1.1047580400223345,0.9943435916125937,1.9503821117808904,0.011297838995835393,1.8835279429741265,1.9358675792960427,0.0997074395207133,1.9325672867141757,1.8836003197041573,4.043545194212207,1.1794052064017368,0.0724675594329059,1.884028035494166,0.04735350731639407,1.0211201507822047,0.8829038598382679,2.1037410546549067,1.0770436175178235,2.954365133702302,0.9681126810732615,1.0275880187691757,0.2152691971325742,0.05848571936754893,1.1374601316538804,0.05360456811924341,2.023067260093814,0.8929276995852063,0.18595931413009836},fitness=net.sf.jclec.fitness.SimpleValueFitness@86be70a[value=120.58402215252593]]
Average fitness = 122.88420816165905
Fitness variance = 160.7574635732617
Generation 40 Report
Best individual: net.sf.jclec.realarray.RealArrayIndividual@5579bb86[genotype={1.002958147794102,0.9967524561763892,1.1047580400223345,0.8839692499773226,0.07414703523941361,0.011297838995835393,1.8835279429741265,0.9890113507015801,0.0997074395207133,1.9325672867141757,1.8836003197041573,3.0862766003554514,1.0818960848436308,0.0724675594329059,1.0659415440226243,0.04735350731639407,1.0211201507822047,0.9062333544736276,1.026990132323817,1.0770436175178235,3.0038835390589544,0.92947060406438,1.0275880187691757,0.2152691971325742,0.05848571936754893,1.1374601316538804,0.05360456811924341,1.9622927723724084,0.024691549020476416,0.95881779184668},fitness=net.sf.jclec.fitness.SimpleValueFitness@4fcd19b3[value=84.97266427450873]]
Worst individual: net.sf.jclec.realarray.RealArrayIndividual@954b04f[genotype={1.002958147794102,0.9967524561763892,1.1047580400223345,0.8839692499773226,0.07414703523941361,0.01121738082095908,2.068606831281955,1.9358675792960427,0.0997074395207133,1.6968350174973441,1.8836003197041573,4.043545194212207,1.0818960848436308,0.0724675594329059,1.884028035494166,0.04735350731639407,1.3252521070732004,0.9062333544736276,1.068140299823674,1.0770436175178235,3.0038835390589544,0.062015422438110715,1.0275880187691757,0.2152691971325742,0.0510902217394758,1.1374601316538804,0.05360456811924341,2.023067260093814,0.024691549020476416,0.95881779184668},fitness=net.sf.jclec.fitness.SimpleValueFitness@710726a3[value=123.8724325181756]]
Median individual: net.sf.jclec.realarray.RealArrayIndividual@1188e820[genotype={1.002958147794102,0.9967524561763892,1.1047580400223345,0.8839692499773226,1.9503821117808904,0.011297838995835393,1.8835279429741265,1.9358675792960427,0.0997074395207133,1.9325672867141757,1.8836003197041573,3.0862766003554514,1.0818960848436308,0.0724675594329059,1.0659415440226243,0.04735350731639407,1.0211201507822047,0.8829038598382679,1.068140299823674,1.0770436175178235,3.0038835390589544,0.92947060406438,1.0275880187691757,0.2152691971325742,0.0510902217394758,1.1374601316538804,0.05360456811924341,1.9622927723724084,0.8929276995852063,0.95881779184668},fitness=net.sf.jclec.fitness.SimpleValueFitness@101df177[value=96.13630857212252]]
Average fitness = 95.1374422424148
Fitness variance = 33.465448260065386
Generation 50 Report
Best individual: net.sf.jclec.realarray.RealArrayIndividual@23282c25[genotype={1.002958147794102,0.9967524561763892,0.9599001659990631,1.0204664200946896,0.04643545492946284,0.011297838995835393,2.068606831281955,0.9890113507015801,0.0997074395207133,1.9325672867141757,1.8836003197041573,3.0862766003554514,0.9374424794698945,0.05516742592944307,1.0659415440226243,0.04735350731639407,1.0211201507822047,0.9062333544736276,1.068140299823674,1.0770436175178235,3.0038835390589544,0.062015422438110715,1.0275880187691757,0.2152691971325742,0.05848571936754893,1.1374601316538804,0.04061931363777467,2.023067260093814,0.024691549020476416,0.95881779184668},fitness=net.sf.jclec.fitness.SimpleValueFitness@6b419da[value=77.48740511174643]]
Worst individual: net.sf.jclec.realarray.RealArrayIndividual@5d47c63f[genotype={1.002958147794102,0.9967524561763892,1.1047580400223345,1.0204664200946896,0.04643545492946284,0.011297838995835393,2.068606831281955,0.9890113507015801,0.0997074395207133,1.9325672867141757,1.8836003197041573,3.100000778573853,1.0818960848436308,0.30220908056026496,1.0659415440226243,0.04735350731639407,1.0211201507822047,0.8726240507905827,1.0841940564493264,1.0770436175178235,3.0038835390589544,0.062015422438110715,1.0275880187691757,0.2152691971325742,0.16784151706966424,1.1374601316538804,0.05360456811924341,1.9622927723724084,0.023811568785394227,0.95881779184668},fitness=net.sf.jclec.fitness.SimpleValueFitness@3bbc39f8[value=100.0331062003936]]
Median individual: net.sf.jclec.realarray.RealArrayIndividual@327b636c[genotype={1.002958147794102,0.9967524561763892,1.1047580400223345,1.0204664200946896,0.04643545492946284,0.011297838995835393,2.068606831281955,0.9890113507015801,0.0997074395207133,1.9325672867141757,1.8836003197041573,3.0862766003554514,1.0818960848436308,0.0724675594329059,1.0659415440226243,0.04735350731639407,1.0211201507822047,0.9062333544736276,1.068140299823674,1.0770436175178235,3.0038835390589544,0.062015422438110715,1.0275880187691757,0.2152691971325742,0.05848571936754893,1.1374601316538804,0.05360456811924341,1.9622927723724084,0.024691549020476416,0.95881779184668},fitness=net.sf.jclec.fitness.SimpleValueFitness@60611244[value=80.98168378817542]]
Average fitness = 81.32501783882998
Fitness variance = 7.879094840569451
Generation 60 Report
Best individual: net.sf.jclec.realarray.RealArrayIndividual@13e39c73[genotype={1.002958147794102,0.9967524561763892,0.9599001659990631,1.0204664200946896,0.04643545492946284,0.011297838995835393,2.034684124257683,0.9890113507015801,0.0997074395207133,1.9325672867141757,2.0038525897768418,3.0540897221189116,1.035164769902601,0.05516742592944307,0.9580542685804958,0.04735350731639407,1.0211201507822047,0.9062333544736276,0.9965588820009864,1.0770436175178235,3.0038835390589544,0.062015422438110715,1.0275880187691757,0.2152691971325742,0.05848571936754893,1.1374601316538804,0.04061931363777467,2.023067260093814,0.03792521541228895,0.95881779184668},fitness=net.sf.jclec.fitness.SimpleValueFitness@9225652[value=71.59298202767567]]
Worst individual: net.sf.jclec.realarray.RealArrayIndividual@5cee5251[genotype={1.002958147794102,0.9967524561763892,0.9599001659990631,1.0204664200946896,0.04643545492946284,0.011297838995835393,2.068606831281955,0.9890113507015801,0.0997074395207133,1.9325672867141757,1.9097837449922193,3.100000778573853,1.0818960848436308,0.05516742592944307,1.074988334650436,0.04735350731639407,1.0211201507822047,0.9062333544736276,0.9965588820009864,1.0770436175178235,3.0038835390589544,0.062015422438110715,1.0275880187691757,0.2152691971325742,0.05848571936754893,1.1374601316538804,0.05360456811924341,1.9730546270469937,0.024691549020476416,0.95881779184668},fitness=net.sf.jclec.fitness.SimpleValueFitness@5c909414[value=77.27077126796061]]
Median individual: net.sf.jclec.realarray.RealArrayIndividual@76508ed1[genotype={1.002958147794102,0.9967524561763892,0.9599001659990631,1.0204664200946896,0.04643545492946284,0.011297838995835393,2.0093019787287694,0.9890113507015801,0.0997074395207133,1.9325672867141757,1.8836003197041573,3.0540897221189116,0.9374424794698945,0.05516742592944307,1.0659415440226243,0.04735350731639407,1.0211201507822047,0.9062333544736276,0.9942767435702627,1.0770436175178235,3.0038835390589544,0.06149079901672541,1.0275880187691757,0.2152691971325742,0.05848571936754893,1.1374601316538804,0.05360456811924341,2.023067260093814,0.03792521541228895,0.95881779184668},fitness=net.sf.jclec.fitness.SimpleValueFitness@15c43bd9[value=74.62993223661678]]
Average fitness = 74.89605508873588
Fitness variance = 1.5375120181670354
Generation 70 Report
Best individual: net.sf.jclec.realarray.RealArrayIndividual@7c7a06ec[genotype={1.002958147794102,0.9967524561763892,0.9599001659990631,1.0204664200946896,0.04643545492946284,0.011060309202494888,2.0093019787287694,1.004142227813157,0.0997074395207133,1.9325672867141757,2.0038525897768418,3.0568646342041035,1.035164769902601,0.05516742592944307,0.9663743256892124,0.04735350731639407,1.0078033462146683,0.9062333544736276,0.9965588820009864,1.0491722980840206,3.0038835390589544,0.06184168374801971,1.01559635240305,0.2095741100711492,0.05848571936754893,1.1374601316538804,0.04061931363777467,2.023067260093814,0.024691549020476416,0.95881779184668},fitness=net.sf.jclec.fitness.SimpleValueFitness@557caf28[value=69.76733929778217]]
Worst individual: net.sf.jclec.realarray.RealArrayIndividual@22fcf7ab[genotype={1.002958147794102,0.9761946979981418,0.9599001659990631,1.0204664200946896,0.07114334900592735,0.011060309202494888,2.0093019787287694,0.9890113507015801,0.0997074395207133,1.9226558661509807,2.0038525897768418,3.0540897221189116,1.0540139333003637,0.05516742592944307,0.9580542685804958,0.04735350731639407,1.020028553192244,0.9062333544736276,0.9965588820009864,1.060624187776677,3.0038835390589544,0.062015422438110715,1.0275880187691757,0.2152691971325742,0.05848571936754893,1.1374601316538804,0.04061931363777467,2.023067260093814,0.03792521541228895,0.95881779184668},fitness=net.sf.jclec.fitness.SimpleValueFitness@63475ace[value=72.02529567171891]]
Median individual: net.sf.jclec.realarray.RealArrayIndividual@c730b35[genotype={1.002958147794102,0.9967524561763892,0.9599001659990631,1.0204664200946896,0.04643545492946284,0.011297838995835393,2.0093019787287694,0.9890113507015801,0.0997074395207133,1.9325672867141757,1.9933998536613065,3.0540897221189116,1.035164769902601,0.0724675594329059,0.9580542685804958,0.04735350731639407,1.0211201507822047,0.9062333544736276,0.9965588820009864,1.060624187776677,3.0038835390589544,0.062015422438110715,1.0275880187691757,0.2152691971325742,0.05848571936754893,1.1374601316538804,0.04061931363777467,2.023067260093814,0.024691549020476416,0.95881779184668},fitness=net.sf.jclec.fitness.SimpleValueFitness@292b08d6[value=71.03043528049128]]
Average fitness = 70.927305891563
Fitness variance = 0.16748502191057923
Generation 80 Report
Best individual: net.sf.jclec.realarray.RealArrayIndividual@3246fb96[genotype={1.002958147794102,0.9967205315094656,0.9599001659990631,1.0204664200946896,0.04643545492946284,0.011060309202494888,2.0093019787287694,1.0026753135145943,0.0997074395207133,1.9325672867141757,1.9969590513530753,3.0520685534422967,1.035164769902601,0.05516742592944307,0.9663743256892124,0.04735350731639407,1.0078033462146683,0.9198976171685213,0.9965588820009864,1.0491722980840206,2.988898645456134,0.062015422438110715,1.01559635240305,0.2095741100711492,0.05848571936754893,1.1374601316538804,0.04061931363777467,1.9730546270469937,0.024691549020476416,0.95881779184668},fitness=net.sf.jclec.fitness.SimpleValueFitness@61386958[value=68.95636667664189]]
Worst individual: net.sf.jclec.realarray.RealArrayIndividual@32910148[genotype={1.002958147794102,0.9967524561763892,0.9599001659990631,1.0204664200946896,0.047507581211760797,0.011060309202494888,2.0093019787287694,1.0026753135145943,0.0997074395207133,1.9325672867141757,1.9969590513530753,3.0540897221189116,1.035164769902601,0.05516742592944307,0.9663743256892124,0.04735350731639407,1.008263549976748,0.9116745300992104,0.9965588820009864,1.0491722980840206,3.0038835390589544,0.062015422438110715,1.0275880187691757,0.2152691971325742,0.05848571936754893,1.1374601316538804,0.04061931363777467,1.9730546270469937,0.024691549020476416,0.95881779184668},fitness=net.sf.jclec.fitness.SimpleValueFitness@2b4bac49[value=69.82325234736803]]
Median individual: net.sf.jclec.realarray.RealArrayIndividual@3cc1435c[genotype={1.002958147794102,0.9967524561763892,0.9599001659990631,1.0188380947545177,0.046279740024678696,0.011294857811894371,2.0093019787287694,1.0026753135145943,0.0997074395207133,1.9325672867141757,1.9938345008399605,3.0520685534422967,1.035164769902601,0.05516742592944307,0.9663743256892124,0.04735350731639407,1.0206875610018156,0.9086356615370251,0.9965588820009864,1.0491722980840206,2.988898645456134,0.062015422438110715,1.01559635240305,0.2095741100711492,0.05844035574241461,1.1374601316538804,0.04061931363777467,1.9720992312540222,0.024685473433520292,0.95881779184668},fitness=net.sf.jclec.fitness.SimpleValueFitness@dd0c991[value=69.37814038712725]]
Average fitness = 69.37829277198476
Fitness variance = 0.03078250575981656
Generation 90 Report
Best individual: net.sf.jclec.realarray.RealArrayIndividual@57cf54e1[genotype={1.002958147794102,0.9967739282438505,0.9599001659990631,1.0204664200946896,0.04643545492946284,0.011297838995835393,2.0093019787287694,1.0025164659703607,0.0997074395207133,1.9325672867141757,1.9938345008399605,3.046904760153428,1.035164769902601,0.05516742592944307,0.9663743256892124,0.04735350731639407,1.008263549976748,0.9198976171685213,0.9965588820009864,1.0491722980840206,2.988898645456134,0.062015422438110715,1.01559635240305,0.2095741100711492,0.05848571936754893,1.1351677304261176,0.04061931363777467,1.9730546270469937,0.024691549020476416,0.9613769769040109},fitness=net.sf.jclec.fitness.SimpleValueFitness@37d4349f[value=68.67280267274919]]
Worst individual: net.sf.jclec.realarray.RealArrayIndividual@73e9cf30[genotype={1.003019126761786,0.9967524561763892,0.9599001659990631,1.0204664200946896,0.04750287282359299,0.011297838995835393,2.00985564992389,1.0036829426845912,0.0997074395207133,1.9325672867141757,1.9969590513530753,3.0540897221189116,1.035164769902601,0.05516742592944307,0.9663743256892124,0.04735350731639407,1.0078033462146683,0.9198976171685213,0.9965588820009864,1.0492715967131327,2.988898645456134,0.062015422438110715,1.01559635240305,0.2095741100711492,0.05848571936754893,1.1351677304261176,0.04061931363777467,1.9730546270469937,0.024691549020476416,0.9613589680882912},fitness=net.sf.jclec.fitness.SimpleValueFitness@2d52216b[value=68.89209212423584]]
Median individual: net.sf.jclec.realarray.RealArrayIndividual@4f2b503c[genotype={1.0033271946346987,0.9967524561763892,0.9599001659990631,1.0204664200946896,0.046279740024678696,0.011297838995835393,2.0093019787287694,1.0036829426845912,0.0997074395207133,1.9325672867141757,1.9969590513530753,3.046904760153428,1.035164769902601,0.05516742592944307,0.9663743256892124,0.04735350731639407,1.0078033462146683,0.9198976171685213,0.9965588820009864,1.0491722980840206,2.9897038982247994,0.06184168374801971,1.01559635240305,0.2095741100711492,0.05848571936754893,1.1351677304261176,0.04061931363777467,1.9730546270469937,0.024691549020476416,0.9613589680882912},fitness=net.sf.jclec.fitness.SimpleValueFitness@209da20d[value=68.67682470050258]]
Average fitness = 68.73882752599579
Fitness variance = 0.003270245790190529
Generation 100 Report
Best individual: net.sf.jclec.realarray.RealArrayIndividual@247310d0[genotype={1.002958147794102,0.9967205315094656,0.9599001659990631,1.0204664200946896,0.046279740024678696,0.011060309202494888,2.0093019787287694,1.0025164659703607,0.09967924805850169,1.9325672867141757,1.9969590001905855,3.046858069613198,1.0351745959103278,0.05516742592944307,0.9663743256892124,0.04735350731639407,1.0078033462146683,0.9200454475695996,0.9965588820009864,1.0491722980840206,2.988898645456134,0.06184168374801971,1.01559635240305,0.2095741100711492,0.05848099100904656,1.1351677304261176,0.04061931363777467,1.9730546270469937,0.024691549020476416,0.9613589680882912},fitness=net.sf.jclec.fitness.SimpleValueFitness@303cf2ba[value=68.66303174295005]]
Worst individual: net.sf.jclec.realarray.RealArrayIndividual@53fb3dab[genotype={1.002958147794102,0.9966951954266453,0.9599001659990631,1.0204664200946896,0.046279740024678696,0.011060309202494888,2.0093019787287694,1.0026753135145943,0.0997074395207133,1.9325672867141757,1.9969590513530753,3.046904760153428,1.035164769902601,0.05516742592944307,0.9663743256892124,0.04735350731639407,1.0078033462146683,0.9198976171685213,0.9965588820009864,1.0491722980840206,2.988898645456134,0.062015422438110715,1.01559635240305,0.20958914846596954,0.05848571936754893,1.1351677304261176,0.04061931363777467,1.972898591708251,0.024691549020476416,0.9613589680882912},fitness=net.sf.jclec.fitness.SimpleValueFitness@33065d67[value=68.67595629319698]]
Median individual: net.sf.jclec.realarray.RealArrayIndividual@5386659f[genotype={1.002958147794102,0.9967739282438505,0.9599001659990631,1.0204664200946896,0.046279740024678696,0.011297838995835393,2.0093019787287694,1.0026753135145943,0.09967924805850169,1.9325672867141757,1.9969590513530753,3.046904760153428,1.035164769902601,0.05516742592944307,0.9663743256892124,0.04735350731639407,1.0078033462146683,0.9200454410277231,0.9965588820009864,1.0491722980840206,2.988898645456134,0.06184168374801971,1.01559635240305,0.2095741100711492,0.05848571936754893,1.1351677304261176,0.04061931363777467,1.9730546270469937,0.024691549020476416,0.9613585974500056},fitness=net.sf.jclec.fitness.SimpleValueFitness@cecf639[value=68.66569673318837]]
Average fitness = 68.66824391504616
Fitness variance = 5.110634447191842E-6
Generation 110 Report
Best individual: net.sf.jclec.realarray.RealArrayIndividual@5340477f[genotype={1.0029581449431542,0.9967205315094656,0.9599001659990631,1.0204664200946896,0.046279740024678696,0.011060309202494888,2.0093019787287694,1.0025164659703607,0.09967924805850169,1.9325672867141757,1.9969590513530753,3.046858069613198,1.035164769902601,0.05516580392920302,0.9663743256892124,0.04735350731639407,1.0078033462146683,0.9200454475695996,0.9965589101217962,1.0491722980840206,2.988898645456134,0.06184168374801971,1.01559635240305,0.2095741100711492,0.058392833463157386,1.1351677304261176,0.04061931363777467,1.9731425056722687,0.024691549020476416,0.9613589680882912},fitness=net.sf.jclec.fitness.SimpleValueFitness@7139992f[value=68.66026065463012]]
Worst individual: net.sf.jclec.realarray.RealArrayIndividual@c05fddc[genotype={1.002958147794102,0.9967205315094656,0.9599001659990631,1.0204664200946896,0.046279740024678696,0.011060309202494888,2.0093019787287694,1.0025164659703607,0.09967924805850169,1.9325672867141757,1.9969590513530753,3.046858069613198,1.035164769902601,0.05516742592944307,0.9663743256892124,0.04735350731639407,1.0077964824812016,0.9200077936335601,0.9965589101217962,1.0491722980840206,2.988898645456134,0.06184168374801971,1.01559635240305,0.2095741100711492,0.05848099100904656,1.1351677304261176,0.04061931363777467,1.9731425007866228,0.024691549020476416,0.9612917990463898},fitness=net.sf.jclec.fitness.SimpleValueFitness@4d15107f[value=68.66421571320166]]
Median individual: net.sf.jclec.realarray.RealArrayIndividual@10289886[genotype={1.002958147794102,0.9967524561763892,0.9599001659990631,1.0204664200946896,0.046279740024678696,0.011060309202494888,2.0093019787287694,1.0025164659703607,0.09967924805850169,1.9325672867141757,1.9969590513530753,3.046858069613198,1.035164769902601,0.05516742592944307,0.9663743256892124,0.04735350731639407,1.0078033462146683,0.9200454475695996,0.9965588820009864,1.0491722980840206,2.988898645456134,0.06184168374801971,1.01559635240305,0.2095741100711492,0.05848099100904656,1.1351677304261176,0.04061931363777467,1.9731425007866228,0.024691549020476416,0.9613585974500056},fitness=net.sf.jclec.fitness.SimpleValueFitness@461ad730[value=68.66232158301477]]
Average fitness = 68.66222436308526
Fitness variance = 1.7612092051422223E-7
Generation 120 Report
Best individual: net.sf.jclec.realarray.RealArrayIndividual@13bc8645[genotype={1.0029581449431542,0.9966975787261511,0.9599001659990631,1.0204664200946896,0.04627971616826212,0.011060309202494888,2.0093019787287694,1.0024173295451857,0.09967924805850169,1.9325672867141757,1.9969590513530753,3.046801510781671,1.035164769902601,0.055163891251739934,0.9663743256892124,0.047342199821441645,1.0074939807366032,0.9200454475695996,0.9965216271373674,1.0491722980840206,2.988898645456134,0.06184168374801971,1.01559635240305,0.20948500444431545,0.05844146794013711,1.1322446530590715,0.04061931363777467,1.9731425056722687,0.024544150956984187,0.9613589680882912},fitness=net.sf.jclec.fitness.SimpleValueFitness@93081b6[value=68.50755375978308]]
Worst individual: net.sf.jclec.realarray.RealArrayIndividual@2a7ed1f[genotype={1.0029581449431542,0.9966975787261511,0.9593573685960332,1.0204664200946896,0.046279740024678696,0.010852445356463137,2.0093019787287694,1.0025164659703607,0.09967924805850169,1.9325672867141757,1.9969590513530753,3.0468987178344134,1.035164769902601,0.05516580392920302,0.9629786914711563,0.04735350731639407,1.0078033462146683,0.9200454475695996,0.9965216271373674,1.0491722980840206,2.9892336326867572,0.06184168374801971,1.01559635240305,0.2089963520558298,0.05798837491872403,1.1351677304261176,0.04061931363777467,1.9731425056722687,0.024690074831929948,0.9604599566955655},fitness=net.sf.jclec.fitness.SimpleValueFitness@2cb2fc20[value=68.67629231591638]]
Median individual: net.sf.jclec.realarray.RealArrayIndividual@27508c5d[genotype={1.002958147794102,0.9966951954266453,0.9599001659990631,1.0204664200946896,0.04628317537297281,0.011060309202494888,2.0093019787287694,1.0025164659703607,0.09967924805850169,1.9325672867141757,1.9969590513530753,3.046858069613198,1.0351673677932338,0.05516580392920302,0.9663743256892124,0.047342199821441645,1.0078686214511512,0.920045872178644,0.9965589101217962,1.0491722980840206,2.98824612215873,0.06184168374801971,1.01559635240305,0.20944668869301009,0.05844146794013711,1.1351677304261176,0.04061931363777467,1.9735217198105384,0.024691549020476416,0.9613589680882912},fitness=net.sf.jclec.fitness.SimpleValueFitness@4b5189ac[value=68.65032289185466]]
Average fitness = 68.61711964215938
Fitness variance = 9.002954702737043E-4
Generation 130 Report
Best individual: net.sf.jclec.realarray.RealArrayIndividual@7b8b43c7[genotype={1.0029581449431542,0.9927749391263216,0.9599001659990631,1.0202806821262773,0.04628317537297281,0.011060309202494888,2.0093019787287694,0.9949548821994749,0.09871194315139284,1.9325672867141757,1.9969590513530753,3.043804634352602,1.035164769902601,0.053414195783059414,0.9663743256892124,0.047342199821441645,1.0078033462146683,0.9205859427695484,0.9954116730646342,1.0491722980840206,2.997661572914133,0.06023829640087525,1.0166358562894418,0.20960902142979584,0.04950054738299844,1.0946240389511601,0.04061931363777467,1.97747285417763,0.024544150956984187,0.9634377028639921},fitness=net.sf.jclec.fitness.SimpleValueFitness@44c73c26[value=66.47956697389844]]
Worst individual: net.sf.jclec.realarray.RealArrayIndividual@5e3d57c7[genotype={1.002958147794102,0.9966975787261511,0.9614084364235155,1.0204664200946896,0.046280906778546495,8.517795231696105E-4,2.0093019787287694,1.0024173295451857,0.09871194315139284,1.9325672867141757,1.9969590513530753,3.046801510781671,1.042481229553738,0.053414195783059414,0.9663743256892124,0.047342199821441645,1.0078033462146683,0.9100840838330726,0.9965589101217962,1.0486233483346525,2.988898645456134,0.06184168374801971,1.01559635240305,0.20960902142979584,0.05848571936754893,1.1244898710068172,0.04061931363777467,1.9731425056722687,0.024691549020476416,0.9614924613594429},fitness=net.sf.jclec.fitness.SimpleValueFitness@1fb19a0[value=68.44591553216686]]
Median individual: net.sf.jclec.realarray.RealArrayIndividual@5ef5c734[genotype={1.0029581449431542,0.9968391886878479,0.9598832939195558,1.0204664200946896,0.04628947044873578,0.011060309202494888,2.0093019787287694,1.0024173295451857,0.09967924805850169,1.9325672765344706,1.9969590513530753,3.046858069613198,1.0348799933075243,0.05363485617764328,0.9667336928796434,0.047342199821441645,1.0078189428627682,0.9200454475695996,0.9965588820009864,1.0486233483346525,2.9894251124816202,0.06187912422526229,1.0156203944544535,0.20037676783613223,0.05337057501797589,1.1244898710068172,0.03496787815662083,1.9720997435553738,0.024691549020476416,0.9613585974500056},fitness=net.sf.jclec.fitness.SimpleValueFitness@36b4091c[value=67.35265456508431]]
Average fitness = 67.82010138001284
Fitness variance = 0.08431749468218186
Generation 140 Report
Best individual: net.sf.jclec.realarray.RealArrayIndividual@33308786[genotype={0.9888235819185546,0.9968391886878479,0.9599001659990631,1.0202806821262773,0.046280906778546495,0.011089025907717022,2.009226217837873,1.0024173295451857,0.09871194315139284,1.9325672867141757,1.9969590513530753,3.046801510781671,1.0348799933075243,0.05346680928363772,0.9663743256892124,0.018191712783420168,1.0078686214511512,0.9200454475695996,0.9965588820009864,1.0491722980840206,2.988898645456134,0.06184168374801971,1.0175089349874513,0.11423537386296972,0.03500693259408082,1.0600374887934525,0.04061931363777467,1.9731425007866228,0.024544150956984187,0.9613589680882912},fitness=net.sf.jclec.fitness.SimpleValueFitness@a87f8ec[value=59.88003651292932]]
Worst individual: net.sf.jclec.realarray.RealArrayIndividual@7241a47d[genotype={0.7772907868328301,0.9966975787261511,0.9599001659990631,1.0204664200946896,0.046279740024678696,0.011060309202494888,2.0093019787287694,1.0024173295451857,0.09871194315139284,1.9325672867141757,1.9969590513530753,3.046801510781671,1.034237927184936,0.053414195783059414,0.9216773948975007,0.047342199821441645,1.0087554051745677,0.9200590872779562,0.9965879924701052,1.0491722980840206,2.997661572914133,0.06187912422526229,1.0175089349874513,0.16602954376673612,0.05859673650962929,1.1244898710068172,0.04061931363777467,1.9720997435553738,0.024691549020476416,0.973910457180853},fitness=net.sf.jclec.fitness.SimpleValueFitness@77258e59[value=74.21840470830703]]
Median individual: net.sf.jclec.realarray.RealArrayIndividual@bcef303[genotype={1.0029581449431542,0.9966975787261511,0.9599001659990631,0.9849857952854608,0.046279740024678696,0.011060309202494888,2.009226217837873,1.0024173295451857,0.09871194315139284,1.9325672867141757,1.9969590513530753,3.046801510781671,1.034237927184936,0.05346680928363772,0.9663743256892124,0.047342199821441645,1.0078686214511512,0.9200454475695996,0.9965588820009864,1.0491722980840206,2.988898645456134,0.06187912422526229,1.0156203944544535,0.16602954376673612,0.05859673650962929,1.0600374887934525,0.04061931363777467,1.9731425056722687,0.024544150956984187,0.9613585974500056},fitness=net.sf.jclec.fitness.SimpleValueFitness@42039326[value=63.07226456301702]]
Average fitness = 63.414211551862834
Fitness variance = 3.4199590521775463
Generation 150 Report
Best individual: net.sf.jclec.realarray.RealArrayIndividual@2b4c1d96[genotype={1.0029581449431542,0.9967205315094656,0.9599001659990631,1.0204664200946896,0.04628317537297281,0.011089025907717022,2.009226217837873,1.0024173295451857,0.06396270860174086,1.9325672867141757,1.9969590513530753,3.047871541103422,1.0332333091838568,0.0,0.9663743256892124,0.0,1.0078033462146683,0.9200454475695996,0.9965879924701052,1.0436958518583999,2.988898645456134,0.0460620997135925,1.0175089349874513,0.017771145236601532,0.018577137913497185,1.0600374887934525,0.04061931363777467,1.9731131119640362,0.024544150956984187,0.9599035881739064},fitness=net.sf.jclec.fitness.SimpleValueFitness@50468873[value=55.1754415281529]]
Worst individual: net.sf.jclec.realarray.RealArrayIndividual@497486b3[genotype={1.0029581449431542,0.9968391886878479,0.9599001659990631,1.0202806821262773,0.046280906778546495,0.011095425793692625,2.0097141378410592,1.0025164659703607,0.09871194315139284,1.9325672867141757,1.9969590513530753,3.046801510781671,1.213199777755218,0.053414195783059414,0.5563912600144194,0.018191712783420168,1.0078686214511512,0.9200454475695996,0.9965588820009864,1.031654544507735,2.988898645456134,0.0460620997135925,1.0175089349874513,0.1180990553436373,0.018577137913497185,1.0600374887934525,0.04061931363777467,1.9731131119640362,0.024544150956984187,0.9613585974500056},fitness=net.sf.jclec.fitness.SimpleValueFitness@75f95314[value=85.63559548155469]]
Median individual: net.sf.jclec.realarray.RealArrayIndividual@55dfebeb[genotype={1.002958147794102,0.9967205315094656,0.9614084364235155,1.0204664200946896,0.04628317537297281,0.011060309202494888,2.0093019787287694,1.0025164659703607,0.09871194315139284,1.9325672867141757,1.9969590513530753,3.046801510781671,1.034237927184936,0.053414195783059414,0.9680948101947516,0.0,1.0078033462146683,0.9200590872779562,0.9965879924701052,1.0491722980840206,2.988898645456134,0.05839443807339753,1.0156203944544535,0.11423537386296972,0.05337057501797589,1.0600374887934525,0.04061931363777467,1.9762085291746954,0.024544150956984187,0.9613589680882912},fitness=net.sf.jclec.fitness.SimpleValueFitness@1cdc4c27[value=59.97420425998479]]
Average fitness = 58.3499853763154
Fitness variance = 12.042552003220862
Generation 160 Report
Best individual: net.sf.jclec.realarray.RealArrayIndividual@dfddc9a[genotype={1.0029581449431542,1.0044069312105868,0.0,0.0,0.0,0.011060309202494888,2.009226217837873,1.0025164659703607,0.06396270860174086,2.0062124120409797,1.9969590513530753,3.03073541754967,1.034237927184936,0.053414195783059414,0.9663743256892124,0.0,1.0078033462146683,0.9558590560197707,0.9965879924701052,1.031654544507735,2.988898645456134,0.0460620997135925,1.0175089349874513,0.0,0.018577137913497185,1.0600374887934525,0.04061931363777467,1.97747285417763,0.024544150956984187,0.9613589680882912},fitness=net.sf.jclec.fitness.SimpleValueFitness@5e8ac0e1[value=50.936058672932305]]
Worst individual: net.sf.jclec.realarray.RealArrayIndividual@12bd8a64[genotype={1.0029581449431542,0.9967205315094656,0.9599001659990631,1.0202806821262773,0.0,0.011060309202494888,2.009226217837873,0.5774998279485934,0.06396270860174086,1.9325672867141757,1.9969590513530753,3.047871541103422,1.0332333091838568,0.0,0.971445581007837,0.0,1.0078033462146683,0.9558590560197707,0.9965879924701052,1.031654544507735,2.988898645456134,0.06184168374801971,1.0175089349874513,0.0,0.018577137913497185,1.0600374887934525,0.0,1.97747285417763,0.024691549020476416,0.9599035881739064},fitness=net.sf.jclec.fitness.SimpleValueFitness@3300f4fd[value=71.79539122319648]]
Median individual: net.sf.jclec.realarray.RealArrayIndividual@dfddc9a[genotype={1.0029581449431542,1.0044069312105868,0.0,0.0,0.0,0.011060309202494888,2.009226217837873,1.0025164659703607,0.06396270860174086,2.0062124120409797,1.9969590513530753,3.03073541754967,1.034237927184936,0.053414195783059414,0.9663743256892124,0.0,1.0078033462146683,0.9558590560197707,0.9965879924701052,1.031654544507735,2.988898645456134,0.0460620997135925,1.0175089349874513,0.0,0.018577137913497185,1.0600374887934525,0.04061931363777467,1.97747285417763,0.024544150956984187,0.9613589680882912},fitness=net.sf.jclec.fitness.SimpleValueFitness@5e8ac0e1[value=50.936058672932305]]
Average fitness = 53.795966270860596
Fitness variance = 5.951207300611713
Generation 170 Report
Best individual: net.sf.jclec.realarray.RealArrayIndividual@5f031ebd[genotype={0.0,0.0,0.0,0.0,0.046280906778546495,0.011060309202494888,2.009226217837873,1.0025164659703607,0.0,1.9430776855316163,1.9969590513530753,3.03073541754967,0.986310731563432,0.0,0.9663743256892124,0.0,1.0078033462146683,0.9558590560197707,0.9954116730646342,1.031654544507735,2.988898645456134,0.0,1.0175089349874513,0.0,0.018577137913497185,1.0077282747461278,0.04061931363777467,1.97747285417763,0.024544150956984187,0.9599035881739064},fitness=net.sf.jclec.fitness.SimpleValueFitness@45c8d09f[value=46.863170478744195]]
Worst individual: net.sf.jclec.realarray.RealArrayIndividual@77a98a6a[genotype={1.0029581449431542,0.9966975787261511,0.0,0.0,0.0,0.011060309202494888,2.009226217837873,1.0025164659703607,0.06396270860174086,1.9325672867141757,1.9969590513530753,3.03073541754967,1.0207702411662267,0.0,0.590165783565154,0.0,1.0078033462146683,0.9558590560197707,0.9965588820009864,1.031654544507735,2.988898645456134,0.0,1.0175089349874513,0.0,0.0,1.0077282747461278,0.04061931363777467,1.97747285417763,0.0,0.4281016900125515},fitness=net.sf.jclec.fitness.SimpleValueFitness@3e10dc6[value=84.95877201376865]]
Median individual: net.sf.jclec.realarray.RealArrayIndividual@6821ea29[genotype={1.0029581449431542,0.9966975787261511,0.0,0.0,0.0,0.011060309202494888,2.009226217837873,1.0025164659703607,0.0,1.9430776855316163,1.9969590513530753,3.0474533230898655,1.0207702411662267,0.053414195783059414,0.9663743256892124,0.0,1.0078033462146683,0.9704358708328,0.9965879924701052,1.0486233483346525,2.988898645456134,0.0460620997135925,1.0175089349874513,0.0,0.0,1.0077282747461278,0.04061931363777467,1.97747285417763,0.024544150956984187,0.9599035881739064},fitness=net.sf.jclec.fitness.SimpleValueFitness@505a9d7c[value=49.94863929666245]]
Average fitness = 51.38580073692795
Fitness variance = 39.458356373866536
Generation 180 Report
Best individual: net.sf.jclec.realarray.RealArrayIndividual@180e6ac4[genotype={1.0029581449431542,0.0,0.0,0.0,0.0,0.0,2.009226217837873,1.0025164659703607,0.0,0.0,1.9969590513530753,3.03073541754967,0.986310731563432,0.0,0.9663743256892124,0.0,0.0,0.9558590560197707,0.9954116730646342,0.0,2.988898645456134,0.0,1.0175089349874513,0.0,0.0,1.0077282747461278,0.04061931363777467,1.97747285417763,0.024691549020476416,0.0},fitness=net.sf.jclec.fitness.SimpleValueFitness@7e985ce9[value=39.42307050651101]]
Worst individual: net.sf.jclec.realarray.RealArrayIndividual@14f5da2c[genotype={1.0029581449431542,0.0,0.0,0.0,0.0,0.0,2.009226217837873,1.0024173295451857,0.0,1.9752594099774772,1.9969590513530753,3.03073541754967,1.5689407595585507,0.0,0.9663743256892124,0.0,0.0,0.9558590560197707,0.9954116730646342,1.031654544507735,2.988898645456134,0.0,1.0175089349874513,0.0,0.0,1.0077282747461278,0.04061931363777467,1.97747285417763,0.024544150956984187,0.9613589680882912},fitness=net.sf.jclec.fitness.SimpleValueFitness@239b0f9d[value=66.45072349779569]]
Median individual: net.sf.jclec.realarray.RealArrayIndividual@3f1c5af9[genotype={1.0029581449431542,0.0,0.0,0.0,0.0,0.011060309202494888,2.009226217837873,1.0025164659703607,0.0,1.9752594099774772,1.9969590513530753,3.03073541754967,0.986310731563432,0.0,0.971445581007837,0.0,1.0078033462146683,0.9558590560197707,0.9954116730646342,0.0,2.988898645456134,0.0460620997135925,1.0175089349874513,0.0,0.018577137913497185,1.0077282747461278,0.04061931363777467,1.97747285417763,0.024544150956984187,0.9599035881739064},fitness=net.sf.jclec.fitness.SimpleValueFitness@5ddabb18[value=46.16728966811313]]
Average fitness = 45.36114900319158
Fitness variance = 8.787714649821282
Generation 190 Report
Best individual: net.sf.jclec.realarray.RealArrayIndividual@305f031[genotype={0.0,0.0,0.0,0.0,0.0,0.0,0.06466990352961588,0.0,0.0,0.0,1.9969590513530753,3.03073541754967,1.0207702411662267,0.0,0.9663743256892124,0.0,0.0,0.9558590560197707,0.9954116730646342,0.0,2.988898645456134,0.0,0.03273524280420237,0.0,0.0,1.0077282747461278,0.04061931363777467,0.0,0.024544150956984187,0.0},fitness=net.sf.jclec.fitness.SimpleValueFitness@1d1f7216[value=29.395227899090862]]
Worst individual: net.sf.jclec.realarray.RealArrayIndividual@5cc126dc[genotype={0.0,0.0,0.0,0.0,0.0,0.0,2.009226217837873,1.0399697258155356,0.0,0.0,1.9969590513530753,3.03073541754967,1.0207702411662267,0.0,0.9663743256892124,0.0,0.0,0.9558590560197707,3.780490207468855,0.0,2.988898645456134,0.0,0.0,0.0,0.0,1.0077282747461278,0.04061931363777467,0.0,0.024691549020476416,0.9683058438246012},fitness=net.sf.jclec.fitness.SimpleValueFitness@72bd06ca[value=56.34370545516495]]
Median individual: net.sf.jclec.realarray.RealArrayIndividual@28a0fd6c[genotype={0.0,0.0,0.0,0.0,0.046280906778546495,0.011060309202494888,2.009226217837873,0.0,0.0,0.0,1.9969590513530753,3.03073541754967,0.986310731563432,0.0,0.0,0.0,0.0,0.9558590560197707,0.9954116730646342,0.0,2.988898645456134,0.0460620997135925,1.0199247888589835,0.0,0.0,1.0077282747461278,0.04061931363777467,0.0,0.024691549020476416,0.0},fitness=net.sf.jclec.fitness.SimpleValueFitness@66629f63[value=33.12946510872972]]
Average fitness = 35.70898957561522
Fitness variance = 19.356610675565207
Generation 200 Report
Best individual: net.sf.jclec.realarray.RealArrayIndividual@455351c4[genotype={0.0,0.0,0.0,0.0,0.0,0.0,0.0,0.0,0.0,0.0,0.0,0.0,1.0207702411662267,0.0,0.0,0.0,0.0,0.9558590560197707,0.9954116730646342,0.0,0.0,0.0,1.0175089349874513,0.0,0.0,1.0077282747461278,0.04061931363777467,0.0,0.024544150956984187,0.0},fitness=net.sf.jclec.fitness.SimpleValueFitness@4816c290[value=5.985744866987595]]
Worst individual: net.sf.jclec.realarray.RealArrayIndividual@49f5c307[genotype={0.0,0.0,0.0,0.0,0.0,0.0,0.0,0.0,0.0,0.0,0.0,5.12,1.0207702411662267,0.0,0.0,0.0,0.0,0.9558590560197707,0.0,0.0,2.988898645456134,0.0,1.0175089349874513,0.0,0.0,1.0077282747461278,0.04061931363777467,0.0,0.024544150956984187,0.9683058438246012},fitness=net.sf.jclec.fitness.SimpleValueFitness@5471388b[value=44.00853670748498]]
Median individual: net.sf.jclec.realarray.RealArrayIndividual@7555b920[genotype={0.0,0.0,0.0,0.0,0.0,0.011060309202494888,0.06466990352961588,0.0,0.06396270860174086,0.0,1.9969590513530753,0.0,1.0207702411662267,0.0,0.0,0.0,0.0,0.9558590560197707,0.9954116730646342,0.0,0.0,0.0,1.0199247888589835,0.0,0.0,0.0,0.04061931363777467,0.0,0.024544150956984187,1.0636127098388082},fitness=net.sf.jclec.fitness.SimpleValueFitness@3591009c[value=12.533835364575513]]
Average fitness = 17.15056028418122
Fitness variance = 40.05336447305149
Generation 210 Report
Best individual: net.sf.jclec.realarray.RealArrayIndividual@43c67247[genotype={0.0,0.0,0.0,0.0,0.0,0.0,0.0,0.0,0.0,0.0,0.0,0.0,0.986310731563432,0.0,0.0,0.0,0.0,0.0,0.9954116730646342,0.0,0.0,0.0,0.03273524280420237,0.0,0.0,0.0,0.0,0.0,0.024544150956984187,0.0},fitness=net.sf.jclec.fitness.SimpleValueFitness@726386ed[value=2.3359068068776843]]
Worst individual: net.sf.jclec.realarray.RealArrayIndividual@7d373bcf[genotype={0.0,0.0,0.0,0.0,0.0,0.0,0.0,0.0,0.0,0.0,0.0,0.0,0.986310731563432,0.0,0.0,0.0,0.0,0.9558590560197707,0.9954116730646342,0.0,0.0,0.0,0.03273524280420237,0.0,0.0,0.0,0.19516253593150823,0.0,0.024544150956984187,0.0},fitness=net.sf.jclec.fitness.SimpleValueFitness@5dda6f9[value=10.292037258228584]]
Median individual: net.sf.jclec.realarray.RealArrayIndividual@5ea502e0[genotype={0.0,0.0,0.0,0.0,0.0,0.0,0.0,0.0,0.0,0.0,0.0,0.0,1.0207702411662267,0.0,0.0,0.0,0.0,0.9558590560197707,0.9954116730646342,0.0,0.0,0.0,0.03273524280420237,0.0,0.0,0.0,0.04061931363777467,0.0,0.024544150956984187,0.0},fitness=net.sf.jclec.fitness.SimpleValueFitness@473b3b7a[value=4.074516455244263]]
Average fitness = 3.752104605848444
Fitness variance = 0.9746104210840123
Generation 220 Report
Best individual: net.sf.jclec.realarray.RealArrayIndividual@ea27e34[genotype={0.0,0.0,0.0,0.0,0.0,0.0,0.0,0.0,0.0,0.0,0.0,0.0,0.0,0.0,0.0,0.0,0.0,0.0,0.0,0.0,0.0,0.0,0.0,0.0,0.0,0.0,0.0,0.0,0.0,0.0},fitness=net.sf.jclec.fitness.SimpleValueFitness@e72dba7[value=0.0]]
Worst individual: net.sf.jclec.realarray.RealArrayIndividual@5a772895[genotype={0.0,0.0,0.0,0.0,0.0,0.0,0.0,0.0,0.0,0.0,0.0,0.0,0.986310731563432,0.0,0.0,0.0,0.0,0.0,0.9954116730646342,0.0,0.0,0.0,0.0,0.0,0.0,0.0,0.0,0.0,0.024544150956984187,0.0},fitness=net.sf.jclec.fitness.SimpleValueFitness@704b2127[value=2.124055274957909]]
Median individual: net.sf.jclec.realarray.RealArrayIndividual@62577d6[genotype={0.0,0.0,0.0,0.0,0.0,0.0,0.0,0.0,0.0,0.0,0.0,0.0,0.0,0.0,0.0,0.0,0.0,0.0,0.0,0.0,0.0,0.0,0.0,0.0,0.0,0.0,0.0,0.0,0.024544150956984187,0.0},fitness=net.sf.jclec.fitness.SimpleValueFitness@6b5f8707[value=0.11927895731402494]]
Average fitness = 0.2569151161271284
Fitness variance = 0.12142341695767123
Generation 230 Report
Best individual: net.sf.jclec.realarray.RealArrayIndividual@5b43e173[genotype={0.0,0.0,0.0,0.0,0.0,0.0,0.0,0.0,0.0,0.0,0.0,0.0,0.0,0.0,0.0,0.0,0.0,0.0,0.0,0.0,0.0,0.0,0.0,0.0,0.0,0.0,0.0,0.0,0.0,0.0},fitness=net.sf.jclec.fitness.SimpleValueFitness@545f80bf[value=0.0]]
Worst individual: net.sf.jclec.realarray.RealArrayIndividual@5b43e173[genotype={0.0,0.0,0.0,0.0,0.0,0.0,0.0,0.0,0.0,0.0,0.0,0.0,0.0,0.0,0.0,0.0,0.0,0.0,0.0,0.0,0.0,0.0,0.0,0.0,0.0,0.0,0.0,0.0,0.0,0.0},fitness=net.sf.jclec.fitness.SimpleValueFitness@545f80bf[value=0.0]]
Median individual: net.sf.jclec.realarray.RealArrayIndividual@64d43929[genotype={0.0,0.0,0.0,0.0,0.0,0.0,0.0,0.0,0.0,0.0,0.0,0.0,0.0,0.0,0.0,0.0,0.0,0.0,0.0,0.0,0.0,0.0,0.0,0.0,0.0,0.0,0.0,0.0,0.0,0.0},fitness=net.sf.jclec.fitness.SimpleValueFitness@437ebf59[value=0.0]]
Average fitness = 0.0
Fitness variance = 0.0
Generation 240 Report
Best individual: net.sf.jclec.realarray.RealArrayIndividual@1059754c[genotype={0.0,0.0,0.0,0.0,0.0,0.0,0.0,0.0,0.0,0.0,0.0,0.0,0.0,0.0,0.0,0.0,0.0,0.0,0.0,0.0,0.0,0.0,0.0,0.0,0.0,0.0,0.0,0.0,0.0,0.0},fitness=net.sf.jclec.fitness.SimpleValueFitness@48e7b3d2[value=0.0]]
Worst individual: net.sf.jclec.realarray.RealArrayIndividual@1059754c[genotype={0.0,0.0,0.0,0.0,0.0,0.0,0.0,0.0,0.0,0.0,0.0,0.0,0.0,0.0,0.0,0.0,0.0,0.0,0.0,0.0,0.0,0.0,0.0,0.0,0.0,0.0,0.0,0.0,0.0,0.0},fitness=net.sf.jclec.fitness.SimpleValueFitness@48e7b3d2[value=0.0]]
Median individual: net.sf.jclec.realarray.RealArrayIndividual@701a32[genotype={0.0,0.0,0.0,0.0,0.0,0.0,0.0,0.0,0.0,0.0,0.0,0.0,0.0,0.0,0.0,0.0,0.0,0.0,0.0,0.0,0.0,0.0,0.0,0.0,0.0,0.0,0.0,0.0,0.0,0.0},fitness=net.sf.jclec.fitness.SimpleValueFitness@73aff8f1[value=0.0]]
Average fitness = 0.0
Fitness variance = 0.0
Generation 250 Report
Best individual: net.sf.jclec.realarray.RealArrayIndividual@464a4442[genotype={0.0,0.0,0.0,0.0,0.0,0.0,0.0,0.0,0.0,0.0,0.0,0.0,0.0,0.0,0.0,0.0,0.0,0.0,0.0,0.0,0.0,0.0,0.0,0.0,0.0,0.0,0.0,0.0,0.0,0.0},fitness=net.sf.jclec.fitness.SimpleValueFitness@3bc735b3[value=0.0]]
Worst individual: net.sf.jclec.realarray.RealArrayIndividual@464a4442[genotype={0.0,0.0,0.0,0.0,0.0,0.0,0.0,0.0,0.0,0.0,0.0,0.0,0.0,0.0,0.0,0.0,0.0,0.0,0.0,0.0,0.0,0.0,0.0,0.0,0.0,0.0,0.0,0.0,0.0,0.0},fitness=net.sf.jclec.fitness.SimpleValueFitness@3bc735b3[value=0.0]]
Median individual: net.sf.jclec.realarray.RealArrayIndividual@17ae7628[genotype={0.0,0.0,0.0,0.0,0.0,0.0,0.0,0.0,0.0,0.0,0.0,0.0,0.0,0.0,0.0,0.0,0.0,0.0,0.0,0.0,0.0,0.0,0.0,0.0,0.0,0.0,0.0,0.0,0.0,0.0},fitness=net.sf.jclec.fitness.SimpleValueFitness@6579c3d9[value=0.0]]
Average fitness = 0.0
Fitness variance = 0.0
Generation 260 Report
Best individual: net.sf.jclec.realarray.RealArrayIndividual@1ddd3478[genotype={0.0,0.0,0.0,0.0,0.0,0.0,0.0,0.0,0.0,0.0,0.0,0.0,0.0,0.0,0.0,0.0,0.0,0.0,0.0,0.0,0.0,0.0,0.0,0.0,0.0,0.0,0.0,0.0,0.0,0.0},fitness=net.sf.jclec.fitness.SimpleValueFitness@4d33940d[value=0.0]]
Worst individual: net.sf.jclec.realarray.RealArrayIndividual@1ddd3478[genotype={0.0,0.0,0.0,0.0,0.0,0.0,0.0,0.0,0.0,0.0,0.0,0.0,0.0,0.0,0.0,0.0,0.0,0.0,0.0,0.0,0.0,0.0,0.0,0.0,0.0,0.0,0.0,0.0,0.0,0.0},fitness=net.sf.jclec.fitness.SimpleValueFitness@4d33940d[value=0.0]]
Median individual: net.sf.jclec.realarray.RealArrayIndividual@a7f0ab6[genotype={0.0,0.0,0.0,0.0,0.0,0.0,0.0,0.0,0.0,0.0,0.0,0.0,0.0,0.0,0.0,0.0,0.0,0.0,0.0,0.0,0.0,0.0,0.0,0.0,0.0,0.0,0.0,0.0,0.0,0.0},fitness=net.sf.jclec.fitness.SimpleValueFitness@42c2f48c[value=0.0]]
Average fitness = 0.0
Fitness variance = 0.0
Generation 270 Report
Best individual: net.sf.jclec.realarray.RealArrayIndividual@393881f0[genotype={0.0,0.0,0.0,0.0,0.0,0.0,0.0,0.0,0.0,0.0,0.0,0.0,0.0,0.0,0.0,0.0,0.0,0.0,0.0,0.0,0.0,0.0,0.0,0.0,0.0,0.0,0.0,0.0,0.0,0.0},fitness=net.sf.jclec.fitness.SimpleValueFitness@4158debd[value=0.0]]
Worst individual: net.sf.jclec.realarray.RealArrayIndividual@393881f0[genotype={0.0,0.0,0.0,0.0,0.0,0.0,0.0,0.0,0.0,0.0,0.0,0.0,0.0,0.0,0.0,0.0,0.0,0.0,0.0,0.0,0.0,0.0,0.0,0.0,0.0,0.0,0.0,0.0,0.0,0.0},fitness=net.sf.jclec.fitness.SimpleValueFitness@4158debd[value=0.0]]
Median individual: net.sf.jclec.realarray.RealArrayIndividual@2b8bd14b[genotype={0.0,0.0,0.0,0.0,0.0,0.0,0.0,0.0,0.0,0.0,0.0,0.0,0.0,0.0,0.0,0.0,0.0,0.0,0.0,0.0,0.0,0.0,0.0,0.0,0.0,0.0,0.0,0.0,0.0,0.0},fitness=net.sf.jclec.fitness.SimpleValueFitness@5f303ecd[value=0.0]]
Average fitness = 0.0
Fitness variance = 0.0
Generation 280 Report
Best individual: net.sf.jclec.realarray.RealArrayIndividual@336365bc[genotype={0.0,0.0,0.0,0.0,0.0,0.0,0.0,0.0,0.0,0.0,0.0,0.0,0.0,0.0,0.0,0.0,0.0,0.0,0.0,0.0,0.0,0.0,0.0,0.0,0.0,0.0,0.0,0.0,0.0,0.0},fitness=net.sf.jclec.fitness.SimpleValueFitness@4567e53d[value=0.0]]
Worst individual: net.sf.jclec.realarray.RealArrayIndividual@66ec9390[genotype={0.0,0.0,0.0,0.0,0.0,0.0,0.0,5.12,0.0,0.0,0.0,0.0,0.0,0.0,0.0,0.0,0.0,0.0,0.0,0.0,0.0,0.0,0.0,0.0,0.0,0.0,0.0,0.0,0.0,0.0},fitness=net.sf.jclec.fitness.SimpleValueFitness@3c0fbd3a[value=28.924713725785896]]
Median individual: net.sf.jclec.realarray.RealArrayIndividual@3350ebdd[genotype={0.0,0.0,0.0,0.0,0.0,0.0,0.0,0.0,0.0,0.0,0.0,0.0,0.0,0.0,0.0,0.0,0.0,0.0,0.0,0.0,0.0,0.0,0.0,0.0,0.0,0.0,0.0,0.0,0.0,0.0},fitness=net.sf.jclec.fitness.SimpleValueFitness@149f5761[value=0.0]]
Average fitness = 0.5784942745157179
Fitness variance = 16.39812565672587
Generation 290 Report
Best individual: net.sf.jclec.realarray.RealArrayIndividual@191a709b[genotype={0.0,0.0,0.0,0.0,0.0,0.0,0.0,0.0,0.0,0.0,0.0,0.0,0.0,0.0,0.0,0.0,0.0,0.0,0.0,0.0,0.0,0.0,0.0,0.0,0.0,0.0,0.0,0.0,0.0,0.0},fitness=net.sf.jclec.fitness.SimpleValueFitness@453d496b[value=0.0]]
Worst individual: net.sf.jclec.realarray.RealArrayIndividual@4b54af3d[genotype={0.0,0.0,0.0,0.0,5.12,0.0,0.0,0.0,0.0,0.0,0.0,0.0,0.0,0.0,0.0,0.0,0.0,0.0,0.0,0.0,0.0,0.0,0.0,0.0,0.0,0.0,0.0,0.0,0.0,0.0},fitness=net.sf.jclec.fitness.SimpleValueFitness@203c20cf[value=28.924713725785896]]
Median individual: net.sf.jclec.realarray.RealArrayIndividual@4682eba5[genotype={0.0,0.0,0.0,0.0,0.0,0.0,0.0,0.0,0.0,0.0,0.0,0.0,0.0,0.0,0.0,0.0,0.0,0.0,0.0,0.0,0.0,0.0,0.0,0.0,0.0,0.0,0.0,0.0,0.0,0.0},fitness=net.sf.jclec.fitness.SimpleValueFitness@61fafb74[value=0.0]]
Average fitness = 0.5784942745157179
Fitness variance = 16.39812565672587
Generation 300 Report
Best individual: net.sf.jclec.realarray.RealArrayIndividual@21f8e55f[genotype={0.0,0.0,0.0,0.0,0.0,0.0,0.0,0.0,0.0,0.0,0.0,0.0,0.0,0.0,0.0,0.0,0.0,0.0,0.0,0.0,0.0,0.0,0.0,0.0,0.0,0.0,0.0,0.0,0.0,0.0},fitness=net.sf.jclec.fitness.SimpleValueFitness@7048535f[value=0.0]]
Worst individual: net.sf.jclec.realarray.RealArrayIndividual@70e889e9[genotype={0.0,0.0,5.12,0.0,0.0,0.0,0.0,0.0,0.0,0.0,0.0,0.0,0.0,0.0,0.0,0.0,0.0,0.0,0.0,0.0,0.0,0.0,0.0,0.0,0.0,0.0,0.0,0.0,0.0,0.0},fitness=net.sf.jclec.fitness.SimpleValueFitness@51351f28[value=28.924713725785896]]
Median individual: net.sf.jclec.realarray.RealArrayIndividual@661c46bc[genotype={0.0,0.0,0.0,0.0,0.0,0.0,0.0,0.0,0.0,0.0,0.0,0.0,0.0,0.0,0.0,0.0,0.0,0.0,0.0,0.0,0.0,0.0,0.0,0.0,0.0,0.0,0.0,0.0,0.0,0.0},fitness=net.sf.jclec.fitness.SimpleValueFitness@2b98b3bb[value=0.0]]
Average fitness = 0.5784942745157179
Fitness variance = 16.39812565672587
Generation 310 Report
Best individual: net.sf.jclec.realarray.RealArrayIndividual@25da615a[genotype={0.0,0.0,0.0,0.0,0.0,0.0,0.0,0.0,0.0,0.0,0.0,0.0,0.0,0.0,0.0,0.0,0.0,0.0,0.0,0.0,0.0,0.0,0.0,0.0,0.0,0.0,0.0,0.0,0.0,0.0},fitness=net.sf.jclec.fitness.SimpleValueFitness@7ee3d262[value=0.0]]
Worst individual: net.sf.jclec.realarray.RealArrayIndividual@7026b7ee[genotype={0.0,0.0,0.0,0.0,0.0,0.0,5.12,0.0,0.0,0.0,0.0,0.0,5.12,0.0,0.0,0.0,0.0,0.0,0.0,0.0,0.0,0.0,0.0,0.0,0.0,0.0,0.0,0.0,0.0,0.0},fitness=net.sf.jclec.fitness.SimpleValueFitness@7cb8437d[value=57.84942745157179]]
Median individual: net.sf.jclec.realarray.RealArrayIndividual@4b1a43d8[genotype={0.0,0.0,0.0,0.0,0.0,0.0,0.0,0.0,0.0,0.0,0.0,0.0,0.0,0.0,0.0,0.0,0.0,0.0,0.0,0.0,0.0,0.0,0.0,0.0,0.0,0.0,0.0,0.0,0.0,0.0},fitness=net.sf.jclec.fitness.SimpleValueFitness@73545b80[value=0.0]]
Average fitness = 2.0247299608050127
Fitness variance = 71.19798435649857
Generation 320 Report
Best individual: net.sf.jclec.realarray.RealArrayIndividual@4096aa05[genotype={0.0,0.0,0.0,0.0,0.0,0.0,0.0,0.0,0.0,0.0,0.0,0.0,0.0,0.0,0.0,0.0,0.0,0.0,0.0,0.0,0.0,0.0,0.0,0.0,0.0,0.0,0.0,0.0,0.0,0.0},fitness=net.sf.jclec.fitness.SimpleValueFitness@6c806c8b[value=0.0]]
Worst individual: net.sf.jclec.realarray.RealArrayIndividual@46d63dbb[genotype={0.0,0.0,0.0,0.0,0.0,0.0,0.0,0.0,0.0,0.0,5.12,0.0,0.0,0.0,0.0,0.0,0.0,0.0,0.0,0.0,0.0,0.0,0.0,0.0,0.0,0.0,0.0,0.0,0.0,0.0},fitness=net.sf.jclec.fitness.SimpleValueFitness@16a49a5d[value=28.924713725785896]]
Median individual: net.sf.jclec.realarray.RealArrayIndividual@715d6168[genotype={0.0,0.0,0.0,0.0,0.0,0.0,0.0,0.0,0.0,0.0,0.0,0.0,0.0,0.0,0.0,0.0,0.0,0.0,0.0,0.0,0.0,0.0,0.0,0.0,0.0,0.0,0.0,0.0,0.0,0.0},fitness=net.sf.jclec.fitness.SimpleValueFitness@6428591a[value=0.0]]
Average fitness = 1.1569885490314358
Fitness variance = 32.12694006215681
Generation 330 Report
Best individual: net.sf.jclec.realarray.RealArrayIndividual@2eadc9f6[genotype={0.0,0.0,0.0,0.0,0.0,0.0,0.0,0.0,0.0,0.0,0.0,0.0,0.0,0.0,0.0,0.0,0.0,0.0,0.0,0.0,0.0,0.0,0.0,0.0,0.0,0.0,0.0,0.0,0.0,0.0},fitness=net.sf.jclec.fitness.SimpleValueFitness@61af1510[value=0.0]]
Worst individual: net.sf.jclec.realarray.RealArrayIndividual@68e7c8c3[genotype={0.0,0.0,0.0,0.0,0.0,0.0,0.0,0.0,0.0,0.0,0.0,0.0,0.0,0.0,0.0,0.0,0.0,0.0,0.0,0.0,0.0,0.0,0.0,0.0,0.0,5.12,0.0,0.0,0.0,0.0},fitness=net.sf.jclec.fitness.SimpleValueFitness@238bfd6c[value=28.924713725785896]]
Median individual: net.sf.jclec.realarray.RealArrayIndividual@6c15e8c7[genotype={0.0,0.0,0.0,0.0,0.0,0.0,0.0,0.0,0.0,0.0,0.0,0.0,0.0,0.0,0.0,0.0,0.0,0.0,0.0,0.0,0.0,0.0,0.0,0.0,0.0,0.0,0.0,0.0,0.0,0.0},fitness=net.sf.jclec.fitness.SimpleValueFitness@64f1fd08[value=0.0]]
Average fitness = 2.0247299608050127
Fitness variance = 54.46520307412523
Generation 340 Report
Best individual: net.sf.jclec.realarray.RealArrayIndividual@3f702946[genotype={0.0,0.0,0.0,0.0,0.0,0.0,0.0,0.0,0.0,0.0,0.0,0.0,0.0,0.0,0.0,0.0,0.0,0.0,0.0,0.0,0.0,0.0,0.0,0.0,0.0,0.0,0.0,0.0,0.0,0.0},fitness=net.sf.jclec.fitness.SimpleValueFitness@1000d54d[value=0.0]]
Worst individual: net.sf.jclec.realarray.RealArrayIndividual@78010562[genotype={0.0,0.0,5.12,0.0,0.0,0.0,0.0,0.0,0.0,0.0,0.0,5.12,0.0,0.0,0.0,0.0,0.0,0.0,0.0,0.0,0.0,0.0,0.0,0.0,0.0,0.0,0.0,0.0,0.0,0.0},fitness=net.sf.jclec.fitness.SimpleValueFitness@38aafb53[value=57.84942745157179]]
Median individual: net.sf.jclec.realarray.RealArrayIndividual@5b22d8a1[genotype={0.0,0.0,0.0,0.0,0.0,0.0,0.0,0.0,0.0,0.0,0.0,0.0,0.0,0.0,0.0,0.0,0.0,0.0,0.0,0.0,0.0,0.0,0.0,0.0,0.0,0.0,0.0,0.0,0.0,0.0},fitness=net.sf.jclec.fitness.SimpleValueFitness@59ed3e6c[value=0.0]]
Average fitness = 3.760212784352167
Fitness variance = 144.82222199894125
Generation 350 Report
Best individual: net.sf.jclec.realarray.RealArrayIndividual@64984b0f[genotype={0.0,0.0,0.0,0.0,0.0,0.0,0.0,0.0,0.0,0.0,0.0,0.0,0.0,0.0,0.0,0.0,0.0,0.0,0.0,0.0,0.0,0.0,0.0,0.0,0.0,0.0,0.0,0.0,0.0,0.0},fitness=net.sf.jclec.fitness.SimpleValueFitness@53ec2968[value=0.0]]
Worst individual: net.sf.jclec.realarray.RealArrayIndividual@71904469[genotype={5.12,0.0,0.0,0.0,0.0,0.0,0.0,0.0,0.0,0.0,0.0,0.0,5.12,0.0,0.0,0.0,0.0,0.0,0.0,0.0,0.0,0.0,5.12,0.0,0.0,0.0,0.0,0.0,0.0,0.0},fitness=net.sf.jclec.fitness.SimpleValueFitness@761e788f[value=86.77414117735769]]
Median individual: net.sf.jclec.realarray.RealArrayIndividual@a66e580[genotype={0.0,0.0,0.0,0.0,0.0,0.0,0.0,0.0,0.0,0.0,0.0,0.0,0.0,0.0,0.0,0.0,0.0,0.0,0.0,0.0,0.0,0.0,0.0,0.0,0.0,0.0,0.0,0.0,0.0,0.0},fitness=net.sf.jclec.fitness.SimpleValueFitness@cdb2d95[value=0.0]]
Average fitness = 4.049459921610026
Fitness variance = 167.66246844938084
Generation 360 Report
Best individual: net.sf.jclec.realarray.RealArrayIndividual@5a6fa56e[genotype={0.0,0.0,0.0,0.0,0.0,0.0,0.0,0.0,0.0,0.0,0.0,0.0,0.0,0.0,0.0,0.0,0.0,0.0,0.0,0.0,0.0,0.0,0.0,0.0,0.0,0.0,0.0,0.0,0.0,0.0},fitness=net.sf.jclec.fitness.SimpleValueFitness@118ffcfd[value=0.0]]
Worst individual: net.sf.jclec.realarray.RealArrayIndividual@5484117b[genotype={0.0,0.0,0.0,0.0,0.0,0.0,0.0,5.12,0.0,0.0,0.0,0.0,0.0,0.0,0.0,5.12,0.0,0.0,0.0,0.0,0.0,0.0,0.0,0.0,0.0,0.0,0.0,0.0,0.0,0.0},fitness=net.sf.jclec.fitness.SimpleValueFitness@7efb53af[value=57.84942745157179]]
Median individual: net.sf.jclec.realarray.RealArrayIndividual@74ea46e2[genotype={0.0,0.0,0.0,0.0,0.0,0.0,0.0,0.0,0.0,0.0,0.0,0.0,0.0,0.0,0.0,0.0,0.0,0.0,0.0,0.0,0.0,0.0,0.0,0.0,0.0,0.0,0.0,0.0,0.0,0.0},fitness=net.sf.jclec.fitness.SimpleValueFitness@f1d0004[value=0.0]]
Average fitness = 3.7602127843521673
Fitness variance = 128.08944071656785
Generation 370 Report
Best individual: net.sf.jclec.realarray.RealArrayIndividual@1afd72ef[genotype={0.0,0.0,0.0,0.0,0.0,0.0,0.0,0.0,0.0,0.0,0.0,0.0,0.0,0.0,0.0,0.0,0.0,0.0,0.0,0.0,0.0,0.0,0.0,0.0,0.0,0.0,0.0,0.0,0.0,0.0},fitness=net.sf.jclec.fitness.SimpleValueFitness@445bb139[value=0.0]]
Worst individual: net.sf.jclec.realarray.RealArrayIndividual@31dfc6f5[genotype={0.0,0.0,0.0,0.0,5.12,0.0,0.0,0.0,0.0,0.0,0.0,0.0,0.0,0.0,0.0,0.0,0.0,0.0,0.0,0.0,0.0,0.0,0.0,5.12,0.0,0.0,0.0,0.0,0.0,0.0},fitness=net.sf.jclec.fitness.SimpleValueFitness@663bb8ef[value=57.84942745157179]]
Median individual: net.sf.jclec.realarray.RealArrayIndividual@5ad5be4a[genotype={0.0,0.0,0.0,0.0,0.0,0.0,0.0,0.0,0.0,0.0,0.0,0.0,0.0,0.0,0.0,0.0,0.0,0.0,0.0,0.0,0.0,0.0,0.0,0.0,0.0,0.0,0.0,0.0,0.0,0.0},fitness=net.sf.jclec.fitness.SimpleValueFitness@737d100a[value=0.0]]
Average fitness = 2.8924713725785898
Fitness variance = 108.76307833542668
Generation 380 Report
Best individual: net.sf.jclec.realarray.RealArrayIndividual@4c5228e7[genotype={0.0,0.0,0.0,0.0,0.0,0.0,0.0,0.0,0.0,0.0,0.0,0.0,0.0,0.0,0.0,0.0,0.0,0.0,0.0,0.0,0.0,0.0,0.0,0.0,0.0,0.0,0.0,0.0,0.0,0.0},fitness=net.sf.jclec.fitness.SimpleValueFitness@806996[value=0.0]]
Worst individual: net.sf.jclec.realarray.RealArrayIndividual@58d6b7b9[genotype={0.0,0.0,0.0,0.0,0.0,0.0,5.12,0.0,0.0,0.0,0.0,0.0,5.12,0.0,0.0,0.0,0.0,0.0,0.0,0.0,5.12,0.0,0.0,0.0,0.0,0.0,0.0,0.0,0.0,0.0},fitness=net.sf.jclec.fitness.SimpleValueFitness@6a6f6c7e[value=86.77414117735769]]
Median individual: net.sf.jclec.realarray.RealArrayIndividual@59ce792e[genotype={0.0,0.0,0.0,0.0,0.0,0.0,0.0,0.0,0.0,0.0,0.0,0.0,0.0,0.0,0.0,0.0,0.0,0.0,0.0,0.0,0.0,0.0,0.0,0.0,0.0,0.0,0.0,0.0,0.0,0.0},fitness=net.sf.jclec.fitness.SimpleValueFitness@404db674[value=0.0]]
Average fitness = 4.338707058867885
Fitness variance = 223.80094965174342
Generation 390 Report
Best individual: net.sf.jclec.realarray.RealArrayIndividual@14f40030[genotype={0.0,0.0,0.0,0.0,0.0,0.0,0.0,0.0,0.0,0.0,0.0,0.0,0.0,0.0,0.0,0.0,0.0,0.0,0.0,0.0,0.0,0.0,0.0,0.0,0.0,0.0,0.0,0.0,0.0,0.0},fitness=net.sf.jclec.fitness.SimpleValueFitness@593a6726[value=0.0]]
Worst individual: net.sf.jclec.realarray.RealArrayIndividual@541179e7[genotype={0.0,0.0,0.0,0.0,0.0,5.12,0.0,0.0,5.12,0.0,0.0,0.0,0.0,0.0,0.0,0.0,0.0,0.0,0.0,0.0,0.0,0.0,0.0,0.0,0.0,0.0,0.0,0.0,0.0,0.0},fitness=net.sf.jclec.fitness.SimpleValueFitness@7b32b129[value=57.84942745157179]]
Median individual: net.sf.jclec.realarray.RealArrayIndividual@38f77cd9[genotype={0.0,0.0,0.0,0.0,0.0,0.0,0.0,0.0,0.0,0.0,0.0,0.0,0.0,0.0,0.0,0.0,0.0,0.0,0.0,0.0,0.0,0.0,0.0,0.0,0.0,0.0,0.0,0.0,0.0,0.0},fitness=net.sf.jclec.fitness.SimpleValueFitness@6fbb4061[value=0.0]]
Average fitness = 4.049459921610026
Fitness variance = 134.19690588463416
Generation 400 Report
Best individual: net.sf.jclec.realarray.RealArrayIndividual@35c9a231[genotype={0.0,0.0,0.0,0.0,0.0,0.0,0.0,0.0,0.0,0.0,0.0,0.0,0.0,0.0,0.0,0.0,0.0,0.0,0.0,0.0,0.0,0.0,0.0,0.0,0.0,0.0,0.0,0.0,0.0,0.0},fitness=net.sf.jclec.fitness.SimpleValueFitness@5626d18c[value=0.0]]
Worst individual: net.sf.jclec.realarray.RealArrayIndividual@c386958[genotype={0.0,0.0,0.0,0.0,0.0,5.12,0.0,0.0,0.0,0.0,0.0,0.0,0.0,0.0,5.12,0.0,0.0,0.0,0.0,0.0,0.0,0.0,0.0,0.0,0.0,5.12,0.0,0.0,0.0,5.12},fitness=net.sf.jclec.fitness.SimpleValueFitness@44d64d4e[value=115.69885490314358]]
Median individual: net.sf.jclec.realarray.RealArrayIndividual@2e766822[genotype={0.0,0.0,0.0,0.0,0.0,0.0,0.0,0.0,0.0,0.0,0.0,0.0,0.0,0.0,0.0,0.0,0.0,0.0,0.0,0.0,0.0,0.0,0.0,0.0,0.0,0.0,0.0,0.0,0.0,0.0},fitness=net.sf.jclec.fitness.SimpleValueFitness@28757abd[value=0.0]]
Average fitness = 5.7849427451571795
Fitness variance = 317.92284436509345
Generation 410 Report
Best individual: net.sf.jclec.realarray.RealArrayIndividual@31b7d869[genotype={0.0,0.0,0.0,0.0,0.0,0.0,0.0,0.0,0.0,0.0,0.0,0.0,0.0,0.0,0.0,0.0,0.0,0.0,0.0,0.0,0.0,0.0,0.0,0.0,0.0,0.0,0.0,0.0,0.0,0.0},fitness=net.sf.jclec.fitness.SimpleValueFitness@1a47a1e8[value=0.0]]
Worst individual: net.sf.jclec.realarray.RealArrayIndividual@7f2d31af[genotype={0.0,0.0,5.12,0.0,0.0,0.0,0.0,0.0,0.0,0.0,0.0,0.0,0.0,0.0,5.12,0.0,0.0,0.0,0.0,0.0,0.0,0.0,0.0,0.0,0.0,5.12,0.0,0.0,0.0,0.0},fitness=net.sf.jclec.fitness.SimpleValueFitness@2a43e0ac[value=86.77414117735769]]
Median individual: net.sf.jclec.realarray.RealArrayIndividual@1756f7cc[genotype={0.0,0.0,0.0,0.0,0.0,0.0,0.0,0.0,0.0,0.0,0.0,0.0,0.0,0.0,0.0,0.0,0.0,0.0,0.0,0.0,0.0,0.0,0.0,0.0,0.0,0.0,0.0,0.0,0.0,0.0},fitness=net.sf.jclec.fitness.SimpleValueFitness@27df95e[value=0.0]]
Average fitness = 4.917201333383603
Fitness variance = 235.1792409237573
Generation 420 Report
Best individual: net.sf.jclec.realarray.RealArrayIndividual@65fe2691[genotype={0.0,0.0,0.0,0.0,0.0,0.0,0.0,0.0,0.0,0.0,0.0,0.0,0.0,0.0,0.0,0.0,0.0,0.0,0.0,0.0,0.0,0.0,0.0,0.0,0.0,0.0,0.0,0.0,0.0,0.0},fitness=net.sf.jclec.fitness.SimpleValueFitness@57ad1178[value=0.0]]
Worst individual: net.sf.jclec.realarray.RealArrayIndividual@2c9a6717[genotype={0.0,0.0,0.0,0.0,0.0,0.0,0.0,5.12,0.0,5.12,0.0,0.0,0.0,0.0,0.0,0.0,0.0,0.0,0.0,5.12,0.0,0.0,0.0,0.0,0.0,0.0,0.0,0.0,0.0,0.0},fitness=net.sf.jclec.fitness.SimpleValueFitness@6d091cad[value=86.77414117735769]]
Median individual: net.sf.jclec.realarray.RealArrayIndividual@5a545b0f[genotype={0.0,0.0,0.0,0.0,0.0,0.0,0.0,0.0,0.0,0.0,0.0,0.0,0.0,0.0,0.0,0.0,0.0,0.0,0.0,0.0,0.0,0.0,0.0,0.0,0.0,0.0,0.0,0.0,0.0,0.0},fitness=net.sf.jclec.fitness.SimpleValueFitness@124dac75[value=0.0]]
Average fitness = 5.206448470641463
Fitness variance = 207.15183227578189
Generation 430 Report
Best individual: net.sf.jclec.realarray.RealArrayIndividual@3d24420b[genotype={0.0,0.0,0.0,0.0,0.0,0.0,0.0,0.0,0.0,0.0,0.0,0.0,0.0,0.0,0.0,0.0,0.0,0.0,0.0,0.0,0.0,0.0,0.0,0.0,0.0,0.0,0.0,0.0,0.0,0.0},fitness=net.sf.jclec.fitness.SimpleValueFitness@53ce2392[value=0.0]]
Worst individual: net.sf.jclec.realarray.RealArrayIndividual@60a7e509[genotype={0.0,0.0,5.12,0.0,0.0,0.0,0.0,0.0,0.0,5.12,0.0,0.0,0.0,0.0,0.0,0.0,0.0,0.0,0.0,0.0,0.0,0.0,0.0,5.12,0.0,0.0,0.0,0.0,0.0,0.0},fitness=net.sf.jclec.fitness.SimpleValueFitness@787508ca[value=86.77414117735769]]
Median individual: net.sf.jclec.realarray.RealArrayIndividual@47f04e4d[genotype={0.0,0.0,0.0,0.0,0.0,0.0,0.0,0.0,0.0,0.0,0.0,0.0,0.0,0.0,0.0,0.0,0.0,0.0,0.0,0.0,0.0,0.0,0.0,0.0,0.0,0.0,0.0,0.0,0.0,0.0},fitness=net.sf.jclec.fitness.SimpleValueFitness@388d14e[value=0.0]]
Average fitness = 2.6032242353207304
Fitness variance = 135.4518644808122
Generation 440 Report
Best individual: net.sf.jclec.realarray.RealArrayIndividual@1e84f3c8[genotype={0.0,0.0,0.0,0.0,0.0,0.0,0.0,0.0,0.0,0.0,0.0,0.0,0.0,0.0,0.0,0.0,0.0,0.0,0.0,0.0,0.0,0.0,0.0,0.0,0.0,0.0,0.0,0.0,0.0,0.0},fitness=net.sf.jclec.fitness.SimpleValueFitness@7b2ccba5[value=0.0]]
Worst individual: net.sf.jclec.realarray.RealArrayIndividual@7161457[genotype={0.0,5.12,0.0,0.0,0.0,5.12,0.0,0.0,0.0,0.0,0.0,0.0,0.0,0.0,0.0,5.12,0.0,5.12,0.0,0.0,0.0,0.0,0.0,0.0,0.0,0.0,0.0,0.0,0.0,0.0},fitness=net.sf.jclec.fitness.SimpleValueFitness@629984eb[value=115.69885490314358]]
Median individual: net.sf.jclec.realarray.RealArrayIndividual@e09f1b6[genotype={0.0,0.0,0.0,0.0,0.0,0.0,0.0,0.0,0.0,0.0,0.0,0.0,0.0,0.0,0.0,0.0,0.0,0.0,0.0,0.0,0.0,0.0,0.0,0.0,0.0,0.0,0.0,0.0,0.0,0.0},fitness=net.sf.jclec.fitness.SimpleValueFitness@11b32a14[value=0.0]]
Average fitness = 7.520425568704334
Fitness variance = 361.76273132491156
Generation 450 Report
Best individual: net.sf.jclec.realarray.RealArrayIndividual@7a687d8d[genotype={0.0,0.0,0.0,0.0,0.0,0.0,0.0,0.0,0.0,0.0,0.0,0.0,0.0,0.0,0.0,0.0,0.0,0.0,0.0,0.0,0.0,0.0,0.0,0.0,0.0,0.0,0.0,0.0,0.0,0.0},fitness=net.sf.jclec.fitness.SimpleValueFitness@67eec8e1[value=0.0]]
Worst individual: net.sf.jclec.realarray.RealArrayIndividual@7ebe2e47[genotype={0.0,0.0,0.0,0.0,0.0,5.12,0.0,5.12,0.0,0.0,0.0,5.12,0.0,0.0,0.0,0.0,0.0,0.0,0.0,0.0,0.0,0.0,0.0,0.0,0.0,0.0,0.0,0.0,0.0,0.0},fitness=net.sf.jclec.fitness.SimpleValueFitness@6bbab114[value=86.77414117735769]]
Median individual: net.sf.jclec.realarray.RealArrayIndividual@306c7bf6[genotype={0.0,0.0,0.0,0.0,0.0,0.0,0.0,0.0,0.0,0.0,0.0,0.0,0.0,0.0,0.0,0.0,0.0,0.0,0.0,0.0,0.0,0.0,0.0,0.0,0.0,0.0,0.0,0.0,0.0,0.0},fitness=net.sf.jclec.fitness.SimpleValueFitness@494c8f29[value=0.0]]
Average fitness = 6.074189882415038
Fitness variance = 239.19510843152688
Generation 460 Report
Best individual: net.sf.jclec.realarray.RealArrayIndividual@1a538ed8[genotype={0.0,0.0,0.0,0.0,0.0,0.0,0.0,0.0,0.0,0.0,0.0,0.0,0.0,0.0,0.0,0.0,0.0,0.0,0.0,0.0,0.0,0.0,0.0,0.0,0.0,0.0,0.0,0.0,0.0,0.0},fitness=net.sf.jclec.fitness.SimpleValueFitness@39dec536[value=0.0]]
Worst individual: net.sf.jclec.realarray.RealArrayIndividual@2c748a15[genotype={0.0,0.0,0.0,0.0,0.0,0.0,0.0,0.0,0.0,0.0,0.0,5.12,0.0,0.0,5.12,0.0,5.12,0.0,0.0,0.0,0.0,0.0,0.0,0.0,0.0,5.12,0.0,0.0,0.0,0.0},fitness=net.sf.jclec.fitness.SimpleValueFitness@115dcaea[value=115.69885490314358]]
Median individual: net.sf.jclec.realarray.RealArrayIndividual@2921199d[genotype={0.0,0.0,0.0,0.0,0.0,0.0,0.0,0.0,0.0,0.0,0.0,0.0,0.0,0.0,0.0,0.0,0.0,0.0,0.0,0.0,0.0,0.0,0.0,0.0,0.0,0.0,0.0,0.0,0.0,0.0},fitness=net.sf.jclec.fitness.SimpleValueFitness@7f13811b[value=0.0]]
Average fitness = 4.338707058867885
Fitness variance = 223.8009496517434
Generation 470 Report
Best individual: net.sf.jclec.realarray.RealArrayIndividual@2d5a1588[genotype={0.0,0.0,0.0,0.0,0.0,0.0,0.0,0.0,0.0,0.0,0.0,0.0,0.0,0.0,0.0,0.0,0.0,0.0,0.0,0.0,0.0,0.0,0.0,0.0,0.0,0.0,0.0,0.0,0.0,0.0},fitness=net.sf.jclec.fitness.SimpleValueFitness@125d47c4[value=0.0]]
Worst individual: net.sf.jclec.realarray.RealArrayIndividual@581b1c08[genotype={0.0,0.0,0.0,0.0,0.0,0.0,5.12,0.0,0.0,5.12,0.0,0.0,0.0,0.0,5.12,0.0,0.0,0.0,0.0,0.0,0.0,0.0,0.0,0.0,0.0,0.0,0.0,0.0,0.0,0.0},fitness=net.sf.jclec.fitness.SimpleValueFitness@78b7f805[value=86.77414117735769]]
Median individual: net.sf.jclec.realarray.RealArrayIndividual@432af457[genotype={0.0,0.0,0.0,0.0,0.0,0.0,0.0,0.0,0.0,0.0,0.0,0.0,0.0,0.0,0.0,0.0,0.0,0.0,0.0,0.0,0.0,0.0,0.0,0.0,0.0,0.0,0.0,0.0,0.0,0.0},fitness=net.sf.jclec.fitness.SimpleValueFitness@519c6fcc[value=0.0]]
Average fitness = 6.074189882415039
Fitness variance = 289.3934522786469
Generation 480 Report
Best individual: net.sf.jclec.realarray.RealArrayIndividual@2ce03e86[genotype={0.0,0.0,0.0,0.0,0.0,0.0,0.0,0.0,0.0,0.0,0.0,0.0,0.0,0.0,0.0,0.0,0.0,0.0,0.0,0.0,0.0,0.0,0.0,0.0,0.0,0.0,0.0,0.0,0.0,0.0},fitness=net.sf.jclec.fitness.SimpleValueFitness@9b47400[value=0.0]]
Worst individual: net.sf.jclec.realarray.RealArrayIndividual@515b9d4a[genotype={0.0,0.0,0.0,0.0,0.0,0.0,0.0,0.0,0.0,0.0,5.12,0.0,0.0,0.0,0.0,0.0,0.0,0.0,0.0,0.0,0.0,0.0,0.0,0.0,5.12,0.0,0.0,0.0,0.0,0.0},fitness=net.sf.jclec.fitness.SimpleValueFitness@32a4ecbe[value=57.84942745157179]]
Median individual: net.sf.jclec.realarray.RealArrayIndividual@58eac00e[genotype={0.0,0.0,0.0,0.0,0.0,0.0,0.0,0.0,0.0,0.0,0.0,0.0,0.0,0.0,0.0,0.0,0.0,0.0,0.0,0.0,0.0,0.0,0.0,0.0,0.0,0.0,0.0,0.0,0.0,0.0},fitness=net.sf.jclec.fitness.SimpleValueFitness@61149fa5[value=0.0]]
Average fitness = 6.363437019672899
Fitness variance = 210.49838853225657
Generation 490 Report
Best individual: net.sf.jclec.realarray.RealArrayIndividual@5d352de0[genotype={0.0,0.0,0.0,0.0,0.0,0.0,0.0,0.0,0.0,0.0,0.0,0.0,0.0,0.0,0.0,0.0,0.0,0.0,0.0,0.0,0.0,0.0,0.0,0.0,0.0,0.0,0.0,0.0,0.0,0.0},fitness=net.sf.jclec.fitness.SimpleValueFitness@7a1a3468[value=0.0]]
Worst individual: net.sf.jclec.realarray.RealArrayIndividual@69aabcb0[genotype={0.0,5.12,0.0,0.0,0.0,0.0,0.0,0.0,0.0,0.0,0.0,0.0,0.0,0.0,0.0,0.0,0.0,0.0,5.12,0.0,0.0,0.0,0.0,0.0,0.0,0.0,0.0,0.0,0.0,5.12},fitness=net.sf.jclec.fitness.SimpleValueFitness@15986dd5[value=86.77414117735769]]
Median individual: net.sf.jclec.realarray.RealArrayIndividual@677ce519[genotype={0.0,0.0,0.0,0.0,0.0,0.0,0.0,0.0,0.0,0.0,0.0,0.0,0.0,0.0,0.0,0.0,0.0,0.0,0.0,0.0,0.0,0.0,0.0,0.0,0.0,0.0,0.0,0.0,0.0,0.0},fitness=net.sf.jclec.fitness.SimpleValueFitness@7cfb0c4c[value=0.0]]
Average fitness = 6.0741898824150375
Fitness variance = 356.3245774081402
Generation 500 Report
Best individual: net.sf.jclec.realarray.RealArrayIndividual@1a9ec80e[genotype={0.0,0.0,0.0,0.0,0.0,0.0,0.0,0.0,0.0,0.0,0.0,0.0,0.0,0.0,0.0,0.0,0.0,0.0,0.0,0.0,0.0,0.0,0.0,0.0,0.0,0.0,0.0,0.0,0.0,0.0},fitness=net.sf.jclec.fitness.SimpleValueFitness@5f6b53ed[value=0.0]]
Worst individual: net.sf.jclec.realarray.RealArrayIndividual@62d40e31[genotype={0.0,0.0,0.0,0.0,5.12,0.0,0.0,0.0,5.12,0.0,0.0,0.0,0.0,0.0,0.0,5.12,0.0,0.0,0.0,0.0,0.0,0.0,0.0,0.0,0.0,0.0,0.0,0.0,5.12,0.0},fitness=net.sf.jclec.fitness.SimpleValueFitness@7ce29a2d[value=115.69885490314358]]
Median individual: net.sf.jclec.realarray.RealArrayIndividual@2d28fb02[genotype={0.0,0.0,0.0,0.0,0.0,0.0,0.0,0.0,0.0,0.0,0.0,0.0,0.0,0.0,0.0,0.0,0.0,0.0,0.0,0.0,0.0,0.0,0.0,0.0,0.0,0.0,0.0,0.0,0.0,0.0},fitness=net.sf.jclec.fitness.SimpleValueFitness@402f8592[value=0.0]]
Average fitness = 5.495695607899321
Fitness variance = 296.0865647915962
