Wed Nov 21 15.59.43 CET 2018
Generation 0 Report
Best individual: net.sf.jclec.realarray.RealArrayIndividual@4d76f3f8[genotype={0.03220267860447539,2.4175265255870313,1.0690718608422596,3.979134486890195,3.9317108463001107,3.461172610685158,1.4031591201809792,4.066751795987619,1.8328003667661876,2.9338883436696905,2.1289423807583696,2.937133058495068,4.154467164265115,0.7358727679553603,3.3030039090168675,1.9217627667663626,2.1644051402660645,1.9243745088572026,2.0651365795349985,2.779608644907388,1.9444398098687412,3.024982813792523,1.6444828147888426,0.14581356446019586,0.8559681362761852,3.170198217015865,2.6528029545004355,4.637962663226095,3.7720758631778226,0.9293440976725136},fitness=net.sf.jclec.fitness.SimpleValueFitness@23ab930d[value=402.3533181563882]]
Worst individual: net.sf.jclec.realarray.RealArrayIndividual@51521cc1[genotype={0.6915806195885383,4.3027719311476424,2.111530812118967,2.266582202701467,0.5145469066676823,4.936769085974675,1.7084185064576483,3.7372930162557987,3.6036816697070795,4.62518363684629,3.3159288666445463,1.4172181587264097,4.301535237254835,4.875368341770288,4.948558112556379,4.456993839628981,5.080576422410066,4.387828779607803,2.711794025902022,4.35019856150679,0.7596847717400715,1.440718909431806,1.8755043803240978,2.195127434957204,4.073696209362018,4.0080439825550265,2.9463854543771384,0.8415362897410095,5.081596789583416,4.58712703094679},fitness=net.sf.jclec.fitness.SimpleValueFitness@deb6432[value=675.0721959600625]]
Median individual: net.sf.jclec.realarray.RealArrayIndividual@26f0a63f[genotype={2.6535017641432006,3.973878277373456,1.232444961284453,2.3565365956791196,4.031584239220057,2.6179024885375766,4.436196722305687,4.747648168268036,4.6962739984717645,4.856707342917235,1.0576404549863994,0.5825283280839061,0.23770500354167096,2.178270120387932,1.4626325862909964,3.265708728633269,4.552905542968747,3.4781209367811114,0.4782668697062231,1.1698512944553878,1.1316249726699144,3.884375849740153,3.168461330467211,3.1447044442911185,2.0409490187942505,3.683417539857536,1.074875410290147,1.2512685449235847,1.035353850928171,1.2465225964795603},fitness=net.sf.jclec.fitness.SimpleValueFitness@53bd815b[value=538.3552173071687]]
Average fitness = 545.7888202957998
Fitness variance = 3332.7233300777734
Generation 10 Report
Best individual: net.sf.jclec.realarray.RealArrayIndividual@64c64813[genotype={0.13402774222428368,1.7719187886380972,0.8427061787461325,2.176584994514212,2.9750616622243315,1.047680342143206,1.330554626491378,1.9405308227169082,0.16576473449480755,0.08266795383709491,1.7055412399722112,1.3656509366330056,0.9821231466002479,0.021744056340651012,0.14956602742639669,1.1184147805831672,0.2336762396608041,2.0560596239691424,0.08188814130691129,1.9896031540524606,0.0050021935872696325,1.769150083602018,1.1232043500916127,1.8931127682742845,2.487151561817036,0.9317194501199171,1.002689810902887,2.699638855130041,0.8213546046969105,2.846450573303967},fitness=net.sf.jclec.fitness.SimpleValueFitness@483bf400[value=220.86366398822108]]
Worst individual: net.sf.jclec.realarray.RealArrayIndividual@4c75cab9[genotype={1.8798372542634547,0.06827675767076404,4.15264487342343,3.824841010272899,1.1386693859516719,0.7342914233077663,4.31130537340065,1.208674561542929,0.16576473449480755,1.916156262019891,0.8793773583587583,2.82857048353363,4.154467164265115,4.584756008180902,4.564894576517723,0.9478779941942934,2.1906958604917803,2.509712681034724,2.6426361017491105,2.4028788935425864,0.003902016012029116,0.22527359145967105,1.1232043500916127,1.8931127682742845,4.145512772541558,0.8165554316878367,3.048540506008718,2.518364473926154,0.8213546046969105,1.876946872371624},fitness=net.sf.jclec.fitness.SimpleValueFitness@6f79caec[value=415.2905058008597]]
Median individual: net.sf.jclec.realarray.RealArrayIndividual@5a39699c[genotype={1.8798372542634547,1.726166524252492,1.1244508048413153,2.176584994514212,1.1386693859516719,0.764280182689148,0.8912872843488441,1.9405308227169082,0.16576473449480755,0.854767386369342,2.1283936913780273,2.82857048353363,4.77403138059985,0.7358727679553603,1.7225367717023916,1.1184147805831672,2.1906958604917803,3.6800267936484783,3.3102967544648205,3.2263578030688214,3.4152636839005504,2.932784959144835,1.1232043500916127,2.173662583469592,2.6147852656666624,0.8437088337144636,1.002689810902887,3.934506041955827,0.3846759567205469,0.8812722637053871},fitness=net.sf.jclec.fitness.SimpleValueFitness@56cbfb61[value=353.3958448281132]]
Average fitness = 333.76495150859506
Fitness variance = 1468.6828166992782
Generation 20 Report
Best individual: net.sf.jclec.realarray.RealArrayIndividual@731a74c[genotype={0.13402774222428368,0.06827675767076404,1.2575460633670872,0.06572463841600422,2.9750616622243315,1.047680342143206,0.9968950684629443,1.9405308227169082,0.16576473449480755,0.08266795383709491,0.8793773583587583,0.21254859311554922,0.9821231466002479,0.021744056340651012,0.14956602742639669,1.1184147805831672,2.1906958604917803,2.0560596239691424,0.08188814130691129,3.280886032165763,0.0050021935872696325,0.22527359145967105,1.1232043500916127,1.8931127682742845,0.004606936103504385,1.0269038456433803,1.002689810902887,3.934506041955827,0.8213546046969105,1.0751368005064694},fitness=net.sf.jclec.fitness.SimpleValueFitness@1f28c152[value=145.28575411923913]]
Worst individual: net.sf.jclec.realarray.RealArrayIndividual@7dc7cbad[genotype={0.04672808863812353,1.3078675426210997,1.2575460633670872,2.176584994514212,2.9750616622243315,1.4710928297593862,1.330554626491378,1.9405308227169082,0.16576473449480755,0.051561024176060566,1.4813407705663257,2.82857048353363,0.9821231466002479,0.021744056340651012,0.14956602742639669,1.1184147805831672,0.2336762396608041,2.0560596239691424,0.9416288477182603,3.280886032165763,0.0050021935872696325,3.8117660465304155,1.1232043500916127,1.8931127682742845,0.004606936103504385,0.8165554316878367,0.9255015352946038,2.699638855130041,0.9949275621752331,1.0751368005064694},fitness=net.sf.jclec.fitness.SimpleValueFitness@4f933fd1[value=241.03272833511787]]
Median individual: net.sf.jclec.realarray.RealArrayIndividual@7cd62f43[genotype={0.13402774222428368,1.726166524252492,0.8427061787461325,2.176584994514212,2.9750616622243315,1.6947604784364536,3.9886103024446453,1.9405308227169082,1.039854020804858,1.916156262019891,1.7055412399722112,0.21254859311554922,0.9821231466002479,0.021744056340651012,0.14956602742639669,1.1184147805831672,0.2336762396608041,3.9591055709390055,0.08188814130691129,1.9241892909947935,0.0050021935872696325,0.22527359145967105,1.1232043500916127,1.8931127682742845,0.004606936103504385,1.0269038456433803,1.002689810902887,3.934506041955827,1.8924672189593565,0.8812722637053871},fitness=net.sf.jclec.fitness.SimpleValueFitness@6093dd95[value=195.16133144611334]]
Average fitness = 191.1046101231288
Fitness variance = 347.11371399252675
Generation 30 Report
Best individual: net.sf.jclec.realarray.RealArrayIndividual@7e0e6aa2[genotype={0.13402774222428368,0.06827675767076404,0.8427061787461325,0.06572463841600422,1.0608298310090614,0.9859908512915744,0.9968950684629443,1.9405308227169082,1.0340801175372802,0.08266795383709491,0.8793773583587583,0.21254859311554922,0.9821231466002479,0.021744056340651012,0.14956602742639669,0.9478779941942934,0.2336762396608041,2.0560596239691424,0.08188814130691129,1.9241892909947935,0.0050021935872696325,0.22527359145967105,1.1232043500916127,1.7660949429980612,0.004606936103504385,1.0269038456433803,1.002689810902887,3.934506041955827,0.9949275621752331,1.0751368005064694},fitness=net.sf.jclec.fitness.SimpleValueFitness@18bf3d14[value=105.64070278368614]]
Worst individual: net.sf.jclec.realarray.RealArrayIndividual@6325a3ee[genotype={0.13402774222428368,0.06827675767076404,0.8427061787461325,0.07179177898364197,2.9750616622243315,1.047680342143206,0.19948060340999732,1.9405308227169082,0.16576473449480755,2.289278013152815,2.972202160307708,0.21254859311554922,0.9821231466002479,0.021744056340651012,0.14956602742639669,1.1184147805831672,2.1906958604917803,2.0560596239691424,0.9416288477182603,1.9896031540524606,0.0050021935872696325,0.22527359145967105,2.047035127644676,1.8931127682742845,0.004606936103504385,1.0269038456433803,3.048540506008718,2.699638855130041,1.1364707058633234,1.0751368005064694},fitness=net.sf.jclec.fitness.SimpleValueFitness@67b92f0a[value=159.64760465850043]]
Median individual: net.sf.jclec.realarray.RealArrayIndividual@4b553d26[genotype={0.13402774222428368,0.06827675767076404,1.9479759914150152,2.176584994514212,1.0608298310090614,1.047680342143206,0.19948060340999732,1.9405308227169082,1.039854020804858,0.16536739504995238,0.8793773583587583,0.21254859311554922,0.9821231466002479,0.021744056340651012,0.14956602742639669,1.1184147805831672,0.2336762396608041,1.075598359814704,0.08188814130691129,1.9241892909947935,0.0050021935872696325,0.22527359145967105,1.1232043500916127,2.0122780752294274,0.004606936103504385,1.0269038456433803,0.7531861825179291,2.988831818342323,0.8213546046969105,0.9116090666834169},fitness=net.sf.jclec.fitness.SimpleValueFitness@86be70a[value=123.66655379363523]]
Average fitness = 126.00797244834399
Fitness variance = 132.81557255022562
Generation 40 Report
Best individual: net.sf.jclec.realarray.RealArrayIndividual@7e9a5fbe[genotype={0.13402774222428368,0.06827675767076404,1.046385440112148,0.06572463841600422,1.0608298310090614,1.047680342143206,0.9968950684629443,1.9405308227169082,1.039854020804858,0.08266795383709491,0.8793773583587583,0.21254859311554922,0.9821231466002479,0.021744056340651012,0.14956602742639669,0.9478779941942934,0.15343604062632066,1.075598359814704,0.08188814130691129,1.9241892909947935,0.0050021935872696325,2.060239156054898,1.1232043500916127,1.8931127682742845,0.004606936103504385,0.9317194501199171,1.002689810902887,2.988831818342323,0.9949275621752331,1.0751368005064694},fitness=net.sf.jclec.fitness.SimpleValueFitness@71623278[value=78.60431783462298]]
Worst individual: net.sf.jclec.realarray.RealArrayIndividual@47db50c5[genotype={0.13402774222428368,0.06827675767076404,1.046385440112148,0.3256902050143769,1.0608298310090614,1.2612491798674004,0.9968950684629443,1.9405308227169082,1.039854020804858,0.08266795383709491,0.8793773583587583,0.21254859311554922,0.9821231466002479,0.021744056340651012,0.14956602742639669,1.3382693949723714,0.15343604062632066,2.0560596239691424,0.08188814130691129,1.9241892909947935,0.0050021935872696325,0.22527359145967105,1.1232043500916127,1.8931127682742845,0.6470484794686141,1.0269038456433803,1.002689810902887,3.934506041955827,0.8213546046969105,1.0751368005064694},fitness=net.sf.jclec.fitness.SimpleValueFitness@4d1b0d2a[value=153.51988734440724]]
Median individual: net.sf.jclec.realarray.RealArrayIndividual@1188e820[genotype={0.13402774222428368,0.06827675767076404,1.046385440112148,0.06572463841600422,1.0608298310090614,1.047680342143206,0.9968950684629443,1.9405308227169082,1.0340801175372802,0.08266795383709491,0.9469295767435615,0.21254859311554922,0.9821231466002479,0.021744056340651012,0.14956602742639669,0.9478779941942934,0.2336762396608041,2.0560596239691424,0.08188814130691129,1.9241892909947935,0.0050021935872696325,2.060239156054898,1.1232043500916127,1.8931127682742845,0.004606936103504385,1.0269038456433803,1.002689810902887,2.988831818342323,0.9949275621752331,1.0751368005064694},fitness=net.sf.jclec.fitness.SimpleValueFitness@101df177[value=83.15498303161189]]
Average fitness = 92.25522795647919
Fitness variance = 83.57901122177645
Generation 50 Report
Best individual: net.sf.jclec.realarray.RealArrayIndividual@12b0404f[genotype={0.13402774222428368,0.06827675767076404,1.046385440112148,0.06572463841600422,1.0608298310090614,0.9859908512915744,0.9968950684629443,1.9405308227169082,1.0340801175372802,0.08266795383709491,0.9469295767435615,0.21254859311554922,0.9821231466002479,0.021744056340651012,0.14956602742639669,0.9478779941942934,0.15343604062632066,1.0626007703491083,0.08188814130691129,1.9896031540524606,0.0050021935872696325,2.060239156054898,0.9922822600739623,2.0122780752294274,0.004606936103504385,1.0269038456433803,1.002689810902887,2.988831818342323,0.9949275621752331,1.0751368005064694},fitness=net.sf.jclec.fitness.SimpleValueFitness@5276e6b0[value=69.33801050808633]]
Worst individual: net.sf.jclec.realarray.RealArrayIndividual@15bb6bea[genotype={0.13402774222428368,0.06827675767076404,1.046385440112148,0.06572463841600422,1.0608298310090614,0.9859908512915744,0.9968950684629443,1.9405308227169082,1.0340801175372802,0.08266795383709491,0.9336943223261521,0.24933290101152372,0.9663019892198623,0.021744056340651012,0.14956602742639669,0.9478779941942934,0.2263377095371782,1.4213860169272152,0.08188814130691129,2.1503406401500906,0.0050021935872696325,2.060239156054898,1.1232043500916127,2.0122780752294274,0.004606936103504385,1.0269038456433803,0.9608959825425056,3.012587811680133,0.9949275621752331,1.053377842599048},fitness=net.sf.jclec.fitness.SimpleValueFitness@2d2e5f00[value=102.91565598397045]]
Median individual: net.sf.jclec.realarray.RealArrayIndividual@327b636c[genotype={0.13402774222428368,0.06615629018374165,1.046385440112148,0.06572463841600422,1.0608298310090614,0.9859908512915744,0.9968950684629443,1.9405308227169082,1.039854020804858,0.08266795383709491,0.8793773583587583,0.21254859311554922,0.9821231466002479,0.021744056340651012,0.14956602742639669,0.9478779941942934,0.15343604062632066,1.0626007703491083,0.08188814130691129,1.9241892909947935,0.0050021935872696325,2.060239156054898,1.1232043500916127,1.8931127682742845,0.004606936103504385,1.0269038456433803,1.002689810902887,2.988831818342323,0.9949275621752331,1.0751368005064694},fitness=net.sf.jclec.fitness.SimpleValueFitness@60611244[value=77.06875228014056]]
Average fitness = 75.07437895147503
Fitness variance = 18.489746362535698
Generation 60 Report
Best individual: net.sf.jclec.realarray.RealArrayIndividual@399f45b1[genotype={0.9905510290521091,0.06827675767076404,1.046385440112148,0.06456107038927195,1.0608298310090614,0.9859908512915744,0.9968950684629443,1.9405308227169082,1.0340801175372802,0.08266795383709491,0.9469295767435615,0.21254859311554922,0.9821231466002479,0.021744056340651012,0.14956602742639669,1.0330902226984262,0.1532511051488258,0.9863534885096984,0.07140661563314293,1.9896031540524606,0.0050021935872696325,2.060239156054898,0.9922822600739623,2.0122780752294274,0.004606936103504385,1.0120244230373714,1.002689810902887,2.988831818342323,0.9949275621752331,1.0751368005064694},fitness=net.sf.jclec.fitness.SimpleValueFitness@478190fc[value=65.457449778878]]
Worst individual: net.sf.jclec.realarray.RealArrayIndividual@6d2a209c[genotype={0.9905510290521091,0.06827675767076404,1.046385440112148,0.06456107038927195,1.0723019736632589,0.9859908512915744,0.9968950684629443,1.9405308227169082,1.0340801175372802,0.08266795383709491,0.9469295767435615,0.21254859311554922,1.1474318535320072,0.021744056340651012,0.14956602742639669,0.9478779941942934,0.15343604062632066,1.0610736705588966,0.07140661563314293,1.9896031540524606,0.0050021935872696325,2.060239156054898,0.9922822600739623,2.0122780752294274,0.0044316323340448625,1.0269038456433803,1.002689810902887,2.988831818342323,0.9949275621752331,1.0751368005064694},fitness=net.sf.jclec.fitness.SimpleValueFitness@161479c6[value=71.20049163621157]]
Median individual: net.sf.jclec.realarray.RealArrayIndividual@76508ed1[genotype={0.9905510290521091,0.06827675767076404,1.0408212522703706,0.06456107038927195,1.0608298310090614,0.9859908512915744,0.9968950684629443,1.9405308227169082,1.0340801175372802,0.08266795383709491,0.9469295767435615,0.21254859311554922,0.9821231466002479,0.021744056340651012,0.1413982770914488,0.9478779941942934,0.15343604062632066,1.0626007703491083,0.07140661563314293,1.9896031540524606,0.0050021935872696325,2.060239156054898,0.9922822600739623,2.0122780752294274,0.004606936103504385,1.0269038456433803,1.002689810902887,2.988831818342323,0.9949275621752331,1.0751368005064694},fitness=net.sf.jclec.fitness.SimpleValueFitness@15c43bd9[value=66.12684999152268]]
Average fitness = 66.54839374512245
Fitness variance = 0.703975366587656
Generation 70 Report
Best individual: net.sf.jclec.realarray.RealArrayIndividual@815b41f[genotype={0.9905510290521091,0.06827675767076404,1.046385440112148,0.06456107038927195,1.0551327998784934,0.9859908512915744,0.9968950684629443,1.9405308227169082,1.0340801175372802,0.08266795383709491,1.0040332719824674,0.21254859311554922,0.9821231466002479,0.021744056340651012,0.13710928057560065,1.0330902226984262,0.15343604062632066,0.9863534885096984,0.07140661563314293,1.9896031540524606,0.0050021935872696325,2.0237638906678033,0.9922822600739623,2.0122780752294274,0.004606936103504385,1.0120244230373714,1.0094743229639855,2.988831818342323,0.9949275621752331,1.0751368005064694},fitness=net.sf.jclec.fitness.SimpleValueFitness@1573f9fc[value=63.55891176236345]]
Worst individual: net.sf.jclec.realarray.RealArrayIndividual@6ad82709[genotype={0.9905510290521091,0.06827675767076404,1.046385440112148,0.06456107038927195,1.0608298310090614,0.9884589394755753,0.9968950684629443,1.9405308227169082,1.0340801175372802,0.08266795383709491,0.9469295767435615,0.21254859311554922,0.9785217578384382,0.021715011925927827,0.1413982770914488,0.9478779941942934,0.15343604062632066,1.0673454797262718,0.07140661563314293,1.9896031540524606,0.0050021935872696325,2.0237638906678033,0.9922822600739623,2.0122780752294274,0.004606936103504385,0.9978534569773316,1.002689810902887,3.0092150252994325,0.9949275621752331,1.0751368005064694},fitness=net.sf.jclec.fitness.SimpleValueFitness@7817fd62[value=65.54301512123745]]
Median individual: net.sf.jclec.realarray.RealArrayIndividual@c730b35[genotype={0.9905510290521091,0.06827675767076404,1.046385440112148,0.06456107038927195,1.0608298310090614,0.9859908512915744,0.9968950684629443,1.9405308227169082,1.0340801175372802,0.08266795383709491,1.0040332719824674,0.21254859311554922,0.9821231466002479,0.021744056340651012,0.1413982770914488,1.0330902226984262,0.15343604062632066,1.0626007703491083,0.07140661563314293,1.9896031540524606,0.0050021935872696325,2.0237638906678033,0.9922822600739623,2.0122780752294274,0.004606936103504385,1.0269038456433803,1.002689810902887,2.988831818342323,0.9949275621752331,1.0751368005064694},fitness=net.sf.jclec.fitness.SimpleValueFitness@292b08d6[value=64.90405258445269]]
Average fitness = 64.32984142319779
Fitness variance = 0.1999372856826085
Generation 80 Report
Best individual: net.sf.jclec.realarray.RealArrayIndividual@732c2a62[genotype={0.9905510290521091,0.06827675767076404,1.046385440112148,0.06456107038927195,1.0551327998784934,0.9859908512915744,0.9968950684629443,1.942653538036686,1.0340801175372802,0.08266795383709491,1.0040332719824674,0.21254859311554922,0.9821231466002479,0.021744056340651012,0.13710928057560065,1.028939113509933,0.15343604062632066,0.9863534885096984,0.07140661563314293,1.9896031540524606,0.0050021935872696325,2.0237638906678033,0.9922822600739623,2.0122780752294274,0.004606936103504385,0.9978534569773316,1.0045362583065371,2.980450176791378,0.9949275621752331,1.0735038803252581},fitness=net.sf.jclec.fitness.SimpleValueFitness@41fecb8b[value=63.33154806940357]]
Worst individual: net.sf.jclec.realarray.RealArrayIndividual@79d8407f[genotype={0.9905510290521091,0.06827675767076404,1.046385440112148,0.06456107038927195,1.0551327998784934,0.9859908512915744,0.9968950684629443,1.9418781323966157,1.0340801175372802,0.08266795383709491,1.0040332719824674,0.21254859311554922,0.9821231466002479,0.021507497392951297,0.14108550600534434,1.028939113509933,0.15343604062632066,0.9863534885096984,0.07122110667140004,1.9896031540524606,0.0050021935872696325,2.022827758539064,0.9928365627055201,2.0122780752294274,0.004606936103504385,0.9978534569773316,1.002689810902887,2.988831818342323,0.9949275621752331,1.0751368005064694},fitness=net.sf.jclec.fitness.SimpleValueFitness@1e66f1f5[value=63.56117751196693]]
Median individual: net.sf.jclec.realarray.RealArrayIndividual@3cc1435c[genotype={0.9905510290521091,0.06827675767076404,1.046385440112148,0.06456107038927195,1.0551327998784934,0.9847327980995942,0.9968950684629443,1.9405308227169082,1.0340801175372802,0.08254040942362065,1.0040332719824674,0.21254859311554922,0.9821231466002479,0.021507497392951297,0.13710928057560065,1.0330902226984262,0.15343604062632066,0.9863534885096984,0.07140661563314293,1.993450864834611,0.0050021935872696325,2.0237638906678033,0.9922822600739623,2.0122780752294274,0.004606936103504385,0.9978534569773316,1.002689810902887,2.988831818342323,0.9946883212314512,1.0735038803252581},fitness=net.sf.jclec.fitness.SimpleValueFitness@dd0c991[value=63.42441584300113]]
Average fitness = 63.421960310223255
Fitness variance = 0.001297946361319191
Generation 90 Report
Best individual: net.sf.jclec.realarray.RealArrayIndividual@53aac487[genotype={0.9906967990928991,0.06827675767076404,1.046385440112148,0.06456107038927195,1.0551327998784934,0.9859908512915744,0.9962966175957972,1.94599261034354,1.0340801175372802,0.08266795383709491,1.0040332719824674,0.21254859311554922,0.9821231466002479,0.021744056340651012,0.13697568373454316,1.028939113509933,0.15332708233924222,0.9863534885096984,0.07140661563314293,1.9898328081976664,0.0050021935872696325,2.0222562035036673,0.9922822600739623,2.0061655856249248,0.004606936103504385,0.9978534569773316,0.9988341719624532,2.980450176791378,0.9949275621752331,1.0735038803252581},fitness=net.sf.jclec.fitness.SimpleValueFitness@273e7444[value=63.17814366782328]]
Worst individual: net.sf.jclec.realarray.RealArrayIndividual@485966cc[genotype={0.9880945962702262,0.06827675767076404,1.046385440112148,0.06456107038927195,1.0551327998784934,0.9859908512915744,0.996371975452098,1.9418781323966157,1.0340801175372802,0.08266795383709491,1.0040332719824674,0.21254859311554922,0.9821231466002479,0.021744056340651012,0.13710928057560065,1.028939113509933,0.15343604062632066,0.9856935155082405,0.07140661563314293,1.9896031540524606,0.0050021935872696325,2.0237638906678033,0.9922822600739623,2.006267970017392,0.004606936103504385,0.9978534569773316,1.0024372133945232,2.988831818342323,0.9949275621752331,1.0735038803252581},fitness=net.sf.jclec.fitness.SimpleValueFitness@54bff557[value=63.29935131603145]]
Median individual: net.sf.jclec.realarray.RealArrayIndividual@4f2b503c[genotype={0.9905510290521091,0.06827675767076404,1.046385440112148,0.06456107038927195,1.0551327998784934,0.9859908512915744,0.9962966175957972,1.9448598229281653,1.0340801175372802,0.08266795383709491,1.0040332719824674,0.21254859311554922,0.9821231466002479,0.021775783357762767,0.13710928057560065,1.028939113509933,0.15343604062632066,0.9856935155082405,0.07140661563314293,1.9898328081976664,0.0050021935872696325,2.0222562035036673,0.9922822600739623,2.006267970017392,0.004606936103504385,0.9978534569773316,1.0024372133945232,2.988831818342323,0.9949275621752331,1.0735038803252581},fitness=net.sf.jclec.fitness.SimpleValueFitness@209da20d[value=63.2206573757817]]
Average fitness = 63.21905533817321
Fitness variance = 3.361909029990784E-4
Generation 100 Report
Best individual: net.sf.jclec.realarray.RealArrayIndividual@63376bed[genotype={0.9906967990928991,0.06827675767076404,1.046385440112148,0.06456107038927195,1.0551327998784934,0.9890185420942302,0.9962966175957972,1.94599261034354,1.0340801175372802,0.08254040942362065,1.0040332719824674,0.21254859311554922,0.9821231466002479,0.021127231247411157,0.13697568373454316,1.028939113509933,0.15332708233924222,0.9863534885096984,0.07120459977594552,1.9896031540524606,0.0050021935872696325,2.0222562035036673,0.9922822600739623,2.0061655856249248,0.004606936103504385,0.9978534569773316,0.9988341719624532,2.988831818342323,0.9949275621752331,1.0735038803252581},fitness=net.sf.jclec.fitness.SimpleValueFitness@d86a6f[value=63.153762297398615]]
Worst individual: net.sf.jclec.realarray.RealArrayIndividual@2dfaea86[genotype={0.9905510290521091,0.06827675767076404,1.046385440112148,0.06456107038927195,1.0551327998784934,0.9890185420942302,0.9968950684629443,1.94599261034354,1.0340801060368174,0.08266795383709491,1.0040332719824674,0.21254859311554922,0.9821231466002479,0.021744056340651012,0.13697568373454316,1.028939113509933,0.15342080138298544,0.9863534885096984,0.07140593911103864,1.9896031540524606,0.0050021935872696325,2.0222562035036673,0.9955748059096605,2.0061655856249248,0.004606936103504385,0.9977935296003204,0.9988341719624532,2.988831818342323,0.9949271894222704,1.0735038803252581},fitness=net.sf.jclec.fitness.SimpleValueFitness@33ecda92[value=63.17258870170066]]
Median individual: net.sf.jclec.realarray.RealArrayIndividual@5386659f[genotype={0.9905510290521091,0.06827675767076404,1.0464395432473172,0.06456107038927195,1.0551327998784934,0.9890185420942302,0.996371975452098,1.94599261034354,1.0340801175372802,0.08266795383709491,1.0040332719824674,0.21254859311554922,0.9821231466002479,0.021507497392951297,0.13697568373454316,1.028939113509933,0.15342080138298544,0.9863534885096984,0.07120459977594552,1.9896031540524606,0.005002180552403239,2.0222562035036673,0.9955744156893321,2.006267970017392,0.004606936101237485,0.9978534569773316,0.9988341719624532,2.980450176791378,0.9949271894222704,1.0735038803252581},fitness=net.sf.jclec.fitness.SimpleValueFitness@cecf639[value=63.16723447530538]]
Average fitness = 63.1615968489642
Fitness variance = 1.8027651549346047E-5
Generation 110 Report
Best individual: net.sf.jclec.realarray.RealArrayIndividual@5d908d47[genotype={0.9906967990928991,0.06827541657915567,1.046385440273974,0.0644899824420041,1.0551327998784934,0.9890185420942302,0.9962966175957972,1.94599261034354,1.0340801175372802,0.08254040942362065,1.0040332719824674,0.21254859311554922,0.9821231466002479,0.021127231247411157,0.13697568373454316,1.028939113509933,0.15332708233924222,0.9863534885096984,0.07120459977594552,1.9896031540524606,0.0050021935872696325,2.0222562035036673,0.9955744156893321,2.0061655856249248,0.004602148736599837,0.9978534569773316,0.9988341719624532,2.988831818342323,0.9949271894222704,1.0735038803252581},fitness=net.sf.jclec.fitness.SimpleValueFitness@1f9f6368[value=63.150602589850166]]
Worst individual: net.sf.jclec.realarray.RealArrayIndividual@55de24cc[genotype={0.9906967990928991,0.06827675767076404,1.046385440112148,0.06456107038927195,1.0551327998784934,0.9890185420942302,0.9962966175957972,1.94599261034354,1.0340801175372802,0.08254040942362065,1.0040332719824674,0.21254859311554922,0.9821231466002479,0.021127231247411157,0.1369760229976482,1.028939113509933,0.15333310630868127,0.9863621937527783,0.07120459977594552,1.9898328081976664,0.0050021935872696325,2.0222562035036673,0.9955744156893321,2.0061655856249248,0.004606936103504385,0.9978534569773316,0.9988341719624532,2.988831818342323,0.9949271894222704,1.0735038803252581},fitness=net.sf.jclec.fitness.SimpleValueFitness@30f842ca[value=63.152698989647945]]
Median individual: net.sf.jclec.realarray.RealArrayIndividual@10289886[genotype={0.9906967990928991,0.06827675767076404,1.0463854424758723,0.06456107038927195,1.0551327998784934,0.9890185420942302,0.9962966175957972,1.94599261034354,1.0340801175372802,0.08254038593783918,1.0040332719824674,0.21254859311554922,0.9821231466002479,0.021127231247411157,0.13697568373454316,1.028939113509933,0.15332708233924222,0.9863534885096984,0.07120459977594552,1.9898328487479706,0.005002194283758637,2.0222562035036673,0.9955744156893321,2.0061655856249248,0.004606936103504385,0.9978534569773316,0.9988341719624532,2.988831818342323,0.9949275621752331,1.0735038803252581},fitness=net.sf.jclec.fitness.SimpleValueFitness@461ad730[value=63.15239904892928]]
Average fitness = 63.15220390264095
Fitness variance = 1.6079002307378687E-7
Generation 120 Report
Best individual: net.sf.jclec.realarray.RealArrayIndividual@72ade7e3[genotype={0.9906967990928991,0.06827675767076404,1.046385440112148,0.06453778820861632,1.0551327998784934,0.9890303154827592,0.9963138767702223,1.94599261034354,1.0340801175372802,0.08254040942362065,1.0040332719824674,0.21088177408873465,0.9825973311760549,0.01735447690550248,0.13697568373454316,1.028939113509933,0.1532613926908016,0.9863534885096984,0.07120459977594552,1.9898328487479706,0.0050021935872696325,2.0222090166321913,0.9955827508399628,2.0071142251600267,0.004607136852419928,0.9977935296003204,0.9988341719624532,2.9888318134628897,0.9949271894222704,1.0685937235430962},fitness=net.sf.jclec.fitness.SimpleValueFitness@3fce8fd9[value=62.87679218288231]]
Worst individual: net.sf.jclec.realarray.RealArrayIndividual@5cdec700[genotype={0.9906967990928991,0.06827675767076404,1.0463854424758723,0.0644899824420041,1.0551327998784934,0.9890185420942302,0.9962966175957972,1.94599261034354,1.0340801175372802,0.08254040942362065,1.0040332719824674,0.2125757649981587,0.9821231466002479,0.021127231247411157,0.13697568373454316,1.028939113509933,0.15329533919939828,0.9863534885096984,0.07120461085285418,1.9898328487479706,0.0050021935872696325,2.0222090166321913,0.9955744156893321,2.0061655856249248,0.004602148736599837,0.9977935296003204,0.9988341719624532,2.988831818342323,0.9949271894222704,1.0735038803252581},fitness=net.sf.jclec.fitness.SimpleValueFitness@78aa1f72[value=63.14997319183048]]
Median individual: net.sf.jclec.realarray.RealArrayIndividual@27508c5d[genotype={0.9906967990928991,0.06827675767076404,1.0463854424758723,0.0644899824420041,1.0551327998784934,0.9890185420942302,0.9963138767702223,1.94599261034354,1.0340801175372802,0.08254040942362065,1.0040332719824674,0.21254859311554922,0.982149546399984,0.01735447690550248,0.13697590253511172,1.028939113509933,0.15332708233924222,0.9863534885096984,0.07120459977594552,1.9898328081976664,0.0050021935872696325,2.0222090166321913,0.9955744156893321,2.006140298820138,0.004606936103504385,0.9977935296003204,0.9988341719624532,2.988831818342323,0.9939230962393196,1.0735038803252581},fitness=net.sf.jclec.fitness.SimpleValueFitness@4b5189ac[value=63.121159971898365]]
Average fitness = 63.119628286469386
Fitness variance = 0.002468938761012396
Generation 130 Report
Best individual: net.sf.jclec.realarray.RealArrayIndividual@17d88132[genotype={0.9906967990928991,0.05986166972528165,1.0228665833371895,0.057414255385683746,1.0549221577276524,0.9890303154827592,0.9962966456188878,1.94599261034354,1.033999057998106,0.08254040942362065,1.0040332719824674,0.18804453027756213,0.982149546399984,0.01735447690550248,0.13381866761695668,1.028939113509933,0.15028429845646044,0.9863534885096984,0.07065802074286447,1.9898327904184467,0.0050021935872696325,2.021648266673921,0.9955744156893321,2.00617099254721,0.004607136852419928,0.9978534569773316,0.9988341719624532,2.988831818342323,0.9949271894222704,1.0735038803252581},fitness=net.sf.jclec.fitness.SimpleValueFitness@16eccb2e[value=60.570113029571786]]
Worst individual: net.sf.jclec.realarray.RealArrayIndividual@54eb2b70[genotype={0.9906967990928991,0.06827675767076404,1.046385440112148,0.0644899824420041,1.0551327998784934,0.9890303154827592,0.9957114064234205,1.94599261034354,1.0340931429930453,0.08254040942362065,1.0040332719824674,0.21244579997953192,0.9820470765281176,0.01735447690550248,0.1328556102819331,1.0303502447005253,0.15028429845646044,0.9863534885096984,0.07065802074286447,1.9898328081976664,0.004809293917300686,2.021648266673921,0.9955744156893321,2.0061655856249248,0.004606936103504385,0.9978534569773316,0.9988341719624532,2.9888318134628897,0.9945121368327274,1.0733013631352293},fitness=net.sf.jclec.fitness.SimpleValueFitness@63611043[value=62.75413491491865]]
Median individual: net.sf.jclec.realarray.RealArrayIndividual@5ef5c734[genotype={0.9906967990928991,0.05986166972528165,1.046385440112148,0.0644899824420041,1.0556079356928607,0.9890303154827592,0.9962966456188878,1.9507690272557805,1.033999057998106,0.08254040942362065,1.0040332719824674,0.19955191769790045,0.9821231466002479,0.016358430482759406,0.13381866761695668,1.028939113509933,0.15028429845646044,0.986493493866042,0.07120461085285418,1.9896031540524606,0.0050021935872696325,2.021648266673921,0.9955744156893321,2.006168832609675,0.004602148736599837,0.9978534569773316,0.9988341719624532,2.990044430523143,0.9949271894222704,1.0735038803252581},fitness=net.sf.jclec.fitness.SimpleValueFitness@36b4091c[value=61.736339869362425]]
Average fitness = 61.85169049351232
Fitness variance = 0.1365199611072967
Generation 140 Report
Best individual: net.sf.jclec.realarray.RealArrayIndividual@4b23c30a[genotype={0.9741941590176018,0.05986166972528165,1.0228665833371895,0.057414255385683746,1.0551327998784934,0.9890185420942302,0.9963138767702223,1.94599261034354,1.033999057998106,0.0,1.0040332719824674,0.18804453027756213,0.9993526374887433,0.01735447690550248,0.03178061123961634,1.0249472069151344,0.11989650657161308,0.9863534885096984,0.06605051201920588,1.9945592518420092,0.0,2.0029399760626525,0.9955744156893321,2.006168832609675,0.004606936103504385,0.9990486429707864,0.9988341719624532,2.9510014360581995,0.9939230962393196,1.047990401745544},fitness=net.sf.jclec.fitness.SimpleValueFitness@30e868be[value=53.951634647686056]]
Worst individual: net.sf.jclec.realarray.RealArrayIndividual@58326051[genotype={0.9906967990928991,0.018416489515916498,1.0248642041279479,0.0644899824420041,0.9660912178992068,0.9890303154827592,0.9963138767702223,1.94599261034354,1.033999057998106,0.08254040942362065,1.0040332719824674,0.18804453027756213,0.9825973311760549,0.01735447690550248,0.13381866761695668,1.028939113509933,0.15051850785394275,0.9863534885096984,0.06578127490930513,1.9898327904184467,0.0050021935872696325,2.047028376694968,0.9170501530553212,2.006168832609675,0.004606936103504385,0.9977935296003204,1.0108165754480136,2.976742725933548,0.9961367436794699,1.0735038803252581},fitness=net.sf.jclec.fitness.SimpleValueFitness@64bce832[value=61.13823485289814]]
Median individual: net.sf.jclec.realarray.RealArrayIndividual@bcef303[genotype={0.9906967990928991,0.05986166972528165,1.0228665833371895,0.049279734218625,1.0551327998784934,0.9890185420942302,0.9962966456188878,1.94599261034354,1.033999057998106,0.07926781682604296,1.0004159667856947,0.18804453027756213,0.9821231466002479,0.01735447690550248,0.1219963526060412,1.028939113509933,0.15028429845646044,0.9863534885096984,0.07065802074286447,1.9898328081976664,0.0050021935872696325,2.021648266673921,0.9955919227946334,2.006168832609675,0.004606936103504385,0.9978534569773316,0.9988341719624532,2.976742725933548,0.9961367436794699,1.0685937235430962},fitness=net.sf.jclec.fitness.SimpleValueFitness@42039326[value=59.623937868308985]]
Average fitness = 57.983735290197075
Fitness variance = 2.958544255052402
Generation 150 Report
Best individual: net.sf.jclec.realarray.RealArrayIndividual@4ff4357f[genotype={0.9906967990928991,0.05986166972528165,1.0228665833371895,0.0,1.0602993828256755,0.9890185420942302,0.9962966456188878,1.94599261034354,1.033999057998106,0.02348051810279659,1.0040332719824674,0.0,0.982149546399984,0.01735447690550248,0.0,1.0249472069151344,0.0,0.9863534885096984,0.06578127490930513,1.9945592518420092,0.004809293917300686,2.021648266673921,0.9955744156893321,2.006168832609675,0.004606936103504385,0.9978534569773316,0.9988341719624532,2.990044430523143,0.9961367436794699,1.047990401745544},fitness=net.sf.jclec.fitness.SimpleValueFitness@55322aab[value=44.270266349355204]]
Worst individual: net.sf.jclec.realarray.RealArrayIndividual@530712d[genotype={1.0007537503672346,0.05986166972528165,1.0228665833371895,0.06453778820861632,1.0551327998784934,0.9890185420942302,0.9979757781735189,1.94553029847991,1.0340801175372802,0.0780153669592218,1.0040332719824674,0.007907707879512116,0.9821231466002479,0.01735447690550248,0.0,1.0249472069151344,0.08245321504170315,0.5814428283020033,0.0662323574532827,1.9898328081976664,0.0050021935872696325,2.021648266673921,0.9955744156893321,2.00617099254721,0.004606936103504385,0.9978534569773316,0.9988341719624532,2.9877316872676065,0.9961367436794699,1.0685937235430962},fitness=net.sf.jclec.fitness.SimpleValueFitness@12ed9db6[value=65.93726440723607]]
Median individual: net.sf.jclec.realarray.RealArrayIndividual@55dfebeb[genotype={0.9741941590176018,0.05986166972528165,1.0228665833371895,0.0,1.0551327998784934,0.9890185420942302,0.9957114064234205,1.94599261034354,1.033999057998106,0.0,1.0040332719824674,0.16770756871518236,0.9825973311760549,0.012617688504982162,0.0,1.028939113509933,0.11989650657161308,0.9863534885096984,0.06605051201920588,1.9898327904184467,0.0050021935872696325,2.0222562035036673,0.9955744156893321,2.00617099254721,0.0,1.0048196206677371,0.9988341719624532,2.9985030151529526,0.9961367436794699,1.0685937235430962},fitness=net.sf.jclec.fitness.SimpleValueFitness@1cdc4c27[value=52.50414514563175]]
Average fitness = 49.13882824224563
Fitness variance = 14.291971081627707
Generation 160 Report
Best individual: net.sf.jclec.realarray.RealArrayIndividual@4cf8b2dc[genotype={0.0,0.0,1.0228665833371895,0.0,0.9564303192859167,0.9890185420942302,0.9962966456188878,1.94599261034354,1.0340801175372802,0.02348051810279659,1.0040332719824674,0.007907707879512116,0.98134289036741,0.01735447690550248,0.01251530745545031,1.028939113509933,0.0,0.9912389956605373,0.0,1.9898328081976664,0.0025787560481907953,2.021648266673921,0.9955744156893321,2.006168832609675,0.0047604858515075815,0.9978534569773316,1.0108165754480136,2.988831818342323,0.9939230962393196,1.047990401745544},fitness=net.sf.jclec.fitness.SimpleValueFitness@5829e4f4[value=41.301255418732765]]
Worst individual: net.sf.jclec.realarray.RealArrayIndividual@12bd8a64[genotype={0.9741941590176018,0.0,1.0228665833371895,0.0,1.0551327998784934,0.9934172549041671,0.9962966456188878,2.4464740825011293,0.5036770424358901,0.0,1.0040332719824674,0.007907707879512116,0.9721388990890883,0.01735447690550248,0.0,1.0249472069151344,0.0,0.9912389956605373,0.04275636649455105,1.9898328081976664,0.004809293917300686,2.021648266673921,0.9955744156893321,2.006168832609675,0.004606936103504385,0.9978534569773316,0.9988341719624532,2.990044430523143,0.9939230962393196,1.0685937235430962},fitness=net.sf.jclec.fitness.SimpleValueFitness@3300f4fd[value=83.51754978666482]]
Median individual: net.sf.jclec.realarray.RealArrayIndividual@dfddc9a[genotype={0.9741941590176018,0.0,1.0228665833371895,0.0,0.9564303192859167,0.9890185420942302,0.9994293015227343,1.94553029847991,1.0340801175372802,0.02348051810279659,1.0323478240297699,0.007907707879512116,0.9825973311760549,0.01735447690550248,0.03178061123961634,1.028939113509933,0.0,0.9863534885096984,0.06605051201920588,1.9898328081976664,0.004809293917300686,1.9530998225774818,0.9955744156893321,2.00617099254721,0.004606936103504385,0.9978534569773316,0.9988341719624532,2.990044430523143,0.9939230962393196,1.047990401745544},fitness=net.sf.jclec.fitness.SimpleValueFitness@5e8ac0e1[value=43.70517358316036]]
Average fitness = 44.65878114947752
Fitness variance = 36.997382878315875
Generation 170 Report
Best individual: net.sf.jclec.realarray.RealArrayIndividual@58fe0499[genotype={0.0,0.0,1.0228665833371895,0.0,0.9564303192859167,0.9934172549041671,0.9962966456188878,1.94599261034354,0.0,0.0,1.0004159667856947,0.0,0.98134289036741,0.01735447690550248,0.01251530745545031,1.028939113509933,0.0,0.9863534885096984,0.0,1.9898327904184467,0.005010161197515811,2.021648266673921,0.9955744156893321,2.00617099254721,0.004606936103504385,0.9978534569773316,1.0108165754480136,2.988831818342323,0.9939230962393196,0.0},fitness=net.sf.jclec.fitness.SimpleValueFitness@665df3c6[value=38.330868786271274]]
Worst individual: net.sf.jclec.realarray.RealArrayIndividual@7b8233cd[genotype={0.0,0.0,0.5081904214585911,0.0,0.0,0.9934172549041671,0.9979757781735189,1.94599261034354,1.0340801175372802,0.0,1.0004159667856947,0.007907707879512116,0.46138876271062945,0.01735447690550248,0.01251530745545031,1.028939113509933,0.0,0.9863534885096984,0.0,1.9898328081976664,0.0050021935872696325,2.021648266673921,0.9955744156893321,2.006168832609675,0.004606936103504385,0.9978534569773316,0.9988341719624532,2.990044430523143,0.9939230962393196,0.3049414069778438},fitness=net.sf.jclec.fitness.SimpleValueFitness@1cbf6e72[value=89.77157353060939]]
Median individual: net.sf.jclec.realarray.RealArrayIndividual@6821ea29[genotype={0.0,0.0,0.9811940492815294,0.0,0.9564303192859167,0.9934172549041671,0.9962966456188878,1.94599261034354,1.0340801175372802,0.0,1.0323478240297699,0.007907707879512116,0.9825973311760549,0.01735447690550248,0.0,1.028939113509933,0.0,0.9912389956605373,0.0,1.9898328081976664,0.0050021935872696325,2.021648266673921,0.9955744156893321,2.006168832609675,0.004606936103504385,0.9978534569773316,1.0108165754480136,2.990044430523143,0.9939230962393196,0.0},fitness=net.sf.jclec.fitness.SimpleValueFitness@505a9d7c[value=39.74760817364286]]
Average fitness = 41.90213731261977
Fitness variance = 52.57379486926948
Generation 180 Report
Best individual: net.sf.jclec.realarray.RealArrayIndividual@180e6ac4[genotype={0.0,0.0,0.0,0.0,0.9564303192859167,0.0,0.9979757781735189,1.94599261034354,0.0,0.0,0.0,0.0,0.98134289036741,0.01735447690550248,0.01251530745545031,1.028939113509933,0.0,0.9863534885096984,0.0,1.9945592518420092,0.0025787560481907953,2.021648266673921,0.0,0.9080904114765356,0.0,0.9978534569773316,0.9988341719624532,0.9894150531323638,0.9939230962393196,0.0},fitness=net.sf.jclec.fitness.SimpleValueFitness@7e985ce9[value=24.598537001423637]]
Worst individual: net.sf.jclec.realarray.RealArrayIndividual@24d4d7c9[genotype={0.0,0.0,1.0228665833371895,0.0,0.9564303192859167,0.0,0.9979757781735189,1.94599261034354,0.7323069670702376,0.0,0.0,0.007907707879512116,0.98134289036741,0.018573084895896815,0.01251530745545031,1.028939113509933,0.0,0.9912389956605373,0.0,1.307203530149577,0.006037330932623184,2.021648266673921,0.0,0.9080904114765356,0.0,0.9978534569773316,0.9988341719624532,0.8639289324903676,0.9939230962393196,0.0},fitness=net.sf.jclec.fitness.SimpleValueFitness@4c37b5b[value=51.83337579168623]]
Median individual: net.sf.jclec.realarray.RealArrayIndividual@3f1c5af9[genotype={0.0,0.0,1.0228665833371895,0.0,0.0,0.0,0.9979757781735189,1.94599261034354,1.0340801175372802,0.0,0.0,0.007907707879512116,0.98134289036741,0.01735447690550248,0.01251530745545031,1.028939113509933,0.0,0.9863534885096984,0.0,1.9945592518420092,0.0025787560481907953,0.0,0.9955744156893321,0.9080904114765356,0.0,0.9978534569773316,0.9988341719624532,3.238814935319607,0.9939230962393196,0.0},fitness=net.sf.jclec.fitness.SimpleValueFitness@5ddabb18[value=41.373082879536575]]
Average fitness = 33.97504873109695
Fitness variance = 17.771525346442104
Generation 190 Report
Best individual: net.sf.jclec.realarray.RealArrayIndividual@10c8f62[genotype={0.0,0.0,0.0,0.0,0.0,0.0,0.9979757781735189,0.0,0.0,0.0,0.0,0.007907707879512116,0.98134289036741,0.01735447690550248,0.0,1.028939113509933,0.0,0.0,0.0,1.9945592518420092,0.009696320704882154,0.0,0.0,0.9080904114765356,0.0,0.0,0.9988341719624532,0.0,0.0,0.0},fitness=net.sf.jclec.fitness.SimpleValueFitness@25f7391e[value=10.771035517279996]]
Worst individual: net.sf.jclec.realarray.RealArrayIndividual@76c7beb3[genotype={0.0,0.0,0.0,0.0,0.9564303192859167,0.0,0.0,1.94599261034354,1.0340801175372802,0.0,0.0,0.007907707879512116,0.98134289036741,0.018573084895896815,0.0,5.12,0.0,0.9863534885096984,0.0,0.0,0.0025787560481907953,2.021648266673921,0.0,0.9080904114765356,0.0047604858515075815,0.0,1.0108165754480136,0.0,0.9939230962393196,0.0},fitness=net.sf.jclec.fitness.SimpleValueFitness@2cf92cc7[value=46.66024934992604]]
Median individual: net.sf.jclec.realarray.RealArrayIndividual@28a0fd6c[genotype={0.0,0.0,0.0,0.0,0.9564303192859167,0.0,0.9979757781735189,0.0,0.0,0.0,0.0,0.007907707879512116,0.98134289036741,0.01735447690550248,0.0,1.028939113509933,0.0,0.9912389956605373,0.0,1.9898328081976664,0.004970795324088196,2.021648266673921,0.0,0.9080904114765356,0.0,0.9978534569773316,1.0108165754480136,0.0,0.0,0.0},fitness=net.sf.jclec.fitness.SimpleValueFitness@66629f63[value=18.26079809045889]]
Average fitness = 19.56801350289101
Fitness variance = 30.013597034336442
Generation 200 Report
Best individual: net.sf.jclec.realarray.RealArrayIndividual@3deb2326[genotype={0.0,0.0,0.0,0.0,0.0,0.0,0.0,0.0,0.0,0.0,0.0,0.007907707879512116,0.98134289036741,0.01735447690550248,0.0,1.028939113509933,0.0,0.0,0.0,0.0,0.0025787560481907953,0.0,0.0,0.9498333759907363,0.0,0.0,0.0,0.0,0.0,0.0},fitness=net.sf.jclec.fitness.SimpleValueFitness@7889a1ac[value=3.7235097970609736]]
Worst individual: net.sf.jclec.realarray.RealArrayIndividual@49f5c307[genotype={0.0,0.0,0.0,0.0,0.0,0.0,0.9979757781735189,0.0,0.0,0.0,0.0,0.007907707879512116,0.98134289036741,0.01735447690550248,0.0,1.028939113509933,0.0,0.0,0.0,0.0,0.0025787560481907953,0.0,0.0,5.12,0.0,0.0,0.0,0.0,0.9939230962393196,0.0},fitness=net.sf.jclec.fitness.SimpleValueFitness@5471388b[value=33.24530097446272]]
Median individual: net.sf.jclec.realarray.RealArrayIndividual@7555b920[genotype={0.0,0.0,0.0,0.0,0.0,0.9890185420942302,0.9979757781735189,0.0,0.0,0.0,0.0,0.007907707879512116,0.0,0.01735447690550248,0.0,1.028939113509933,0.0,0.0,0.0,0.0,0.0025787560481907953,0.0,0.9955744156893321,0.9498333759907363,0.0,0.0,0.9988341719624532,0.0,0.0,0.0},fitness=net.sf.jclec.fitness.SimpleValueFitness@3591009c[value=6.683533723575673]]
Average fitness = 6.447038071757033
Fitness variance = 9.772843651591423
Generation 210 Report
Best individual: net.sf.jclec.realarray.RealArrayIndividual@48f5bde6[genotype={0.0,0.0,0.0,0.0,0.0,0.0,0.0,0.0,0.0,0.0,0.0,0.007907707879512116,0.0,0.0,0.0,0.0,0.0,0.0,0.0,0.0,0.0025787560481907953,0.0,0.0,0.0,0.0,0.0,0.0,0.0,0.0,0.0},fitness=net.sf.jclec.fitness.SimpleValueFitness@5149f008[value=0.013722559255866074]]
Worst individual: net.sf.jclec.realarray.RealArrayIndividual@238b521e[genotype={0.0,0.0,0.0,0.0,0.0,0.0,0.0,0.0,0.0,0.0,0.0,0.007907707879512116,0.0,0.01735447690550248,0.01251530745545031,1.028939113509933,0.0,0.0,0.0,0.0,0.009696320704882154,0.0,0.0,0.0,0.0047604858515075815,0.0,0.9988341719624532,0.0,0.0,0.0},fitness=net.sf.jclec.fitness.SimpleValueFitness@3e2fc448[value=2.3478061326844433]]
Median individual: net.sf.jclec.realarray.RealArrayIndividual@5ea502e0[genotype={0.0,0.0,0.0,0.0,0.0,0.0,0.0,0.0,0.0,0.0,0.0,0.007907707879512116,0.0,0.01735447690550248,0.0,1.028939113509933,0.0,0.0,0.0,0.0,0.004970795324088196,0.0,0.0,0.0,0.0047604858515075815,0.0,0.0,0.0,0.0,0.0},fitness=net.sf.jclec.fitness.SimpleValueFitness@473b3b7a[value=1.3050641624751442]]
Average fitness = 1.2288494516823234
Fitness variance = 0.29943009052395064
Generation 220 Report
Best individual: net.sf.jclec.realarray.RealArrayIndividual@3301500b[genotype={0.0,0.0,0.0,0.0,0.0,0.0,0.0,0.0,0.0,0.0,0.0,0.0,0.0,0.0,0.0,0.0,0.0,0.0,0.0,0.0,0.0,0.0,0.0,0.0,0.0,0.0,0.0,0.0,0.0,0.0},fitness=net.sf.jclec.fitness.SimpleValueFitness@15deb1dc[value=0.0]]
Worst individual: net.sf.jclec.realarray.RealArrayIndividual@24855019[genotype={0.0,0.0,0.0,0.0,0.0,0.0,0.0,0.0,0.0,0.0,0.0,0.007907707879512116,0.0,0.0,0.0,0.0,0.0,0.0,0.0,0.0,0.0025787560481907953,0.0,0.0,0.0,0.0,0.0,0.0,0.0,0.0,0.0},fitness=net.sf.jclec.fitness.SimpleValueFitness@4d4d8fcf[value=0.013722559255866074]]
Median individual: net.sf.jclec.realarray.RealArrayIndividual@62577d6[genotype={0.0,0.0,0.0,0.0,0.0,0.0,0.0,0.0,0.0,0.0,0.0,0.0,0.0,0.0,0.0,0.0,0.0,0.0,0.0,0.0,0.0025787560481907953,0.0,0.0,0.0,0.0,0.0,0.0,0.0,0.0,0.0},fitness=net.sf.jclec.fitness.SimpleValueFitness@6b5f8707[value=0.0013192752468640379]]
Average fitness = 0.008241430238116028
Fitness variance = 3.5517968537888866E-5
Generation 230 Report
Best individual: net.sf.jclec.realarray.RealArrayIndividual@5b43e173[genotype={0.0,0.0,0.0,0.0,0.0,0.0,0.0,0.0,0.0,0.0,0.0,0.0,0.0,0.0,0.0,0.0,0.0,0.0,0.0,0.0,0.0,0.0,0.0,0.0,0.0,0.0,0.0,0.0,0.0,0.0},fitness=net.sf.jclec.fitness.SimpleValueFitness@545f80bf[value=0.0]]
Worst individual: net.sf.jclec.realarray.RealArrayIndividual@5b43e173[genotype={0.0,0.0,0.0,0.0,0.0,0.0,0.0,0.0,0.0,0.0,0.0,0.0,0.0,0.0,0.0,0.0,0.0,0.0,0.0,0.0,0.0,0.0,0.0,0.0,0.0,0.0,0.0,0.0,0.0,0.0},fitness=net.sf.jclec.fitness.SimpleValueFitness@545f80bf[value=0.0]]
Median individual: net.sf.jclec.realarray.RealArrayIndividual@64d43929[genotype={0.0,0.0,0.0,0.0,0.0,0.0,0.0,0.0,0.0,0.0,0.0,0.0,0.0,0.0,0.0,0.0,0.0,0.0,0.0,0.0,0.0,0.0,0.0,0.0,0.0,0.0,0.0,0.0,0.0,0.0},fitness=net.sf.jclec.fitness.SimpleValueFitness@437ebf59[value=0.0]]
Average fitness = 0.0
Fitness variance = 0.0
Generation 240 Report
Best individual: net.sf.jclec.realarray.RealArrayIndividual@1059754c[genotype={0.0,0.0,0.0,0.0,0.0,0.0,0.0,0.0,0.0,0.0,0.0,0.0,0.0,0.0,0.0,0.0,0.0,0.0,0.0,0.0,0.0,0.0,0.0,0.0,0.0,0.0,0.0,0.0,0.0,0.0},fitness=net.sf.jclec.fitness.SimpleValueFitness@48e7b3d2[value=0.0]]
Worst individual: net.sf.jclec.realarray.RealArrayIndividual@1059754c[genotype={0.0,0.0,0.0,0.0,0.0,0.0,0.0,0.0,0.0,0.0,0.0,0.0,0.0,0.0,0.0,0.0,0.0,0.0,0.0,0.0,0.0,0.0,0.0,0.0,0.0,0.0,0.0,0.0,0.0,0.0},fitness=net.sf.jclec.fitness.SimpleValueFitness@48e7b3d2[value=0.0]]
Median individual: net.sf.jclec.realarray.RealArrayIndividual@701a32[genotype={0.0,0.0,0.0,0.0,0.0,0.0,0.0,0.0,0.0,0.0,0.0,0.0,0.0,0.0,0.0,0.0,0.0,0.0,0.0,0.0,0.0,0.0,0.0,0.0,0.0,0.0,0.0,0.0,0.0,0.0},fitness=net.sf.jclec.fitness.SimpleValueFitness@73aff8f1[value=0.0]]
Average fitness = 0.0
Fitness variance = 0.0
Generation 250 Report
Best individual: net.sf.jclec.realarray.RealArrayIndividual@464a4442[genotype={0.0,0.0,0.0,0.0,0.0,0.0,0.0,0.0,0.0,0.0,0.0,0.0,0.0,0.0,0.0,0.0,0.0,0.0,0.0,0.0,0.0,0.0,0.0,0.0,0.0,0.0,0.0,0.0,0.0,0.0},fitness=net.sf.jclec.fitness.SimpleValueFitness@3bc735b3[value=0.0]]
Worst individual: net.sf.jclec.realarray.RealArrayIndividual@464a4442[genotype={0.0,0.0,0.0,0.0,0.0,0.0,0.0,0.0,0.0,0.0,0.0,0.0,0.0,0.0,0.0,0.0,0.0,0.0,0.0,0.0,0.0,0.0,0.0,0.0,0.0,0.0,0.0,0.0,0.0,0.0},fitness=net.sf.jclec.fitness.SimpleValueFitness@3bc735b3[value=0.0]]
Median individual: net.sf.jclec.realarray.RealArrayIndividual@17ae7628[genotype={0.0,0.0,0.0,0.0,0.0,0.0,0.0,0.0,0.0,0.0,0.0,0.0,0.0,0.0,0.0,0.0,0.0,0.0,0.0,0.0,0.0,0.0,0.0,0.0,0.0,0.0,0.0,0.0,0.0,0.0},fitness=net.sf.jclec.fitness.SimpleValueFitness@6579c3d9[value=0.0]]
Average fitness = 0.0
Fitness variance = 0.0
Generation 260 Report
Best individual: net.sf.jclec.realarray.RealArrayIndividual@1ddd3478[genotype={0.0,0.0,0.0,0.0,0.0,0.0,0.0,0.0,0.0,0.0,0.0,0.0,0.0,0.0,0.0,0.0,0.0,0.0,0.0,0.0,0.0,0.0,0.0,0.0,0.0,0.0,0.0,0.0,0.0,0.0},fitness=net.sf.jclec.fitness.SimpleValueFitness@4d33940d[value=0.0]]
Worst individual: net.sf.jclec.realarray.RealArrayIndividual@1ddd3478[genotype={0.0,0.0,0.0,0.0,0.0,0.0,0.0,0.0,0.0,0.0,0.0,0.0,0.0,0.0,0.0,0.0,0.0,0.0,0.0,0.0,0.0,0.0,0.0,0.0,0.0,0.0,0.0,0.0,0.0,0.0},fitness=net.sf.jclec.fitness.SimpleValueFitness@4d33940d[value=0.0]]
Median individual: net.sf.jclec.realarray.RealArrayIndividual@a7f0ab6[genotype={0.0,0.0,0.0,0.0,0.0,0.0,0.0,0.0,0.0,0.0,0.0,0.0,0.0,0.0,0.0,0.0,0.0,0.0,0.0,0.0,0.0,0.0,0.0,0.0,0.0,0.0,0.0,0.0,0.0,0.0},fitness=net.sf.jclec.fitness.SimpleValueFitness@42c2f48c[value=0.0]]
Average fitness = 0.0
Fitness variance = 0.0
Generation 270 Report
Best individual: net.sf.jclec.realarray.RealArrayIndividual@393881f0[genotype={0.0,0.0,0.0,0.0,0.0,0.0,0.0,0.0,0.0,0.0,0.0,0.0,0.0,0.0,0.0,0.0,0.0,0.0,0.0,0.0,0.0,0.0,0.0,0.0,0.0,0.0,0.0,0.0,0.0,0.0},fitness=net.sf.jclec.fitness.SimpleValueFitness@4158debd[value=0.0]]
Worst individual: net.sf.jclec.realarray.RealArrayIndividual@68ba310d[genotype={0.0,0.0,0.0,0.0,0.0,0.0,0.0,0.0,0.0,0.0,0.0,0.0,0.0,0.0,0.0,0.0,0.0,0.0,5.12,0.0,0.0,0.0,0.0,0.0,0.0,0.0,0.0,0.0,0.0,0.0},fitness=net.sf.jclec.fitness.SimpleValueFitness@7aad3f7d[value=28.924713725785896]]
Median individual: net.sf.jclec.realarray.RealArrayIndividual@2b8bd14b[genotype={0.0,0.0,0.0,0.0,0.0,0.0,0.0,0.0,0.0,0.0,0.0,0.0,0.0,0.0,0.0,0.0,0.0,0.0,0.0,0.0,0.0,0.0,0.0,0.0,0.0,0.0,0.0,0.0,0.0,0.0},fitness=net.sf.jclec.fitness.SimpleValueFitness@5f303ecd[value=0.0]]
Average fitness = 0.5784942745157179
Fitness variance = 16.39812565672587
Generation 280 Report
Best individual: net.sf.jclec.realarray.RealArrayIndividual@336365bc[genotype={0.0,0.0,0.0,0.0,0.0,0.0,0.0,0.0,0.0,0.0,0.0,0.0,0.0,0.0,0.0,0.0,0.0,0.0,0.0,0.0,0.0,0.0,0.0,0.0,0.0,0.0,0.0,0.0,0.0,0.0},fitness=net.sf.jclec.fitness.SimpleValueFitness@4567e53d[value=0.0]]
Worst individual: net.sf.jclec.realarray.RealArrayIndividual@336365bc[genotype={0.0,0.0,0.0,0.0,0.0,0.0,0.0,0.0,0.0,0.0,0.0,0.0,0.0,0.0,0.0,0.0,0.0,0.0,0.0,0.0,0.0,0.0,0.0,0.0,0.0,0.0,0.0,0.0,0.0,0.0},fitness=net.sf.jclec.fitness.SimpleValueFitness@4567e53d[value=0.0]]
Median individual: net.sf.jclec.realarray.RealArrayIndividual@3350ebdd[genotype={0.0,0.0,0.0,0.0,0.0,0.0,0.0,0.0,0.0,0.0,0.0,0.0,0.0,0.0,0.0,0.0,0.0,0.0,0.0,0.0,0.0,0.0,0.0,0.0,0.0,0.0,0.0,0.0,0.0,0.0},fitness=net.sf.jclec.fitness.SimpleValueFitness@149f5761[value=0.0]]
Average fitness = 0.0
Fitness variance = 0.0
Generation 290 Report
Best individual: net.sf.jclec.realarray.RealArrayIndividual@191a709b[genotype={0.0,0.0,0.0,0.0,0.0,0.0,0.0,0.0,0.0,0.0,0.0,0.0,0.0,0.0,0.0,0.0,0.0,0.0,0.0,0.0,0.0,0.0,0.0,0.0,0.0,0.0,0.0,0.0,0.0,0.0},fitness=net.sf.jclec.fitness.SimpleValueFitness@453d496b[value=0.0]]
Worst individual: net.sf.jclec.realarray.RealArrayIndividual@616b241a[genotype={0.0,0.0,0.0,0.0,0.0,0.0,0.0,0.0,0.0,0.0,0.0,0.0,0.0,0.0,0.0,0.0,0.0,0.0,0.0,0.0,0.0,0.0,0.0,0.0,0.0,0.0,0.0,0.0,5.12,0.0},fitness=net.sf.jclec.fitness.SimpleValueFitness@1f387978[value=28.924713725785896]]
Median individual: net.sf.jclec.realarray.RealArrayIndividual@4682eba5[genotype={0.0,0.0,0.0,0.0,0.0,0.0,0.0,0.0,0.0,0.0,0.0,0.0,0.0,0.0,0.0,0.0,0.0,0.0,0.0,0.0,0.0,0.0,0.0,0.0,0.0,0.0,0.0,0.0,0.0,0.0},fitness=net.sf.jclec.fitness.SimpleValueFitness@61fafb74[value=0.0]]
Average fitness = 0.5784942745157179
Fitness variance = 16.39812565672587
Generation 300 Report
Best individual: net.sf.jclec.realarray.RealArrayIndividual@21f8e55f[genotype={0.0,0.0,0.0,0.0,0.0,0.0,0.0,0.0,0.0,0.0,0.0,0.0,0.0,0.0,0.0,0.0,0.0,0.0,0.0,0.0,0.0,0.0,0.0,0.0,0.0,0.0,0.0,0.0,0.0,0.0},fitness=net.sf.jclec.fitness.SimpleValueFitness@7048535f[value=0.0]]
Worst individual: net.sf.jclec.realarray.RealArrayIndividual@26a262d6[genotype={0.0,0.0,0.0,0.0,0.0,0.0,0.0,0.0,0.0,0.0,0.0,0.0,0.0,0.0,0.0,0.0,0.0,0.0,0.0,0.0,0.0,0.0,0.0,0.0,0.0,0.0,0.0,0.0,5.12,0.0},fitness=net.sf.jclec.fitness.SimpleValueFitness@58f07f02[value=28.924713725785896]]
Median individual: net.sf.jclec.realarray.RealArrayIndividual@661c46bc[genotype={0.0,0.0,0.0,0.0,0.0,0.0,0.0,0.0,0.0,0.0,0.0,0.0,0.0,0.0,0.0,0.0,0.0,0.0,0.0,0.0,0.0,0.0,0.0,0.0,0.0,0.0,0.0,0.0,0.0,0.0},fitness=net.sf.jclec.fitness.SimpleValueFitness@2b98b3bb[value=0.0]]
Average fitness = 0.8677414117735769
Fitness variance = 24.346196765853207
Generation 310 Report
Best individual: net.sf.jclec.realarray.RealArrayIndividual@25da615a[genotype={0.0,0.0,0.0,0.0,0.0,0.0,0.0,0.0,0.0,0.0,0.0,0.0,0.0,0.0,0.0,0.0,0.0,0.0,0.0,0.0,0.0,0.0,0.0,0.0,0.0,0.0,0.0,0.0,0.0,0.0},fitness=net.sf.jclec.fitness.SimpleValueFitness@7ee3d262[value=0.0]]
Worst individual: net.sf.jclec.realarray.RealArrayIndividual@5533dc72[genotype={0.0,0.0,0.0,0.0,0.0,0.0,0.0,0.0,0.0,0.0,5.12,0.0,0.0,0.0,0.0,0.0,0.0,0.0,0.0,0.0,0.0,5.12,0.0,0.0,0.0,0.0,0.0,0.0,0.0,0.0},fitness=net.sf.jclec.fitness.SimpleValueFitness@64fc097e[value=57.84942745157179]]
Median individual: net.sf.jclec.realarray.RealArrayIndividual@4b1a43d8[genotype={0.0,0.0,0.0,0.0,0.0,0.0,0.0,0.0,0.0,0.0,0.0,0.0,0.0,0.0,0.0,0.0,0.0,0.0,0.0,0.0,0.0,0.0,0.0,0.0,0.0,0.0,0.0,0.0,0.0,0.0},fitness=net.sf.jclec.fitness.SimpleValueFitness@73545b80[value=0.0]]
Average fitness = 1.1569885490314358
Fitness variance = 48.85972134453015
Generation 320 Report
Best individual: net.sf.jclec.realarray.RealArrayIndividual@4096aa05[genotype={0.0,0.0,0.0,0.0,0.0,0.0,0.0,0.0,0.0,0.0,0.0,0.0,0.0,0.0,0.0,0.0,0.0,0.0,0.0,0.0,0.0,0.0,0.0,0.0,0.0,0.0,0.0,0.0,0.0,0.0},fitness=net.sf.jclec.fitness.SimpleValueFitness@6c806c8b[value=0.0]]
Worst individual: net.sf.jclec.realarray.RealArrayIndividual@54bca971[genotype={0.0,0.0,0.0,0.0,0.0,0.0,0.0,0.0,0.0,0.0,5.12,0.0,0.0,0.0,5.12,0.0,0.0,0.0,0.0,0.0,0.0,0.0,0.0,0.0,0.0,0.0,5.12,0.0,0.0,0.0},fitness=net.sf.jclec.fitness.SimpleValueFitness@205bed61[value=86.77414117735769]]
Median individual: net.sf.jclec.realarray.RealArrayIndividual@715d6168[genotype={0.0,0.0,0.0,0.0,0.0,0.0,0.0,0.0,0.0,0.0,0.0,0.0,0.0,0.0,0.0,0.0,0.0,0.0,0.0,0.0,0.0,0.0,0.0,0.0,0.0,0.0,0.0,0.0,0.0,0.0},fitness=net.sf.jclec.fitness.SimpleValueFitness@6428591a[value=0.0]]
Average fitness = 2.3139770980628716
Fitness variance = 111.77497896625388
Generation 330 Report
Best individual: net.sf.jclec.realarray.RealArrayIndividual@2eadc9f6[genotype={0.0,0.0,0.0,0.0,0.0,0.0,0.0,0.0,0.0,0.0,0.0,0.0,0.0,0.0,0.0,0.0,0.0,0.0,0.0,0.0,0.0,0.0,0.0,0.0,0.0,0.0,0.0,0.0,0.0,0.0},fitness=net.sf.jclec.fitness.SimpleValueFitness@61af1510[value=0.0]]
Worst individual: net.sf.jclec.realarray.RealArrayIndividual@4b3fe06e[genotype={0.0,0.0,0.0,0.0,0.0,0.0,0.0,0.0,0.0,0.0,0.0,0.0,0.0,0.0,0.0,0.0,0.0,0.0,0.0,0.0,0.0,0.0,0.0,0.0,0.0,0.0,0.0,5.12,5.12,0.0},fitness=net.sf.jclec.fitness.SimpleValueFitness@3e17a0a1[value=57.84942745157179]]
Median individual: net.sf.jclec.realarray.RealArrayIndividual@6c15e8c7[genotype={0.0,0.0,0.0,0.0,0.0,0.0,0.0,0.0,0.0,0.0,0.0,0.0,0.0,0.0,0.0,0.0,0.0,0.0,0.0,0.0,0.0,0.0,0.0,0.0,0.0,0.0,0.0,0.0,0.0,0.0},fitness=net.sf.jclec.fitness.SimpleValueFitness@64f1fd08[value=0.0]]
Average fitness = 3.4709656470943084
Fitness variance = 138.54742901805122
Generation 340 Report
Best individual: net.sf.jclec.realarray.RealArrayIndividual@63b3ee82[genotype={0.0,0.0,0.0,0.0,0.0,0.0,0.0,0.0,0.0,0.0,0.0,0.0,0.0,0.0,0.0,0.0,0.0,0.0,0.0,0.0,0.0,0.0,0.0,0.0,0.0,0.0,0.0,0.0,0.0,0.0},fitness=net.sf.jclec.fitness.SimpleValueFitness@7c8d5312[value=0.0]]
Worst individual: net.sf.jclec.realarray.RealArrayIndividual@3f4f5330[genotype={0.0,0.0,0.0,0.0,0.0,0.0,0.0,0.0,0.0,0.0,5.12,0.0,0.0,0.0,0.0,0.0,0.0,5.12,0.0,0.0,0.0,0.0,0.0,0.0,0.0,0.0,0.0,0.0,0.0,0.0},fitness=net.sf.jclec.fitness.SimpleValueFitness@750ff7d3[value=57.84942745157179]]
Median individual: net.sf.jclec.realarray.RealArrayIndividual@5b22d8a1[genotype={0.0,0.0,0.0,0.0,0.0,0.0,0.0,0.0,0.0,0.0,0.0,0.0,0.0,0.0,0.0,0.0,0.0,0.0,0.0,0.0,0.0,0.0,0.0,0.0,0.0,0.0,0.0,0.0,0.0,0.0},fitness=net.sf.jclec.fitness.SimpleValueFitness@59ed3e6c[value=0.0]]
Average fitness = 2.0247299608050127
Fitness variance = 71.19798435649857
Generation 350 Report
Best individual: net.sf.jclec.realarray.RealArrayIndividual@59f93db8[genotype={0.0,0.0,0.0,0.0,0.0,0.0,0.0,0.0,0.0,0.0,0.0,0.0,0.0,0.0,0.0,0.0,0.0,0.0,0.0,0.0,0.0,0.0,0.0,0.0,0.0,0.0,0.0,0.0,0.0,0.0},fitness=net.sf.jclec.fitness.SimpleValueFitness@73c9e8e8[value=0.0]]
Worst individual: net.sf.jclec.realarray.RealArrayIndividual@34d52ecd[genotype={0.0,0.0,0.0,0.0,0.0,5.12,0.0,5.12,0.0,0.0,0.0,0.0,0.0,0.0,0.0,0.0,5.12,0.0,0.0,0.0,0.0,0.0,0.0,0.0,0.0,0.0,0.0,0.0,0.0,0.0},fitness=net.sf.jclec.fitness.SimpleValueFitness@14b789f6[value=86.77414117735769]]
Median individual: net.sf.jclec.realarray.RealArrayIndividual@a66e580[genotype={0.0,0.0,0.0,0.0,0.0,0.0,0.0,0.0,0.0,0.0,0.0,0.0,0.0,0.0,0.0,0.0,0.0,0.0,0.0,0.0,0.0,0.0,0.0,0.0,0.0,0.0,0.0,0.0,0.0,0.0},fitness=net.sf.jclec.fitness.SimpleValueFitness@cdb2d95[value=0.0]]
Average fitness = 2.8924713725785898
Fitness variance = 142.2286409001734
Generation 360 Report
Best individual: net.sf.jclec.realarray.RealArrayIndividual@5a6fa56e[genotype={0.0,0.0,0.0,0.0,0.0,0.0,0.0,0.0,0.0,0.0,0.0,0.0,0.0,0.0,0.0,0.0,0.0,0.0,0.0,0.0,0.0,0.0,0.0,0.0,0.0,0.0,0.0,0.0,0.0,0.0},fitness=net.sf.jclec.fitness.SimpleValueFitness@118ffcfd[value=0.0]]
Worst individual: net.sf.jclec.realarray.RealArrayIndividual@434514d8[genotype={0.0,0.0,0.0,0.0,0.0,0.0,0.0,0.0,0.0,0.0,0.0,0.0,0.0,0.0,0.0,0.0,0.0,0.0,0.0,0.0,0.0,0.0,0.0,0.0,0.0,0.0,0.0,5.12,0.0,0.0},fitness=net.sf.jclec.fitness.SimpleValueFitness@4613311f[value=28.924713725785896]]
Median individual: net.sf.jclec.realarray.RealArrayIndividual@74ea46e2[genotype={0.0,0.0,0.0,0.0,0.0,0.0,0.0,0.0,0.0,0.0,0.0,0.0,0.0,0.0,0.0,0.0,0.0,0.0,0.0,0.0,0.0,0.0,0.0,0.0,0.0,0.0,0.0,0.0,0.0,0.0},fitness=net.sf.jclec.fitness.SimpleValueFitness@f1d0004[value=0.0]]
Average fitness = 2.0247299608050127
Fitness variance = 54.46520307412523
Generation 370 Report
Best individual: net.sf.jclec.realarray.RealArrayIndividual@75181b50[genotype={0.0,0.0,0.0,0.0,0.0,0.0,0.0,0.0,0.0,0.0,0.0,0.0,0.0,0.0,0.0,0.0,0.0,0.0,0.0,0.0,0.0,0.0,0.0,0.0,0.0,0.0,0.0,0.0,0.0,0.0},fitness=net.sf.jclec.fitness.SimpleValueFitness@5f254608[value=0.0]]
Worst individual: net.sf.jclec.realarray.RealArrayIndividual@b9a77c8[genotype={0.0,0.0,5.12,0.0,0.0,0.0,0.0,5.12,0.0,0.0,0.0,0.0,0.0,5.12,0.0,0.0,0.0,0.0,0.0,0.0,0.0,0.0,0.0,0.0,0.0,0.0,0.0,0.0,0.0,0.0},fitness=net.sf.jclec.fitness.SimpleValueFitness@6cd3ad8a[value=86.77414117735769]]
Median individual: net.sf.jclec.realarray.RealArrayIndividual@5ad5be4a[genotype={0.0,0.0,0.0,0.0,0.0,0.0,0.0,0.0,0.0,0.0,0.0,0.0,0.0,0.0,0.0,0.0,0.0,0.0,0.0,0.0,0.0,0.0,0.0,0.0,0.0,0.0,0.0,0.0,0.0,0.0},fitness=net.sf.jclec.fitness.SimpleValueFitness@737d100a[value=0.0]]
Average fitness = 4.627954196125744
Fitness variance = 212.84097791178885
Generation 380 Report
Best individual: net.sf.jclec.realarray.RealArrayIndividual@1a6dc589[genotype={0.0,0.0,0.0,0.0,0.0,0.0,0.0,0.0,0.0,0.0,0.0,0.0,0.0,0.0,0.0,0.0,0.0,0.0,0.0,0.0,0.0,0.0,0.0,0.0,0.0,0.0,0.0,0.0,0.0,0.0},fitness=net.sf.jclec.fitness.SimpleValueFitness@70211df5[value=0.0]]
Worst individual: net.sf.jclec.realarray.RealArrayIndividual@187e5235[genotype={0.0,0.0,0.0,0.0,0.0,0.0,0.0,0.0,0.0,0.0,0.0,0.0,0.0,0.0,5.12,0.0,0.0,0.0,0.0,0.0,0.0,0.0,0.0,0.0,5.12,0.0,0.0,0.0,0.0,0.0},fitness=net.sf.jclec.fitness.SimpleValueFitness@5434e40c[value=57.84942745157179]]
Median individual: net.sf.jclec.realarray.RealArrayIndividual@59ce792e[genotype={0.0,0.0,0.0,0.0,0.0,0.0,0.0,0.0,0.0,0.0,0.0,0.0,0.0,0.0,0.0,0.0,0.0,0.0,0.0,0.0,0.0,0.0,0.0,0.0,0.0,0.0,0.0,0.0,0.0,0.0},fitness=net.sf.jclec.fitness.SimpleValueFitness@404db674[value=0.0]]
Average fitness = 2.3139770980628716
Fitness variance = 95.04219768388056
Generation 390 Report
Best individual: net.sf.jclec.realarray.RealArrayIndividual@596a7f44[genotype={0.0,0.0,0.0,0.0,0.0,0.0,0.0,0.0,0.0,0.0,0.0,0.0,0.0,0.0,0.0,0.0,0.0,0.0,0.0,0.0,0.0,0.0,0.0,0.0,0.0,0.0,0.0,0.0,0.0,0.0},fitness=net.sf.jclec.fitness.SimpleValueFitness@2e09c51[value=0.0]]
Worst individual: net.sf.jclec.realarray.RealArrayIndividual@869d87c[genotype={0.0,0.0,5.12,0.0,0.0,0.0,5.12,0.0,0.0,0.0,0.0,0.0,0.0,0.0,0.0,0.0,0.0,0.0,0.0,0.0,0.0,0.0,0.0,0.0,0.0,0.0,0.0,0.0,0.0,0.0},fitness=net.sf.jclec.fitness.SimpleValueFitness@37637a24[value=57.84942745157179]]
Median individual: net.sf.jclec.realarray.RealArrayIndividual@38f77cd9[genotype={0.0,0.0,0.0,0.0,0.0,0.0,0.0,0.0,0.0,0.0,0.0,0.0,0.0,0.0,0.0,0.0,0.0,0.0,0.0,0.0,0.0,0.0,0.0,0.0,0.0,0.0,0.0,0.0,0.0,0.0},fitness=net.sf.jclec.fitness.SimpleValueFitness@6fbb4061[value=0.0]]
Average fitness = 3.7602127843521673
Fitness variance = 128.08944071656785
Generation 400 Report
Best individual: net.sf.jclec.realarray.RealArrayIndividual@45e9b12d[genotype={0.0,0.0,0.0,0.0,0.0,0.0,0.0,0.0,0.0,0.0,0.0,0.0,0.0,0.0,0.0,0.0,0.0,0.0,0.0,0.0,0.0,0.0,0.0,0.0,0.0,0.0,0.0,0.0,0.0,0.0},fitness=net.sf.jclec.fitness.SimpleValueFitness@2d55e826[value=0.0]]
Worst individual: net.sf.jclec.realarray.RealArrayIndividual@35c9a231[genotype={0.0,0.0,5.12,0.0,0.0,0.0,0.0,0.0,0.0,0.0,0.0,0.0,0.0,0.0,0.0,0.0,0.0,0.0,0.0,5.12,0.0,0.0,0.0,0.0,0.0,0.0,0.0,0.0,0.0,0.0},fitness=net.sf.jclec.fitness.SimpleValueFitness@5626d18c[value=57.84942745157179]]
Median individual: net.sf.jclec.realarray.RealArrayIndividual@2e766822[genotype={0.0,0.0,0.0,0.0,0.0,0.0,0.0,0.0,0.0,0.0,0.0,0.0,0.0,0.0,0.0,0.0,0.0,0.0,0.0,0.0,0.0,0.0,0.0,0.0,0.0,0.0,0.0,0.0,0.0,0.0},fitness=net.sf.jclec.fitness.SimpleValueFitness@28757abd[value=0.0]]
Average fitness = 3.181718509836449
Fitness variance = 115.37252694196418
Generation 410 Report
Best individual: net.sf.jclec.realarray.RealArrayIndividual@31b7d869[genotype={0.0,0.0,0.0,0.0,0.0,0.0,0.0,0.0,0.0,0.0,0.0,0.0,0.0,0.0,0.0,0.0,0.0,0.0,0.0,0.0,0.0,0.0,0.0,0.0,0.0,0.0,0.0,0.0,0.0,0.0},fitness=net.sf.jclec.fitness.SimpleValueFitness@1a47a1e8[value=0.0]]
Worst individual: net.sf.jclec.realarray.RealArrayIndividual@1e95b653[genotype={0.0,0.0,0.0,0.0,5.12,0.0,0.0,0.0,0.0,0.0,0.0,0.0,0.0,0.0,0.0,0.0,0.0,5.12,0.0,0.0,0.0,0.0,0.0,0.0,0.0,0.0,5.12,0.0,0.0,0.0},fitness=net.sf.jclec.fitness.SimpleValueFitness@4fc5563d[value=86.77414117735769]]
Median individual: net.sf.jclec.realarray.RealArrayIndividual@1756f7cc[genotype={0.0,0.0,0.0,0.0,0.0,0.0,0.0,0.0,0.0,0.0,0.0,0.0,0.0,0.0,0.0,0.0,0.0,0.0,0.0,0.0,0.0,0.0,0.0,0.0,0.0,0.0,0.0,0.0,0.0,0.0},fitness=net.sf.jclec.fitness.SimpleValueFitness@27df95e[value=0.0]]
Average fitness = 6.363437019672898
Fitness variance = 327.6278575088701
Generation 420 Report
Best individual: net.sf.jclec.realarray.RealArrayIndividual@55fee662[genotype={0.0,0.0,0.0,0.0,0.0,0.0,0.0,0.0,0.0,0.0,0.0,0.0,0.0,0.0,0.0,0.0,0.0,0.0,0.0,0.0,0.0,0.0,0.0,0.0,0.0,0.0,0.0,0.0,0.0,0.0},fitness=net.sf.jclec.fitness.SimpleValueFitness@45adc393[value=0.0]]
Worst individual: net.sf.jclec.realarray.RealArrayIndividual@3234474[genotype={0.0,0.0,0.0,0.0,0.0,0.0,0.0,0.0,0.0,0.0,5.12,0.0,0.0,5.12,0.0,0.0,5.12,0.0,0.0,0.0,0.0,0.0,0.0,0.0,0.0,0.0,0.0,0.0,0.0,0.0},fitness=net.sf.jclec.fitness.SimpleValueFitness@3d20e575[value=86.77414117735769]]
Median individual: net.sf.jclec.realarray.RealArrayIndividual@5a545b0f[genotype={0.0,0.0,0.0,0.0,0.0,0.0,0.0,0.0,0.0,0.0,0.0,0.0,0.0,0.0,0.0,0.0,0.0,0.0,0.0,0.0,0.0,0.0,0.0,0.0,0.0,0.0,0.0,0.0,0.0,0.0},fitness=net.sf.jclec.fitness.SimpleValueFitness@124dac75[value=0.0]]
Average fitness = 5.206448470641463
Fitness variance = 240.6173948405286
Generation 430 Report
Best individual: net.sf.jclec.realarray.RealArrayIndividual@cedee22[genotype={0.0,0.0,0.0,0.0,0.0,0.0,0.0,0.0,0.0,0.0,0.0,0.0,0.0,0.0,0.0,0.0,0.0,0.0,0.0,0.0,0.0,0.0,0.0,0.0,0.0,0.0,0.0,0.0,0.0,0.0},fitness=net.sf.jclec.fitness.SimpleValueFitness@5b47731f[value=0.0]]
Worst individual: net.sf.jclec.realarray.RealArrayIndividual@20a967fe[genotype={0.0,5.12,0.0,0.0,0.0,0.0,0.0,0.0,5.12,0.0,0.0,0.0,0.0,0.0,0.0,0.0,0.0,5.12,0.0,0.0,0.0,0.0,0.0,0.0,0.0,0.0,0.0,0.0,0.0,0.0},fitness=net.sf.jclec.fitness.SimpleValueFitness@682abca7[value=86.77414117735769]]
Median individual: net.sf.jclec.realarray.RealArrayIndividual@47f04e4d[genotype={0.0,0.0,0.0,0.0,0.0,0.0,0.0,0.0,0.0,0.0,0.0,0.0,0.0,0.0,0.0,0.0,0.0,0.0,0.0,0.0,0.0,0.0,0.0,0.0,0.0,0.0,0.0,0.0,0.0,0.0},fitness=net.sf.jclec.fitness.SimpleValueFitness@388d14e[value=0.0]]
Average fitness = 4.627954196125745
Fitness variance = 179.37541534704218
Generation 440 Report
Best individual: net.sf.jclec.realarray.RealArrayIndividual@64f9f455[genotype={0.0,0.0,0.0,0.0,0.0,0.0,0.0,0.0,0.0,0.0,0.0,0.0,0.0,0.0,0.0,0.0,0.0,0.0,0.0,0.0,0.0,0.0,0.0,0.0,0.0,0.0,0.0,0.0,0.0,0.0},fitness=net.sf.jclec.fitness.SimpleValueFitness@4dc7cd1c[value=0.0]]
Worst individual: net.sf.jclec.realarray.RealArrayIndividual@4fb56bea[genotype={0.0,0.0,0.0,0.0,0.0,0.0,0.0,0.0,0.0,0.0,0.0,0.0,0.0,0.0,0.0,5.12,0.0,5.12,0.0,0.0,0.0,0.0,0.0,0.0,0.0,0.0,0.0,0.0,0.0,0.0},fitness=net.sf.jclec.fitness.SimpleValueFitness@1f95881a[value=57.84942745157179]]
Median individual: net.sf.jclec.realarray.RealArrayIndividual@e09f1b6[genotype={0.0,0.0,0.0,0.0,0.0,0.0,0.0,0.0,0.0,0.0,0.0,0.0,0.0,0.0,0.0,0.0,0.0,0.0,0.0,0.0,0.0,0.0,0.0,0.0,0.0,0.0,0.0,0.0,0.0,0.0},fitness=net.sf.jclec.fitness.SimpleValueFitness@11b32a14[value=0.0]]
Average fitness = 3.7602127843521673
Fitness variance = 128.0894407165679
Generation 450 Report
Best individual: net.sf.jclec.realarray.RealArrayIndividual@7a687d8d[genotype={0.0,0.0,0.0,0.0,0.0,0.0,0.0,0.0,0.0,0.0,0.0,0.0,0.0,0.0,0.0,0.0,0.0,0.0,0.0,0.0,0.0,0.0,0.0,0.0,0.0,0.0,0.0,0.0,0.0,0.0},fitness=net.sf.jclec.fitness.SimpleValueFitness@67eec8e1[value=0.0]]
Worst individual: net.sf.jclec.realarray.RealArrayIndividual@33e434c8[genotype={0.0,0.0,0.0,0.0,0.0,0.0,0.0,0.0,0.0,0.0,0.0,0.0,5.12,0.0,0.0,0.0,0.0,0.0,0.0,0.0,0.0,0.0,0.0,0.0,0.0,5.12,0.0,0.0,0.0,0.0},fitness=net.sf.jclec.fitness.SimpleValueFitness@664212ab[value=57.84942745157179]]
Median individual: net.sf.jclec.realarray.RealArrayIndividual@306c7bf6[genotype={0.0,0.0,0.0,0.0,0.0,0.0,0.0,0.0,0.0,0.0,0.0,0.0,0.0,0.0,0.0,0.0,0.0,0.0,0.0,0.0,0.0,0.0,0.0,0.0,0.0,0.0,0.0,0.0,0.0,0.0},fitness=net.sf.jclec.fitness.SimpleValueFitness@494c8f29[value=0.0]]
Average fitness = 7.2311784314464775
Fitness variance = 273.9992934988633
Generation 460 Report
Best individual: net.sf.jclec.realarray.RealArrayIndividual@31973858[genotype={0.0,0.0,0.0,0.0,0.0,0.0,0.0,0.0,0.0,0.0,0.0,0.0,0.0,0.0,0.0,0.0,0.0,0.0,0.0,0.0,0.0,0.0,0.0,0.0,0.0,0.0,0.0,0.0,0.0,0.0},fitness=net.sf.jclec.fitness.SimpleValueFitness@79e7188e[value=0.0]]
Worst individual: net.sf.jclec.realarray.RealArrayIndividual@41f4039e[genotype={0.0,0.0,5.12,0.0,0.0,0.0,0.0,5.12,5.12,0.0,0.0,0.0,0.0,0.0,0.0,0.0,0.0,0.0,0.0,0.0,5.12,0.0,0.0,0.0,0.0,0.0,0.0,0.0,0.0,0.0},fitness=net.sf.jclec.fitness.SimpleValueFitness@603cabc4[value=115.69885490314358]]
Median individual: net.sf.jclec.realarray.RealArrayIndividual@2921199d[genotype={0.0,0.0,0.0,0.0,0.0,0.0,0.0,0.0,0.0,0.0,0.0,0.0,0.0,0.0,0.0,0.0,0.0,0.0,0.0,0.0,0.0,0.0,0.0,0.0,0.0,0.0,0.0,0.0,0.0,0.0},fitness=net.sf.jclec.fitness.SimpleValueFitness@7f13811b[value=0.0]]
Average fitness = 5.206448470641461
Fitness variance = 307.548519970022
Generation 470 Report
Best individual: net.sf.jclec.realarray.RealArrayIndividual@3dc40ab9[genotype={0.0,0.0,0.0,0.0,0.0,0.0,0.0,0.0,0.0,0.0,0.0,0.0,0.0,0.0,0.0,0.0,0.0,0.0,0.0,0.0,0.0,0.0,0.0,0.0,0.0,0.0,0.0,0.0,0.0,0.0},fitness=net.sf.jclec.fitness.SimpleValueFitness@6518fdfd[value=0.0]]
Worst individual: net.sf.jclec.realarray.RealArrayIndividual@2d5a1588[genotype={0.0,0.0,0.0,0.0,0.0,0.0,0.0,0.0,0.0,0.0,5.12,0.0,0.0,0.0,0.0,5.12,0.0,0.0,0.0,0.0,0.0,0.0,0.0,0.0,0.0,0.0,0.0,0.0,0.0,5.12},fitness=net.sf.jclec.fitness.SimpleValueFitness@125d47c4[value=86.77414117735769]]
Median individual: net.sf.jclec.realarray.RealArrayIndividual@432af457[genotype={0.0,0.0,0.0,0.0,0.0,0.0,0.0,0.0,0.0,0.0,0.0,0.0,0.0,0.0,0.0,0.0,0.0,0.0,0.0,0.0,0.0,0.0,0.0,0.0,0.0,0.0,0.0,0.0,0.0,0.0},fitness=net.sf.jclec.fitness.SimpleValueFitness@519c6fcc[value=0.0]]
Average fitness = 5.495695607899321
Fitness variance = 245.88822094447616
Generation 480 Report
Best individual: net.sf.jclec.realarray.RealArrayIndividual@5df7e31b[genotype={0.0,0.0,0.0,0.0,0.0,0.0,0.0,0.0,0.0,0.0,0.0,0.0,0.0,0.0,0.0,0.0,0.0,0.0,0.0,0.0,0.0,0.0,0.0,0.0,0.0,0.0,0.0,0.0,0.0,0.0},fitness=net.sf.jclec.fitness.SimpleValueFitness@4b425577[value=0.0]]
Worst individual: net.sf.jclec.realarray.RealArrayIndividual@2e71240b[genotype={0.0,0.0,0.0,5.12,0.0,0.0,0.0,0.0,0.0,0.0,5.12,0.0,0.0,0.0,0.0,0.0,5.12,0.0,0.0,0.0,0.0,0.0,0.0,0.0,0.0,0.0,0.0,0.0,0.0,0.0},fitness=net.sf.jclec.fitness.SimpleValueFitness@2b44d6d0[value=86.77414117735769]]
Median individual: net.sf.jclec.realarray.RealArrayIndividual@58eac00e[genotype={0.0,0.0,0.0,0.0,0.0,0.0,0.0,0.0,0.0,0.0,0.0,0.0,0.0,0.0,0.0,0.0,0.0,0.0,0.0,0.0,0.0,0.0,0.0,0.0,0.0,0.0,0.0,0.0,0.0,0.0},fitness=net.sf.jclec.fitness.SimpleValueFitness@61149fa5[value=0.0]]
Average fitness = 6.652684156930757
Fitness variance = 248.5654659496559
Generation 490 Report
Best individual: net.sf.jclec.realarray.RealArrayIndividual@69aabcb0[genotype={0.0,0.0,0.0,0.0,0.0,0.0,0.0,0.0,0.0,0.0,0.0,0.0,0.0,0.0,0.0,0.0,0.0,0.0,0.0,0.0,0.0,0.0,0.0,0.0,0.0,0.0,0.0,0.0,0.0,0.0},fitness=net.sf.jclec.fitness.SimpleValueFitness@15986dd5[value=0.0]]
Worst individual: net.sf.jclec.realarray.RealArrayIndividual@7015ebef[genotype={0.0,0.0,0.0,0.0,0.0,0.0,0.0,0.0,0.0,0.0,0.0,0.0,0.0,0.0,5.12,0.0,0.0,0.0,0.0,0.0,0.0,5.12,0.0,0.0,0.0,5.12,0.0,5.12,0.0,0.0},fitness=net.sf.jclec.fitness.SimpleValueFitness@2a87ba34[value=115.69885490314358]]
Median individual: net.sf.jclec.realarray.RealArrayIndividual@677ce519[genotype={0.0,0.0,0.0,0.0,0.0,0.0,0.0,0.0,0.0,0.0,0.0,0.0,0.0,0.0,0.0,0.0,0.0,0.0,0.0,0.0,0.0,0.0,0.0,0.0,0.0,0.0,0.0,0.0,0.0,0.0},fitness=net.sf.jclec.fitness.SimpleValueFitness@7cfb0c4c[value=0.0]]
Average fitness = 5.7849427451571795
Fitness variance = 368.12118821221344
Generation 500 Report
Best individual: net.sf.jclec.realarray.RealArrayIndividual@2ee39e73[genotype={0.0,0.0,0.0,0.0,0.0,0.0,0.0,0.0,0.0,0.0,0.0,0.0,0.0,0.0,0.0,0.0,0.0,0.0,0.0,0.0,0.0,0.0,0.0,0.0,0.0,0.0,0.0,0.0,0.0,0.0},fitness=net.sf.jclec.fitness.SimpleValueFitness@71a4f441[value=0.0]]
Worst individual: net.sf.jclec.realarray.RealArrayIndividual@24876a7e[genotype={0.0,5.12,5.12,0.0,0.0,0.0,5.12,0.0,0.0,0.0,0.0,0.0,5.12,0.0,0.0,0.0,5.12,0.0,0.0,0.0,0.0,0.0,0.0,0.0,0.0,0.0,0.0,0.0,5.12,0.0},fitness=net.sf.jclec.fitness.SimpleValueFitness@5a1dddba[value=173.54828235471538]]
Median individual: net.sf.jclec.realarray.RealArrayIndividual@2d28fb02[genotype={0.0,0.0,0.0,0.0,0.0,0.0,0.0,0.0,0.0,0.0,0.0,0.0,0.0,0.0,0.0,0.0,0.0,0.0,0.0,0.0,0.0,0.0,0.0,0.0,0.0,0.0,0.0,0.0,0.0,0.0},fitness=net.sf.jclec.fitness.SimpleValueFitness@402f8592[value=0.0]]
Average fitness = 8.098919843220052
Fitness variance = 620.4515299504033
