Wed Nov 21 15.59.23 CET 2018
Generation 0 Report
Best individual: net.sf.jclec.realarray.RealArrayIndividual@c2e1f26[genotype={4.672732997940748,0.14493799366225255,0.8718366908240006,1.5472009079167048,1.0790982755099223,3.8046102344869572,2.775273269957068,2.482765999754447,2.9852979305468534,1.709633120405244,2.975307474170271,2.372319186021711,2.603773250023802,0.2330590788468634,0.11364136528770356,3.2532799916077995,1.8368792724597922,0.11454567744614094,1.7727305752424254,0.5964976997834783,0.13011512872576358,1.5931208162613655,4.034324097922054,3.030920619130147,1.4379288898435838,3.8091820110016426,2.9602613349967393,3.9099163501234906,1.3550769650732821,0.22858051923077533},fitness=net.sf.jclec.fitness.SimpleValueFitness@6d9c638[value=430.48757095350453]]
Worst individual: net.sf.jclec.realarray.RealArrayIndividual@2077d4de[genotype={4.676648839626916,0.669075864908672,4.21377326052804,3.4715606848895035,1.037853953516304,0.8822289158959212,0.9277389183189172,4.198276777256541,4.819917855506252,2.4228659861054904,4.697889408366869,3.2856053103485214,2.620464022058475,2.21752193296216,0.3457397173704049,4.313038035171967,3.0191696370021495,1.1463679793011565,1.8542884569133384,2.542599446934304,3.5173243718401355,2.2229667077382507,4.365274529229566,4.753007698863032,4.614795593636361,4.737212863341884,3.431501787256046,4.77493611714337,2.0901905534158174,4.563324809476646},fitness=net.sf.jclec.fitness.SimpleValueFitness@77a567e1[value=679.0175729873109]]
Median individual: net.sf.jclec.realarray.RealArrayIndividual@26f0a63f[genotype={2.647461982408143,3.253481412397286,4.525750512454886,0.21946434857595956,3.428836560723898,1.3277652959328676,3.9329354571390014,1.089678686755643,2.1669384021110827,1.6432955236111564,1.8583117490876657,4.275982639512463,4.215476742248665,0.1180143340806011,1.5065065055433302,1.7241120164641022,1.9899739331000426,0.1798116303816735,1.066596899493978,4.764958060917424,3.7585781835763736,4.330686181805488,2.489373940131547,3.1212628380842524,4.464096455655856,5.035224746617209,1.2864484851524833,2.6226784491131565,4.917666855381996,4.987774355461821},fitness=net.sf.jclec.fitness.SimpleValueFitness@53bd815b[value=582.4634246090795]]
Average fitness = 560.0195282288028
Fitness variance = 2852.2465120255365
Generation 10 Report
Best individual: net.sf.jclec.realarray.RealArrayIndividual@d7b1517[genotype={1.0341669459885936,3.0845493871285887,0.9958655247328421,0.8920441734092007,1.1127929323235513,0.20327562886209946,1.9216691302510542,0.8968260508839357,0.7617425863942436,0.7973407795794889,0.7776143762822656,0.047794777265544194,2.603773250023802,0.2330590788468634,0.11364136528770356,1.9545618470785306,1.8368792724597922,1.8947925941028467,2.8181932740642304,0.5964976997834783,0.13011512872576358,0.7928653527836156,2.0115668725885825,3.030920619130147,0.07648145645701684,0.782024171209895,3.823750576290545,2.9551431865303632,0.6823668284438488,1.1790625226002822},fitness=net.sf.jclec.fitness.SimpleValueFitness@23223dd8[value=233.50899470668122]]
Worst individual: net.sf.jclec.realarray.RealArrayIndividual@67117f44[genotype={4.560577717154762,3.120682658377124,0.6612538613309092,8.170858459512673E-4,4.2664302499059605,0.5730820162276669,1.1385704851539933,0.0787908837813161,4.339782585144044,3.218543557631834,0.7776143762822656,2.7199627640130086,2.141858347621185,1.5031051807016294,0.11364136528770356,4.149441403000658,0.0357748446678738,2.181361863464603,1.6971056541817564,0.7871239089930911,5.062121629407512,2.035665383987609,4.034324097922054,3.030920619130147,1.8797511684647523,0.8704423903251816,2.9602613349967393,0.9969716081560869,2.978441417336593,3.9614996596962},fitness=net.sf.jclec.fitness.SimpleValueFitness@2471cca7[value=395.0307847199553]]
Median individual: net.sf.jclec.realarray.RealArrayIndividual@5a39699c[genotype={0.4610987097534172,3.0845493871285887,1.89759714053549,0.0033178687999974405,0.015831265881027585,1.1100510852105494,3.972342887908236,0.0787908837813161,2.074574958603138,3.218543557631834,2.7649924745794996,0.047794777265544194,0.19061511082445315,2.3216212547807054,0.11364136528770356,4.187380692650928,1.8368792724597922,3.878043771587522,1.7727305752424254,0.5964976997834783,3.1473889970338154,2.035665383987609,4.034324097922054,4.134431136287516,1.556868817325573,0.8704423903251816,0.2574221895763748,2.9551431865303632,1.7757104523187328,0.9224726117750774},fitness=net.sf.jclec.fitness.SimpleValueFitness@56cbfb61[value=320.8079723968885]]
Average fitness = 325.14771570950967
Fitness variance = 1227.3964596847509
Generation 20 Report
Best individual: net.sf.jclec.realarray.RealArrayIndividual@731a74c[genotype={1.199823634312487,3.0845493871285887,0.8718366908240006,2.0081202363761523,1.0790982755099223,1.1100510852105494,1.9216691302510542,0.0787908837813161,2.074574958603138,2.0338497334750167,2.975307474170271,0.047794777265544194,1.9358024934063596,0.2330590788468634,0.11364136528770356,1.9545618470785306,1.8368792724597922,1.8947925941028467,2.8181932740642304,1.0452840136286414,0.13011512872576358,1.0319307823114634,0.013914281770220804,2.0664456120108636,0.07648145645701684,0.9559205959516729,2.9602613349967393,3.9099163501234906,0.013599758518874112,0.9224726117750774},fitness=net.sf.jclec.fitness.SimpleValueFitness@1f28c152[value=147.66152883995684]]
Worst individual: net.sf.jclec.realarray.RealArrayIndividual@7dc7cbad[genotype={1.0341669459885936,3.0845493871285887,0.9958655247328421,0.8920441734092007,1.0790982755099223,1.1100510852105494,3.972342887908236,0.8968260508839357,1.1909623125337259,0.039487684849333765,0.7776143762822656,0.047794777265544194,3.0229781784038687,2.3216212547807054,0.11364136528770356,1.9545618470785306,2.9616966124978656,2.066753166776703,2.8181932740642304,0.5964976997834783,0.13011512872576358,2.035665383987609,2.0115668725885825,2.0664456120108636,0.5236009430549049,3.593057234609682,2.9602613349967393,2.871509952134121,0.013599758518874112,0.10880388090765661},fitness=net.sf.jclec.fitness.SimpleValueFitness@4f933fd1[value=231.399682481424]]
Median individual: net.sf.jclec.realarray.RealArrayIndividual@7cd62f43[genotype={1.0341669459885936,3.0845493871285887,0.9958655247328421,2.0081202363761523,1.0790982755099223,1.1100510852105494,1.9216691302510542,0.0787908837813161,2.074574958603138,0.039487684849333765,2.975307474170271,0.047794777265544194,3.0229781784038687,0.2330590788468634,0.11364136528770356,1.9545618470785306,1.8368792724597922,2.066753166776703,2.8181932740642304,1.0452840136286414,0.13011512872576358,1.0319307823114634,0.013914281770220804,2.9000170973622654,0.5236009430549049,0.782024171209895,2.9602613349967393,3.9099163501234906,0.013599758518874112,1.1790625226002822},fitness=net.sf.jclec.fitness.SimpleValueFitness@6093dd95[value=174.4652302229128]]
Average fitness = 181.38804274599298
Fitness variance = 342.52116314077284
Generation 30 Report
Best individual: net.sf.jclec.realarray.RealArrayIndividual@7e0e6aa2[genotype={1.0341669459885936,3.0845493871285887,0.9958655247328421,0.10807898577589402,0.015831265881027585,1.1100510852105494,1.9216691302510542,0.0787908837813161,2.074574958603138,0.039487684849333765,2.975307474170271,0.021054703586807888,1.9358024934063596,0.2330590788468634,0.9360970497776846,1.9545618470785306,2.9616966124978656,2.066753166776703,0.9518866440823834,1.0452840136286414,0.13011512872576358,1.0319307823114634,0.013914281770220804,2.0664456120108636,0.07648145645701684,0.9559205959516729,2.9602613349967393,0.9969716081560869,0.013599758518874112,0.9224726117750774},fitness=net.sf.jclec.fitness.SimpleValueFitness@18bf3d14[value=100.48568918319323]]
Worst individual: net.sf.jclec.realarray.RealArrayIndividual@3dd4520b[genotype={1.0341669459885936,3.0602010699895548,0.9461692528902026,0.10807898577589402,1.0790982755099223,2.0728721941998645,1.9216691302510542,0.8968260508839357,2.074574958603138,0.039487684849333765,0.7776143762822656,0.047794777265544194,3.0229781784038687,0.2330590788468634,0.11364136528770356,1.9545618470785306,3.298060498604684,1.8947925941028467,2.8181932740642304,1.0452840136286414,0.13011512872576358,1.0319307823114634,2.0115668725885825,2.0664456120108636,0.07648145645701684,0.9559205959516729,2.9602613349967393,1.0343205078910271,2.0219499090082143,0.9224726117750774},fitness=net.sf.jclec.fitness.SimpleValueFitness@610694f1[value=147.8885454377261]]
Median individual: net.sf.jclec.realarray.RealArrayIndividual@4b553d26[genotype={1.0341669459885936,3.0845493871285887,0.9899934534148754,2.0081202363761523,1.1127929323235513,0.20327562886209946,1.9216691302510542,0.0787908837813161,2.074574958603138,0.039487684849333765,0.7776143762822656,0.047794777265544194,3.0229781784038687,0.2330590788468634,0.11364136528770356,1.9545618470785306,2.9616966124978656,1.8947925941028467,2.8181932740642304,1.0452840136286414,0.13011512872576358,1.0319307823114634,0.012659499215280043,2.0664456120108636,0.07648145645701684,0.9559205959516729,2.9602613349967393,0.9969716081560869,0.013599758518874112,0.9224726117750774},fitness=net.sf.jclec.fitness.SimpleValueFitness@86be70a[value=128.24478800858859]]
Average fitness = 124.67979496819142
Fitness variance = 76.45208159634421
Generation 40 Report
Best individual: net.sf.jclec.realarray.RealArrayIndividual@71248c21[genotype={1.0341669459885936,3.0845493871285887,0.9899934534148754,0.9947438648211864,0.015831265881027585,1.1100510852105494,1.9216691302510542,0.0787908837813161,2.074574958603138,0.039487684849333765,2.975307474170271,0.021054703586807888,0.9673640157200615,1.1347603405353164,0.05226186974035984,1.9545618470785306,1.8368792724597922,1.8947925941028467,0.9518866440823834,1.0452840136286414,0.13011512872576358,1.0319307823114634,0.005793610659787073,2.0664456120108636,0.07648145645701684,0.9559205959516729,2.9602613349967393,1.0343205078910271,0.013599758518874112,0.9224726117750774},fitness=net.sf.jclec.fitness.SimpleValueFitness@6166e06f[value=90.34244917839266]]
Worst individual: net.sf.jclec.realarray.RealArrayIndividual@5579bb86[genotype={1.0341669459885936,3.0602010699895548,0.9899934534148754,0.10807898577589402,0.015831265881027585,1.1100510852105494,1.9216691302510542,0.0787908837813161,2.074574958603138,0.039487684849333765,2.975307474170271,0.043794288584926976,0.9673640157200615,0.2330590788468634,0.11364136528770356,1.9545618470785306,1.8368792724597922,1.8947925941028467,0.9518866440823834,1.0452840136286414,0.13011512872576358,1.4686150887072076,0.005793610659787073,2.0664456120108636,0.07648145645701684,0.8704423903251816,2.9602613349967393,1.0343205078910271,0.013599758518874112,0.9224726117750774},fitness=net.sf.jclec.fitness.SimpleValueFitness@4fcd19b3[value=120.58889298438368]]
Median individual: net.sf.jclec.realarray.RealArrayIndividual@1188e820[genotype={1.0341669459885936,3.0845493871285887,0.9899934534148754,0.8920441734092007,0.015831265881027585,1.1100510852105494,1.9216691302510542,0.0787908837813161,2.074574958603138,0.039487684849333765,0.7776143762822656,0.047794777265544194,0.9673640157200615,0.2330590788468634,0.11364136528770356,1.9545618470785306,1.8368792724597922,1.8947925941028467,0.9518866440823834,1.0452840136286414,0.13011512872576358,1.0319307823114634,0.013914281770220804,2.0664456120108636,0.07648145645701684,0.9559205959516729,2.9602613349967393,1.0343205078910271,0.00914280756350607,0.9224726117750774},fitness=net.sf.jclec.fitness.SimpleValueFitness@101df177[value=98.88344196284838]]
Average fitness = 97.88482393476292
Fitness variance = 21.214126464172296
Generation 50 Report
Best individual: net.sf.jclec.realarray.RealArrayIndividual@5762806e[genotype={1.0341669459885936,3.0602010699895548,0.9899934534148754,0.0942902044005524,0.015831265881027585,1.0003348146983864,1.9216691302510542,0.0787908837813161,2.0251006474806585,0.039487684849333765,2.975307474170271,0.021054703586807888,0.9471890722814944,1.1347603405353164,0.0424600844090855,1.9545618470785306,1.9794050141262005,2.066753166776703,0.9518866440823834,1.0452840136286414,0.13011512872576358,1.0073068492710813,0.005793610659787073,2.01863640583444,0.07648145645701684,0.9559205959516729,2.9602613349967393,0.9969716081560869,0.013599758518874112,0.9224726117750774},fitness=net.sf.jclec.fitness.SimpleValueFitness@5af97850[value=80.39965087977167]]
Worst individual: net.sf.jclec.realarray.RealArrayIndividual@275710fc[genotype={1.0455142094484133,3.0602010699895548,0.9899934534148754,0.0942902044005524,0.015831265881027585,1.0003348146983864,1.9216691302510542,0.0787908837813161,2.315483764984197,0.039487684849333765,0.8321322976084904,0.020277085322612316,0.9673640157200615,1.1347603405353164,0.0424600844090855,1.9545618470785306,1.8368792724597922,2.066753166776703,0.9518866440823834,1.0452840136286414,0.13011512872576358,1.0073068492710813,0.005793610659787073,2.01863640583444,0.07648145645701684,0.9559205959516729,2.9602613349967393,0.9969716081560869,0.013599758518874112,0.9224726117750774},fitness=net.sf.jclec.fitness.SimpleValueFitness@75f9eccc[value=96.39794602444131]]
Median individual: net.sf.jclec.realarray.RealArrayIndividual@327b636c[genotype={1.0341669459885936,3.0602010699895548,0.9899934534148754,0.10807898577589402,0.015831265881027585,1.041118112628301,1.9216691302510542,0.0787908837813161,2.074574958603138,0.03810243379762454,0.8321322976084904,0.021054703586807888,0.9673640157200615,1.1347603405353164,0.05226186974035984,1.9545618470785306,1.8368792724597922,2.066753166776703,0.9518866440823834,1.0452840136286414,0.13011512872576358,1.0319307823114634,0.005793610659787073,2.0664456120108636,0.07648145645701684,0.9559205959516729,2.9602613349967393,1.0343205078910271,0.013599758518874112,0.9224726117750774},fitness=net.sf.jclec.fitness.SimpleValueFitness@60611244[value=84.84921116915629]]
Average fitness = 86.17439806640648
Fitness variance = 5.8935501354217195
Generation 60 Report
Best individual: net.sf.jclec.realarray.RealArrayIndividual@4f6ee6e4[genotype={1.0341669459885936,3.0082901292059137,0.9899934534148754,0.9947438648211864,0.015831265881027585,1.0003348146983864,1.9216691302510542,0.0787908837813161,2.0251006474806585,0.039487684849333765,0.8321322976084904,0.02095380502920397,0.9673640157200615,1.1347603405353164,0.0424600844090855,1.9545618470785306,1.9794050141262005,2.066753166776703,0.9518866440823834,1.0452840136286414,0.13011512872576358,1.0319307823114634,0.005793610659787073,2.01863640583444,0.07648145645701684,0.9559205959516729,2.9602613349967393,0.9969716081560869,0.013599758518874112,0.9224726117750774},fitness=net.sf.jclec.fitness.SimpleValueFitness@a514af7[value=75.40060175966316]]
Worst individual: net.sf.jclec.realarray.RealArrayIndividual@5cee5251[genotype={1.0341669459885936,3.0602010699895548,0.9899934534148754,0.9947438648211864,0.015831265881027585,1.0003348146983864,1.9216691302510542,0.0787908837813161,2.0251006474806585,0.039487684849333765,0.8321322976084904,0.04659437507549481,0.9673640157200615,1.1347603405353164,0.04192673447970998,1.9545618470785306,1.9124108602948935,2.066753166776703,0.9518866440823834,1.0452840136286414,0.13011512872576358,1.0319307823114634,0.005793610659787073,2.0111762818673395,0.07648145645701684,0.9559205959516729,2.9602613349967393,0.9969716081560869,0.3254064049347441,0.9224726117750774},fitness=net.sf.jclec.fitness.SimpleValueFitness@5c909414[value=92.43096449473887]]
Median individual: net.sf.jclec.realarray.RealArrayIndividual@76508ed1[genotype={1.0341669459885936,3.0602010699895548,0.9899934534148754,0.9947438648211864,0.015831265881027585,1.0003348146983864,1.9216691302510542,0.0787908837813161,2.074574958603138,0.039487684849333765,0.8321322976084904,0.047794777265544194,0.9673640157200615,1.1347603405353164,0.0424600844090855,1.9545618470785306,1.9794050141262005,1.8947925941028467,0.9518866440823834,1.0452840136286414,0.13011512872576358,1.0319307823114634,0.005793610659787073,2.0111762818673395,0.07648145645701684,0.9559205959516729,2.9602613349967393,0.9969716081560869,0.013599758518874112,0.9224726117750774},fitness=net.sf.jclec.fitness.SimpleValueFitness@15c43bd9[value=78.41291228440717]]
Average fitness = 77.08408333944202
Fitness variance = 3.326531142096428
Generation 70 Report
Best individual: net.sf.jclec.realarray.RealArrayIndividual@408d971b[genotype={1.0341669459885936,3.0082901292059137,0.9899934534148754,0.9947438648211864,0.015831265881027585,1.0003348146983864,2.0175571964268233,0.08452112826393444,2.0077714017980814,0.039487684849333765,0.8708083187047369,0.021054703586807888,0.9673640157200615,1.1347603405353164,0.05226186974035984,1.961571161895639,1.9794050141262005,2.048509491214244,0.9518866440823834,1.0452840136286414,0.13011512872576358,1.0073068492710813,0.005793610659787073,2.01863640583444,0.07648145645701684,0.9579579123387083,2.9602613349967393,0.9969716081560869,0.013599758518874112,0.9585628204881576},fitness=net.sf.jclec.fitness.SimpleValueFitness@3c46e67a[value=71.35109356080326]]
Worst individual: net.sf.jclec.realarray.RealArrayIndividual@7e07db1f[genotype={1.0300397826352128,3.0082901292059137,0.9899934534148754,0.9947438648211864,0.015831265881027585,1.0003348146983864,1.9216691302510542,0.07855700223251158,2.0251006474806585,0.039487684849333765,0.8321322976084904,0.021017688831032416,0.9673640157200615,1.1229366722969443,0.04671660896764555,1.9545618470785306,1.9794050141262005,2.066753166776703,0.9549632055151602,1.0452840136286414,0.168983270168751,1.0073068492710813,0.005793610659787073,2.01863640583444,0.07648145645701684,0.9559205959516729,2.9767970438356515,0.9969716081560869,0.013599758518874112,0.9585628204881576},fitness=net.sf.jclec.fitness.SimpleValueFitness@36bc55de[value=75.66771225636025]]
Median individual: net.sf.jclec.realarray.RealArrayIndividual@c730b35[genotype={1.0341669459885936,3.0082901292059137,0.9899934534148754,0.9947438648211864,0.015831265881027585,1.0003348146983864,2.0175571964268233,0.0786782867427077,2.0281793047088157,0.039487684849333765,0.8321322976084904,0.02095380502920397,0.9673640157200615,1.1347603405353164,0.04671660896764555,1.9545618470785306,1.9794050141262005,2.066753166776703,1.0009857516727374,1.0452840136286414,0.13011512872576358,1.0073068492710813,0.005793610659787073,2.01863640583444,0.07648145645701684,0.9559205959516729,2.9602613349967393,0.9969716081560869,0.013599758518874112,0.9224726117750774},fitness=net.sf.jclec.fitness.SimpleValueFitness@292b08d6[value=74.17022084859934]]
Average fitness = 73.36877443807451
Fitness variance = 0.9293604314807453
Generation 80 Report
Best individual: net.sf.jclec.realarray.RealArrayIndividual@11fc564b[genotype={1.0341669459885936,3.0082901292059137,0.9899934534148754,0.9947438648211864,0.015831265881027585,1.0003348146983864,2.0175571964268233,0.07855700223251158,2.006370575932708,0.039487684849333765,0.8862363013258392,0.02095380502920397,0.9755209581947,1.1229366722969443,0.040611659676790694,1.9545618470785306,1.9794050141262005,2.048509491214244,0.9518866440823834,1.0452840136286414,0.12999506693791618,1.0073068492710813,0.005793610659787073,2.0164338739743086,0.07648145645701684,0.9559205959516729,2.9767970438356515,0.9969716081560869,0.013599758518874112,0.9640697277179129},fitness=net.sf.jclec.fitness.SimpleValueFitness@6236eb5f[value=69.57108041671881]]
Worst individual: net.sf.jclec.realarray.RealArrayIndividual@568ff82[genotype={1.0341669459885936,3.0082901292059137,0.9899934534148754,0.9947438648211864,0.015831265881027585,1.041118112628301,2.0175571964268233,0.0787908837813161,2.0251006474806585,0.039437972439188125,0.8727189286888706,0.02095380502920397,0.9673640157200615,1.1229366722969443,0.042398353763838666,1.9545618470785306,1.9794050141262005,2.048509491214244,0.9590937612125096,1.0452840136286414,0.12999506693791618,1.0073068492710813,0.005793610659787073,2.01863640583444,0.07648145645701684,0.9559205959516729,2.9767970438356515,0.9969716081560869,0.013599758518874112,0.9585628204881576},fitness=net.sf.jclec.fitness.SimpleValueFitness@2a266d09[value=70.83379420971929]]
Median individual: net.sf.jclec.realarray.RealArrayIndividual@3cc1435c[genotype={1.0341669459885936,3.0082901292059137,0.9899934534148754,0.9947438648211864,0.019452709695746747,1.0003348146983864,2.0163005683316526,0.0787908837813161,2.0251006474806585,0.039487684849333765,0.8897739295011906,0.02095380502920397,0.9673640157200615,1.1229366722969443,0.040611659676790694,1.9545618470785306,1.9794050141262005,2.048509491214244,0.9518866440823834,1.0452840136286414,0.12999506693791618,1.0073068492710813,0.005793610659787073,2.01863640583444,0.07648145645701684,0.9559205959516729,2.9767970438356515,0.9969716081560869,0.013590968531624274,0.9585628204881576},fitness=net.sf.jclec.fitness.SimpleValueFitness@dd0c991[value=69.81635968008155]]
Average fitness = 70.1282843055963
Fitness variance = 0.09396425548675325
Generation 90 Report
Best individual: net.sf.jclec.realarray.RealArrayIndividual@2d710f1a[genotype={1.0341649159202104,3.0082686513352055,0.9899934534148754,0.9947438648211864,0.015831265881027585,1.000404222402006,2.0163005683316526,0.0787908837813161,2.006370575932708,0.039487684849333765,0.8897739295011906,0.020609564456316516,0.9755209581947,1.1229366722969443,0.040611659676790694,1.9553756512185623,1.9794050141262005,2.048509491214244,0.9590937612125096,1.0449487561755781,0.12999506693791618,1.0073068492710813,0.005793610659787073,2.0129221238439343,0.07648145645701684,0.9579579123387083,2.9767970438356515,0.9969716081560869,0.013599758518874112,0.9640697277179129},fitness=net.sf.jclec.fitness.SimpleValueFitness@59505b48[value=69.23050834130939]]
Worst individual: net.sf.jclec.realarray.RealArrayIndividual@4c1909a3[genotype={1.0341955927434388,3.0082901292059137,0.9899934534148754,0.9947438648211864,0.015831265881027585,1.000404222402006,2.0163005683316526,0.0787908837813161,2.006370575932708,0.039487684849333765,0.8868021316036143,0.020609564456316516,0.9673640157200615,1.1229366722969443,0.040611659676790694,1.9545618470785306,1.9794050141262005,2.048509491214244,0.9518866440823834,1.0452840136286414,0.12999506693791618,1.0073068492710813,0.005793610659787073,2.0129221238439343,0.07648145645701684,0.9559205959516729,2.9767970438356515,0.997076208287084,0.013599758518874112,0.9649835933120717},fitness=net.sf.jclec.fitness.SimpleValueFitness@d9345cd[value=69.5704438877445]]
Median individual: net.sf.jclec.realarray.RealArrayIndividual@4f2b503c[genotype={1.0341649159202104,3.0082901292059137,0.9899934534148754,0.9947438648211864,0.015831265881027585,1.0003348146983864,2.0163005683316526,0.07867142305487777,2.006370575932708,0.039487684849333765,0.8897739295011906,0.02095380502920397,0.9755209581947,1.1229366722969443,0.040639291687712804,1.9545618470785306,1.9794050141262005,2.048509491214244,0.9590937612125096,1.0452840136286414,0.12999506693791618,1.0073068492710813,0.005793610659787073,2.0129221238439343,0.07648145645701684,0.9559205959516729,2.9767970438356515,0.9969716081560869,0.013599758518874112,0.9649835933120717},fitness=net.sf.jclec.fitness.SimpleValueFitness@209da20d[value=69.26731730454436]]
Average fitness = 69.38413319212947
Fitness variance = 0.004863416274019983
Generation 100 Report
Best individual: net.sf.jclec.realarray.RealArrayIndividual@6e9a5ed8[genotype={1.0341649159202104,3.0082686513352055,0.9899934534148754,0.9947438648211864,0.015831265881027585,1.0003348146983864,2.0121366758541765,0.07867142305487777,2.006370575932708,0.039487684849333765,0.8897739295011906,0.020609564456316516,0.9755209581947,1.1229366722969443,0.040611659676790694,1.9553756512185623,1.9794050141262005,2.048460566425296,0.9590937612125096,1.0449487561755781,0.12999506693791618,1.0073068492710813,0.005793610659787073,2.0129221238439343,0.07648145645701684,0.9579579123387083,2.9767970438356515,0.9969716081560869,0.013599758518874112,0.9649835933120717},fitness=net.sf.jclec.fitness.SimpleValueFitness@6c284af[value=69.17460977274402]]
Worst individual: net.sf.jclec.realarray.RealArrayIndividual@4be29ed9[genotype={1.0341669459885936,3.0082686558093177,0.9899934534148754,0.9947438648211864,0.015831265881027585,1.0003348146983864,2.0121366758541765,0.0787908837813161,2.006370575932708,0.039616351441484614,0.8897739295011906,0.020609564456316516,0.9755209581947,1.1229366722969443,0.040611659676790694,1.9545618470785306,1.9794050141262005,2.048460566425296,0.9590937612125096,1.044949721746492,0.12999506693791618,1.0073068492710813,0.005793610659787073,2.0129221238439343,0.07648145645701684,0.9579579123387083,2.9767970438356515,0.9969716081560869,0.013616295639262314,0.9640697277179129},fitness=net.sf.jclec.fitness.SimpleValueFitness@4b013c76[value=69.20235294437508]]
Median individual: net.sf.jclec.realarray.RealArrayIndividual@5386659f[genotype={1.0341669459885936,3.0082686513352055,0.9899934534148754,0.9947438648211864,0.015831265881027585,1.0003348146983864,2.0121366758541765,0.0787908837813161,2.006370575932708,0.039487684849333765,0.8897739295011906,0.020609564456316516,0.9755209581947,1.1229366722969443,0.040611659676790694,1.9553756512185623,1.9794050141262005,2.048465646928564,0.9590937612125096,1.044949721746492,0.12999506693791618,1.0073068492710813,0.005793610656997087,2.0129221238439343,0.07648145645701684,0.9579579123387083,2.9767970438356515,0.9969716081560869,0.013599423977141386,0.9649835933120717},fitness=net.sf.jclec.fitness.SimpleValueFitness@cecf639[value=69.17835705906246]]
Average fitness = 69.18679538516746
Fitness variance = 4.051891210110625E-5
Generation 110 Report
Best individual: net.sf.jclec.realarray.RealArrayIndividual@15f47664[genotype={1.0341669474058968,3.0082686513352055,0.9899934534148754,0.9947438648211864,0.01583126445277597,1.0003348146983864,2.0121366758541765,0.0786138539333287,2.006370575932708,0.039487684849333765,0.8897739295011906,0.020609564456316516,0.9755209581947,1.1229366722969443,0.040611659676790694,1.9553756512185623,1.9794050141262005,2.048460566425296,0.9591960473206744,1.0449487561755781,0.12999506693791618,1.0073068492710813,0.005793610659787073,2.0129221238439343,0.07646999885763811,0.9579579123387083,2.97682282409389,0.9969716081560869,0.013599758518874112,0.9649835933120717},fitness=net.sf.jclec.fitness.SimpleValueFitness@dc9876b[value=69.17106490286832]]
Worst individual: net.sf.jclec.realarray.RealArrayIndividual@6f43c82[genotype={1.0341669459885936,3.0082686513352055,0.9899934534148754,0.9947441262678064,0.015831265881027585,1.0003348146983864,2.0121635141984746,0.07867142305487777,2.006370575932708,0.039489958762825954,0.8896184173875769,0.020603319689710325,0.9755209581947,1.1229366722969443,0.04061166076624827,1.9553756512185623,1.9794050141262005,2.048460566425296,0.9591960473206744,1.0449487561755781,0.12999506693791618,1.0073068492710813,0.005793610659787073,2.0129221238439343,0.07648145645701684,0.9579579123387083,2.97694542968942,0.9969716081560869,0.013599758518874112,0.9649835933120717},fitness=net.sf.jclec.fitness.SimpleValueFitness@210ab13f[value=69.17892591876073]]
Median individual: net.sf.jclec.realarray.RealArrayIndividual@10289886[genotype={1.0341669459885936,3.0082804378102503,0.9899934534148754,0.9947438648211864,0.01583126445277597,1.0003348146983864,2.0121366758541765,0.07867142305487777,2.006370575932708,0.039487684849333765,0.8897739295011906,0.02060956445748241,0.9755209581947,1.1229366722969443,0.040611659676790694,1.9553756512185623,1.9794050141262005,2.048460566425296,0.9591960473206744,1.0449487561755781,0.12999506693791618,1.0073068492710813,0.005793610659787073,2.0129221238439343,0.07648145645701684,0.9579579123387083,2.97694542968942,0.9969716081560869,0.013599758518874112,0.9649835933120717},fitness=net.sf.jclec.fitness.SimpleValueFitness@461ad730[value=69.1728483631993]]
Average fitness = 69.1729646828207
Fitness variance = 5.558267730521038E-7
Generation 120 Report
Best individual: net.sf.jclec.realarray.RealArrayIndividual@5e21e98f[genotype={1.0341649159202104,3.0082686513352055,0.9899934534148754,0.9947438648211864,0.01583126445277597,1.0003671973164672,2.0121366758541765,0.07638587786758817,2.006370575932708,0.0394372744721788,0.8897739295011906,0.020609564456316516,0.9755209581947,1.1229366722969443,0.039772599731285184,1.9553756512185623,1.9794051393870586,2.0484239096137955,0.9591960473206744,1.0449185456181238,0.12801479595621368,1.0073068492710813,0.0057938537331661336,2.0129221238439343,0.07637270937388659,0.9579579123387083,2.977431839794499,0.9969716081560869,0.013599758518874112,0.9649835933120717},fitness=net.sf.jclec.fitness.SimpleValueFitness@5f20155b[value=68.99442998847222]]
Worst individual: net.sf.jclec.realarray.RealArrayIndividual@3e2059ae[genotype={1.0341500574664464,3.0080244008164643,0.9899934534148754,0.9947438648211864,0.015831265881027585,1.0003348146983864,2.0121366758541765,0.07859696341176191,2.006370575932708,0.039487684849333765,0.8901164199637284,0.020609564456316516,0.9755209581947,1.1229366722969443,0.040611659676790694,1.9553756512185623,1.9793841045649863,2.048460566425296,0.9591960473206744,1.0451035634843617,0.12999506693791618,1.0073068492710813,0.005793610659787073,2.0129221238439343,0.07637270937388659,0.9567939739837424,2.97694542968942,0.9969716081560869,0.013599852265064535,0.9649835933120717},fitness=net.sf.jclec.fitness.SimpleValueFitness@7cb502c[value=69.17195701088595]]
Median individual: net.sf.jclec.realarray.RealArrayIndividual@27508c5d[genotype={1.0341500574664464,3.0082686513352055,0.9899934534148754,0.9947438648211864,0.01583126445277597,1.0003348146983864,2.0121366758541765,0.07862509413913994,2.006370575932708,0.039487684849333765,0.8901164199637284,0.018787803533887166,0.9755209581947,1.1229366722969443,0.040611659676790694,1.955404534556438,1.9794050141262005,2.0484502089034704,0.9591968776023909,1.044949721746492,0.12999506693791618,1.0073068492710813,0.005793610659787073,2.0129221238439343,0.07637270937388659,0.9579579123387083,2.9767976936873555,0.9969716081560869,0.013600479601882086,0.9649835933120717},fitness=net.sf.jclec.fitness.SimpleValueFitness@4b5189ac[value=69.14045026300363]]
Average fitness = 69.11778757954443
Fitness variance = 0.0013199356917539262
Generation 130 Report
Best individual: net.sf.jclec.realarray.RealArrayIndividual@14f9390f[genotype={1.0341500574664464,3.007994531408561,0.9899934534148754,0.9947438648211864,0.015852590444475095,1.000404222402006,2.0121366758541765,0.05793040082948525,2.006370575932708,0.03918298558691197,0.8897739295011906,0.020609564456316516,0.9755209581947,1.1229366722969443,0.031485684138191014,1.9553756512185623,1.9794050141262005,2.048460566425296,0.9595749191565972,1.044949721746492,0.11735191729491681,1.0073071234969737,0.0057938537331661336,2.0129486435419,0.07637270937388659,0.9584347223660535,2.97694542968942,0.9969716081560869,0.013600479601882086,0.9648972599729597},fitness=net.sf.jclec.fitness.SimpleValueFitness@176b75f7[value=67.9173771368268]]
Worst individual: net.sf.jclec.realarray.RealArrayIndividual@d278d2b[genotype={1.0341649159202104,3.0080244008164643,0.9899934534148754,0.9934447391417804,0.01582370364628954,1.0046234556610787,2.0104843384172137,0.07867142305487777,2.006370575932708,0.0394372744721788,0.8901164199637284,0.020564873360927244,0.9755209581947,1.1229366722969443,0.040155422211889294,1.955404534556438,1.9794050141262005,2.045612596115911,0.952342695916069,1.0450452884317278,0.126518181728463,1.0073068492710813,0.0057936198481579595,2.0129221238439343,0.07620329384427849,0.9579579123387083,2.9771109284939357,0.9969106518477718,0.013599758518874112,0.9650531126436379},fitness=net.sf.jclec.fitness.SimpleValueFitness@25f4878b[value=69.02291467532866]]
Median individual: net.sf.jclec.realarray.RealArrayIndividual@5ef5c734[genotype={1.0341649159202104,3.007407925219657,0.9899934534148754,0.9947438648211864,0.01583126445277597,0.9973512019970062,2.011901351607896,0.07867142305487777,2.006370575932708,0.0394727644012262,0.8901164199637284,0.020564873360927244,0.9755209581947,1.1156735775533342,0.031485684138191014,1.9553756512185623,1.9794050141262005,2.047439753538816,0.9591968776023909,1.0300680093958894,0.126518181728463,1.0073071234969737,0.005793610659787073,2.0129221238439343,0.07637270937388659,0.9584347223660535,2.9767970438356515,0.9969106518477718,0.013599758518874112,0.9650531126436379},fitness=net.sf.jclec.fitness.SimpleValueFitness@36b4091c[value=68.24665094432417]]
Average fitness = 68.48348949958825
Fitness variance = 0.044811511783336755
Generation 140 Report
Best individual: net.sf.jclec.realarray.RealArrayIndividual@6aa3a905[genotype={1.0226244070106982,3.007407925219657,0.9899934534148754,0.9947438648211864,0.015831265881027585,0.9973512019970062,2.0121366758541765,0.07284860945193904,2.006370575932708,0.0394372744721788,0.9126959732096384,0.020609564456316516,0.9755209581947,1.1156735775533342,0.031485684138191014,1.9571097757120777,1.9794050141262005,2.045720504262547,0.9567447138816795,1.0300680093958894,0.03234090675017312,1.0073071234969737,0.005793610659787073,2.0129221238439343,0.07637270937388659,0.9588789597480443,2.97694542968942,0.9969716081560869,0.01305810547342535,0.9648972599729597},fitness=net.sf.jclec.fitness.SimpleValueFitness@5dd1c9f2[value=64.30612816507545]]
Worst individual: net.sf.jclec.realarray.RealArrayIndividual@58326051[genotype={1.0539294094509677,3.007407925219657,0.9899934534148754,0.9947438648211864,0.01339254510551641,0.9973512019970062,2.0121366758541765,0.0,2.006370575932708,0.03918298558691197,0.8901976286381075,0.020564873360927244,0.9755209581947,1.1194505875767227,0.031485684138191014,1.976461064092431,1.9759278301408951,2.047439753538816,0.9591960473206744,1.0300680093958894,0.11735191729491681,1.0073071234969737,0.0,2.0129221238439343,0.07637270937388659,0.9579579123387083,2.97694542968942,0.9969106518477718,0.013663049907892796,0.9222494136078877},fitness=net.sf.jclec.fitness.SimpleValueFitness@64bce832[value=67.83818689300345]]
Median individual: net.sf.jclec.realarray.RealArrayIndividual@bcef303[genotype={1.0226244070106982,3.007407925219657,0.9899934534148754,0.9947438648211864,0.015831747949086747,0.9973512019970062,2.0121366758541765,0.04773712623696097,2.006298607065975,0.0394372744721788,0.8901976286381075,0.01897930588745314,0.9755209581947,1.1194505875767227,0.031485684138191014,1.9571097757120777,1.9794050141262005,2.047439753538816,0.9567447138816795,1.0300680093958894,0.09745225352175549,1.0073071234969737,0.005793610659787073,2.0129221238439343,0.07637270937388659,0.9579579123387083,2.97694542968942,0.9969716081560869,0.013663049907892796,0.9649835933120717},fitness=net.sf.jclec.fitness.SimpleValueFitness@42039326[value=66.32744104100804]]
Average fitness = 66.45605862572549
Fitness variance = 0.35521121092551766
Generation 150 Report
Best individual: net.sf.jclec.realarray.RealArrayIndividual@6187d1f5[genotype={1.0226244070106982,3.007407925219657,0.9899934534148754,0.9947333160451948,0.015831265881027585,1.000404222402006,2.0121366758541765,0.0,2.006298607065975,0.0394372744721788,0.9126959732096384,0.020609564456316516,0.9768434832522558,1.1156735775533342,0.031485684138191014,1.9571097757120777,1.9796040271227968,2.047439753538816,0.9591960473206744,1.0300680093958894,0.01409017217779751,1.0073068492710813,0.00579825926104192,2.0129221238439343,6.609036026911375E-4,1.0395412243414017,2.97694542968942,0.9969716081560869,0.013663049907892796,0.9648972599729597},fitness=net.sf.jclec.fitness.SimpleValueFitness@7502291e[value=62.10471179241434]]
Worst individual: net.sf.jclec.realarray.RealArrayIndividual@2b4c1d96[genotype={1.0226244070106982,3.007407925219657,0.9544763908172114,0.9947438648211864,0.015831265881027585,0.9459801030393831,2.0121366758541765,0.0,2.006370575932708,0.0013955661625911359,0.8999796633664376,0.003663307695135523,0.9755209581947,1.1448905900808355,0.031485684138191014,1.9553756512185623,1.9794051393870586,2.047439753538816,0.9595749191565972,1.0300680093958894,0.03234090675017312,1.0073068492710813,0.0057936198481579595,2.0129221238439343,0.0,0.9584347223660535,2.90405668644022,0.8378952063884157,0.013599758518874112,0.9649835933120717},fitness=net.sf.jclec.fitness.SimpleValueFitness@50468873[value=70.07761467778796]]
Median individual: net.sf.jclec.realarray.RealArrayIndividual@55dfebeb[genotype={1.0226244070106982,3.007407925219657,1.0140447835399808,0.9947333160451948,0.015831265881027585,0.9459801030393831,2.011901351607896,0.0,2.006370575932708,0.0013955661625911359,0.8999796633664376,0.020609564456316516,0.9755209581947,1.1156735775533342,0.0329028061766986,1.9553756512185623,1.9794051393870586,2.047439753538816,0.9595749191565972,1.0300680093958894,0.03234090675017312,1.0073068492710813,0.0,2.0129221238439343,0.058734221248791206,0.9584347223660535,2.97694542968942,0.9969716081560869,0.013599758518874112,0.9649835933120717},fitness=net.sf.jclec.fitness.SimpleValueFitness@1cdc4c27[value=63.5009168931504]]
Average fitness = 63.29800988333015
Fitness variance = 1.1020762748203197
Generation 160 Report
Best individual: net.sf.jclec.realarray.RealArrayIndividual@6bb2d00b[genotype={1.0226244070106982,3.007407925219657,0.9899934534148754,0.9947333160451948,0.016232079691337192,1.000404222402006,2.0121366758541765,0.0,2.006298607065975,0.0013955661625911359,0.0048691399402538416,0.004319775455318382,0.9755209581947,1.1156735775533342,0.0,1.9571097757120777,1.9794051393870586,2.024555343345842,0.9591968776023909,1.0300680093958894,0.03234090675017312,1.0073068492710813,0.00579825926104192,2.0129221238439343,0.058734221248791206,0.9588789597480443,2.97694542968942,0.9969716081560869,0.013599758518874112,0.9765354276946098},fitness=net.sf.jclec.fitness.SimpleValueFitness@1a9c38eb[value=59.42017024529702]]
Worst individual: net.sf.jclec.realarray.RealArrayIndividual@12bd8a64[genotype={0.8375192209126391,3.0106291375750356,0.9899934534148754,0.9947333160451948,0.015831265881027585,1.000404222402006,2.0104843384172137,0.0,2.006370575932708,0.0013955661625911359,0.9126959732096384,0.003663307695135523,0.9755209581947,1.1156735775533342,0.031485684138191014,2.0056544556760696,2.4487230121703583,2.024555343345842,0.9591960473206744,1.0300680093958894,0.03234090675017312,1.0073068492710813,0.0057936198481579595,2.0129221238439343,0.0,0.9584347223660535,2.97694542968942,1.0021945877351857,0.013663049907892796,0.9649835933120717},fitness=net.sf.jclec.fitness.SimpleValueFitness@3300f4fd[value=87.02169847793114]]
Median individual: net.sf.jclec.realarray.RealArrayIndividual@dfddc9a[genotype={1.0226244070106982,3.007407925219657,0.9899934534148754,0.9947333160451948,0.015831265881027585,1.000404222402006,2.0104843384172137,0.0,2.006298607065975,0.0013955661625911359,0.9126959732096384,0.004319775455318382,0.9755209581947,1.1156735775533342,0.031485684138191014,2.0056544556760696,1.9794051393870586,2.0045482383653233,0.9591960473206744,1.0300680093958894,0.03234090675017312,1.0073068492710813,0.0057936198481579595,2.0129221238439343,0.058734221248791206,0.9584347223660535,2.97694542968942,0.9969716081560869,0.013599758518874112,0.9649835933120717},fitness=net.sf.jclec.fitness.SimpleValueFitness@5e8ac0e1[value=61.654034564228326]]
Average fitness = 62.868799814084575
Fitness variance = 25.048732179816852
Generation 170 Report
Best individual: net.sf.jclec.realarray.RealArrayIndividual@2a8d39c4[genotype={0.9757709859369988,3.007407925219657,0.9899934534148754,0.9947438648211864,0.016232079691337192,1.000404222402006,2.0121366758541765,0.0,2.006370575932708,0.0013955661625911359,0.0048691399402538416,0.003663307695135523,0.9755209581947,1.073952621652469,0.0,2.0056544556760696,1.9796040271227968,2.0045482383653233,0.9911934066179657,1.0300680093958894,0.03234090675017312,1.0073068492710813,0.0020461444658691525,2.0129221238439343,6.609036026911375E-4,0.9584347223660535,2.97694542968942,1.0021945877351857,0.013599758518874112,0.0},fitness=net.sf.jclec.fitness.SimpleValueFitness@72758afa[value=55.44654407985854]]
Worst individual: net.sf.jclec.realarray.RealArrayIndividual@7c541c15[genotype={1.0226244070106982,3.007407925219657,0.9899934534148754,0.9947333160451948,0.016232079691337192,1.000404222402006,2.0104843384172137,0.0,2.006298607065975,0.0013955661625911359,0.0048691399402538416,0.003663307695135523,0.9755209581947,1.073952621652469,0.0,2.0056544556760696,1.9794051393870586,2.0045482383653233,0.9591968776023909,1.0300680093958894,0.03234090675017312,1.0073068492710813,0.005793610659787073,2.0129221238439343,6.609036026911375E-4,0.9584347223660535,4.570480373352432,1.0021945877351857,0.013599758518874112,0.9649835933120717},fitness=net.sf.jclec.fitness.SimpleValueFitness@698122b2[value=87.8966606644175]]
Median individual: net.sf.jclec.realarray.RealArrayIndividual@6821ea29[genotype={1.0226244070106982,3.007407925219657,0.9899934534148754,0.9947333160451948,0.0,1.000404222402006,2.0104843384172137,0.0,2.006370575932708,0.0,0.0048691399402538416,0.0,0.9755209581947,1.073952621652469,0.031485684138191014,2.0056544556760696,1.9794051393870586,2.024555343345842,0.9911934066179657,1.0300680093958894,0.03234090675017312,1.0073068492710813,0.0020461444658691525,2.0129221238439343,6.609036026911375E-4,0.9584347223660535,2.97694542968942,1.0021945877351857,0.013599758518874112,0.9649835933120717},fitness=net.sf.jclec.fitness.SimpleValueFitness@505a9d7c[value=57.02051407619577]]
Average fitness = 59.62535788631115
Fitness variance = 52.85739760610295
Generation 180 Report
Best individual: net.sf.jclec.realarray.RealArrayIndividual@7829b776[genotype={0.0,0.0,0.9899934534148754,0.9947438648211864,0.025428780647648946,1.000404222402006,2.0121366758541765,0.0,0.0,0.0013955661625911359,0.0048691399402538416,0.0,0.9755209581947,1.073952621652469,0.0,2.0056544556760696,1.9794051393870586,2.0045482383653233,0.9911934066179657,0.0,0.03234090675017312,1.0073068492710813,0.005793610659787073,2.0129221238439343,0.0010380914732266938,0.0,2.97694542968942,0.9969716081560869,0.013599758518874112,0.0},fitness=net.sf.jclec.fitness.SimpleValueFitness@5b64c4b7[value=38.863548104410405]]
Worst individual: net.sf.jclec.realarray.RealArrayIndividual@1623134f[genotype={0.0,3.007407925219657,0.9899934534148754,0.9947438648211864,0.018202861672211416,1.000404222402006,2.0121366758541765,0.0,0.0,0.0013955661625911359,0.0048691399402538416,0.003663307695135523,0.9755209581947,1.073952621652469,0.0,2.0056544556760696,1.406439701498281,0.5870034239545956,0.9911934066179657,1.0300680093958894,0.0,1.0073068492710813,0.0020461444658691525,2.0129221238439343,0.0010380914732266938,0.9588789597480443,2.97694542968942,1.0021945877351857,0.013599758518874112,0.0},fitness=net.sf.jclec.fitness.SimpleValueFitness@485a3466[value=81.30916867764618]]
Median individual: net.sf.jclec.realarray.RealArrayIndividual@3f1c5af9[genotype={1.0226244070106982,3.007407925219657,0.9899934534148754,0.9947438648211864,0.015831265881027585,1.000404222402006,2.0121366758541765,0.0,0.0,0.0013955661625911359,0.0048691399402538416,0.0,0.9755209581947,0.0,0.0,2.0056544556760696,1.9794051393870586,2.0045482383653233,0.9911934066179657,0.0,0.03234090675017312,1.0073068492710813,0.005793610659787073,2.0129221238439343,0.0010380914732266938,0.9584347223660535,2.97694542968942,0.9969716081560869,0.013599758518874112,0.0},fitness=net.sf.jclec.fitness.SimpleValueFitness@5ddabb18[value=48.03124431072668]]
Average fitness = 51.339617596818385
Fitness variance = 27.209972394391116
Generation 190 Report
Best individual: net.sf.jclec.realarray.RealArrayIndividual@62dae245[genotype={0.0,0.0,0.9899934534148754,0.0,0.015831265881027585,0.0,0.0,0.0,0.0,0.0013955661625911359,0.0048691399402538416,0.0,0.9755209581947,0.0,0.0,2.0056544556760696,1.9794051393870586,2.024555343345842,0.9911934066179657,0.0,0.03234090675017312,1.0073068492710813,0.0020461444658691525,2.0129221238439343,6.91261978055904E-4,0.9584347223660535,2.026065890315616,1.0021945877351857,0.013599758518874112,0.9765354276946098},fitness=net.sf.jclec.fitness.SimpleValueFitness@6fff253c[value=28.288592230552865]]
Worst individual: net.sf.jclec.realarray.RealArrayIndividual@649725e3[genotype={0.9757709859369988,0.0,0.9899934534148754,0.0,0.0,1.000404222402006,1.3114152879696181,0.0,0.0,0.0013955661625911359,0.0048691399402538416,0.0,0.9755209581947,0.0,0.0,2.0056544556760696,1.9794051393870586,2.0045482383653233,0.9911934066179657,0.0,0.0,0.2958761470833985,0.005793610659787073,2.0129221238439343,0.0,0.9584347223660535,2.97694542968942,1.0021945877351857,0.013663049907892796,0.9765354276946098},fitness=net.sf.jclec.fitness.SimpleValueFitness@4c168660[value=62.02834200279777]]
Median individual: net.sf.jclec.realarray.RealArrayIndividual@28a0fd6c[genotype={0.0,0.0,0.9899934534148754,0.0,0.015831265881027585,1.000404222402006,0.0,0.0,0.0,0.0013955661625911359,0.0048691399402538416,0.003663307695135523,0.9755209581947,0.0,0.0,2.0056544556760696,1.9794051393870586,2.0045482383653233,0.9911934066179657,0.0,0.0,1.0073068492710813,0.005793610659787073,2.0129221238439343,0.0,0.9588789597480443,2.97694542968942,1.0021945877351857,0.013663049907892796,0.0},fitness=net.sf.jclec.fitness.SimpleValueFitness@66629f63[value=32.55581831766392]]
Average fitness = 34.163910020496935
Fitness variance = 13.73664373244219
Generation 200 Report
Best individual: net.sf.jclec.realarray.RealArrayIndividual@1eba372c[genotype={0.0,0.0,0.9899934534148754,0.0,0.015979993636630586,0.0,0.0,0.0,0.0,0.0013955661625911359,0.0048691399402538416,0.0,0.9755209581947,0.0,0.0,2.0056544556760696,1.9794051393870586,0.0,0.0,0.0,0.03234090675017312,0.0,0.0020461444658691525,0.0,6.91261978055904E-4,0.0,0.0,1.0021945877351857,0.013599758518874112,0.0},fitness=net.sf.jclec.fitness.SimpleValueFitness@25f9407e[value=11.405592990462656]]
Worst individual: net.sf.jclec.realarray.RealArrayIndividual@53499d85[genotype={0.0,0.0,5.12,0.0,0.015979993636630586,1.000404222402006,0.0,0.0,0.0,0.0013955661625911359,0.0,0.0,0.9755209581947,0.0,0.0,2.0056544556760696,1.9794051393870586,0.0,0.0,0.0,0.03234090675017312,0.0,0.0,2.0129221238439343,6.91261978055904E-4,0.0,2.026065890315616,1.0021945877351857,0.013599758518874112,0.0},fitness=net.sf.jclec.fitness.SimpleValueFitness@782a4fff[value=48.649324044050736]]
Median individual: net.sf.jclec.realarray.RealArrayIndividual@7555b920[genotype={0.0,0.0,0.0,0.0,0.015831265881027585,0.0,0.0,0.0,0.0,0.0024886262930606056,0.0048691399402538416,0.0,0.9755209581947,0.0,0.0,2.0056544556760696,1.9794051393870586,0.0,0.9911934066179657,0.0,0.03234090675017312,0.0,0.005793610659787073,0.0,0.0,0.0,2.026065890315616,1.0021945877351857,0.013663049907892796,0.0},fitness=net.sf.jclec.fitness.SimpleValueFitness@3591009c[value=15.648254730414878]]
Average fitness = 20.58627523372163
Fitness variance = 35.55902475002779
Generation 210 Report
Best individual: net.sf.jclec.realarray.RealArrayIndividual@285f09de[genotype={0.0,0.0,0.0,0.0,0.015979993636630586,0.0,0.0,0.0,0.0,0.0038649505400226653,0.0048691399402538416,0.0,0.9755209581947,0.0,0.0,0.0,0.0,0.0,0.0,0.0,0.0,0.0,0.0020461444658691525,0.0,0.0,0.0,0.0,0.0,0.013599758518874112,0.0},fitness=net.sf.jclec.fitness.SimpleValueFitness@31500940[value=1.1654775428377278]]
Worst individual: net.sf.jclec.realarray.RealArrayIndividual@10027fc9[genotype={0.0,0.0,0.0,0.0,5.12,0.0,0.0,0.0,0.0,0.0024886262930606056,0.0048691399402538416,0.0,0.9755209581947,0.0,0.0,0.0,0.0,0.0,0.0,0.0,0.03234090675017312,0.0,0.006575988574305537,0.0,6.91261978055904E-4,0.0,0.0,1.0021945877351857,0.013599758518874112,0.0},fitness=net.sf.jclec.fitness.SimpleValueFitness@677dbd89[value=31.257819896220482]]
Median individual: net.sf.jclec.realarray.RealArrayIndividual@5ea502e0[genotype={0.0,0.0,0.9899934534148754,0.0,0.015979993636630586,0.0,0.0,0.0,0.0,0.0024886262930606056,0.0048691399402538416,0.0,0.9755209581947,0.0,0.0,0.0,0.0,0.0,0.0,0.0,0.03234090675017312,0.0,0.0020461444658691525,0.0,6.91261978055904E-4,0.0,0.0,1.0021945877351857,0.013599758518874112,0.0},fitness=net.sf.jclec.fitness.SimpleValueFitness@473b3b7a[value=3.3758234901926762]]
Average fitness = 2.7902874960619486
Fitness variance = 8.830655640178094
Generation 220 Report
Best individual: net.sf.jclec.realarray.RealArrayIndividual@70f43b45[genotype={0.0,0.0,0.0,0.0,0.0,0.0,0.0,0.0,0.0,0.0013955661625911359,0.0048691399402538416,0.0,0.0,0.0,0.0,0.0,0.0,0.0,0.0,0.0,0.0,0.0,0.0020461444658691525,0.0,0.0,0.0,0.0,0.0,0.0,0.0},fitness=net.sf.jclec.fitness.SimpleValueFitness@10ad20cb[value=0.0059202036609935504]]
Worst individual: net.sf.jclec.realarray.RealArrayIndividual@6b739528[genotype={0.0,0.0,0.0,0.0,0.015979993636630586,0.0,0.0,0.0,0.0,0.0024886262930606056,0.0048691399402538416,0.0,0.0,0.0,0.0,0.0,0.0,0.0,0.0,0.0,0.03234090675017312,0.0,0.0020461444658691525,0.0,0.0010380914732266938,0.0,0.0,0.0,0.0,0.0},fitness=net.sf.jclec.fitness.SimpleValueFitness@41de5768[value=0.26439102345830356]]
Median individual: net.sf.jclec.realarray.RealArrayIndividual@62577d6[genotype={0.0,0.0,0.0,0.0,0.0,0.0,0.0,0.0,0.0,0.0,0.0,0.0,0.0,0.0,0.0,0.0,0.0,0.0,0.0,0.0,0.03234090675017312,0.0,0.0020461444658691525,0.0,0.0010380914732266938,0.0,0.0,0.0,0.0,0.0},fitness=net.sf.jclec.fitness.SimpleValueFitness@6b5f8707[value=0.2078400252815662]]
Average fitness = 0.2226793039967878
Fitness variance = 9.316837811135376E-4
Generation 230 Report
Best individual: net.sf.jclec.realarray.RealArrayIndividual@5f574cc2[genotype={0.0,0.0,0.0,0.0,0.0,0.0,0.0,0.0,0.0,0.0,0.0,0.0,0.0,0.0,0.0,0.0,0.0,0.0,0.0,0.0,0.0,0.0,0.0,0.0,0.0,0.0,0.0,0.0,0.0,0.0},fitness=net.sf.jclec.fitness.SimpleValueFitness@7a9c84a5[value=0.0]]
Worst individual: net.sf.jclec.realarray.RealArrayIndividual@4e406694[genotype={0.0,0.0,0.0,0.0,0.0,0.0,0.0,0.0,0.0,0.0013955661625911359,0.0,0.0,0.0,0.0,0.0,0.0,0.0,0.0,0.0,0.0,0.0,0.0,0.0020461444658691525,0.0,0.0,0.0,0.0,0.0,0.0,0.0},fitness=net.sf.jclec.fitness.SimpleValueFitness@76f10035[value=0.00121698513788715]]
Median individual: net.sf.jclec.realarray.RealArrayIndividual@64d43929[genotype={0.0,0.0,0.0,0.0,0.0,0.0,0.0,0.0,0.0,0.0,0.0,0.0,0.0,0.0,0.0,0.0,0.0,0.0,0.0,0.0,0.0,0.0,0.0020461444658691525,0.0,0.0,0.0,0.0,0.0,0.0,0.0},fitness=net.sf.jclec.fitness.SimpleValueFitness@437ebf59[value=8.305981955754049E-4]]
Average fitness = 7.987677107128555E-4
Fitness variance = 4.623049514250647E-8
Generation 240 Report
Best individual: net.sf.jclec.realarray.RealArrayIndividual@1059754c[genotype={0.0,0.0,0.0,0.0,0.0,0.0,0.0,0.0,0.0,0.0,0.0,0.0,0.0,0.0,0.0,0.0,0.0,0.0,0.0,0.0,0.0,0.0,0.0,0.0,0.0,0.0,0.0,0.0,0.0,0.0},fitness=net.sf.jclec.fitness.SimpleValueFitness@48e7b3d2[value=0.0]]
Worst individual: net.sf.jclec.realarray.RealArrayIndividual@1059754c[genotype={0.0,0.0,0.0,0.0,0.0,0.0,0.0,0.0,0.0,0.0,0.0,0.0,0.0,0.0,0.0,0.0,0.0,0.0,0.0,0.0,0.0,0.0,0.0,0.0,0.0,0.0,0.0,0.0,0.0,0.0},fitness=net.sf.jclec.fitness.SimpleValueFitness@48e7b3d2[value=0.0]]
Median individual: net.sf.jclec.realarray.RealArrayIndividual@701a32[genotype={0.0,0.0,0.0,0.0,0.0,0.0,0.0,0.0,0.0,0.0,0.0,0.0,0.0,0.0,0.0,0.0,0.0,0.0,0.0,0.0,0.0,0.0,0.0,0.0,0.0,0.0,0.0,0.0,0.0,0.0},fitness=net.sf.jclec.fitness.SimpleValueFitness@73aff8f1[value=0.0]]
Average fitness = 0.0
Fitness variance = 0.0
Generation 250 Report
Best individual: net.sf.jclec.realarray.RealArrayIndividual@464a4442[genotype={0.0,0.0,0.0,0.0,0.0,0.0,0.0,0.0,0.0,0.0,0.0,0.0,0.0,0.0,0.0,0.0,0.0,0.0,0.0,0.0,0.0,0.0,0.0,0.0,0.0,0.0,0.0,0.0,0.0,0.0},fitness=net.sf.jclec.fitness.SimpleValueFitness@3bc735b3[value=0.0]]
Worst individual: net.sf.jclec.realarray.RealArrayIndividual@464a4442[genotype={0.0,0.0,0.0,0.0,0.0,0.0,0.0,0.0,0.0,0.0,0.0,0.0,0.0,0.0,0.0,0.0,0.0,0.0,0.0,0.0,0.0,0.0,0.0,0.0,0.0,0.0,0.0,0.0,0.0,0.0},fitness=net.sf.jclec.fitness.SimpleValueFitness@3bc735b3[value=0.0]]
Median individual: net.sf.jclec.realarray.RealArrayIndividual@17ae7628[genotype={0.0,0.0,0.0,0.0,0.0,0.0,0.0,0.0,0.0,0.0,0.0,0.0,0.0,0.0,0.0,0.0,0.0,0.0,0.0,0.0,0.0,0.0,0.0,0.0,0.0,0.0,0.0,0.0,0.0,0.0},fitness=net.sf.jclec.fitness.SimpleValueFitness@6579c3d9[value=0.0]]
Average fitness = 0.0
Fitness variance = 0.0
Generation 260 Report
Best individual: net.sf.jclec.realarray.RealArrayIndividual@1ddd3478[genotype={0.0,0.0,0.0,0.0,0.0,0.0,0.0,0.0,0.0,0.0,0.0,0.0,0.0,0.0,0.0,0.0,0.0,0.0,0.0,0.0,0.0,0.0,0.0,0.0,0.0,0.0,0.0,0.0,0.0,0.0},fitness=net.sf.jclec.fitness.SimpleValueFitness@4d33940d[value=0.0]]
Worst individual: net.sf.jclec.realarray.RealArrayIndividual@1ddd3478[genotype={0.0,0.0,0.0,0.0,0.0,0.0,0.0,0.0,0.0,0.0,0.0,0.0,0.0,0.0,0.0,0.0,0.0,0.0,0.0,0.0,0.0,0.0,0.0,0.0,0.0,0.0,0.0,0.0,0.0,0.0},fitness=net.sf.jclec.fitness.SimpleValueFitness@4d33940d[value=0.0]]
Median individual: net.sf.jclec.realarray.RealArrayIndividual@a7f0ab6[genotype={0.0,0.0,0.0,0.0,0.0,0.0,0.0,0.0,0.0,0.0,0.0,0.0,0.0,0.0,0.0,0.0,0.0,0.0,0.0,0.0,0.0,0.0,0.0,0.0,0.0,0.0,0.0,0.0,0.0,0.0},fitness=net.sf.jclec.fitness.SimpleValueFitness@42c2f48c[value=0.0]]
Average fitness = 0.0
Fitness variance = 0.0
Generation 270 Report
Best individual: net.sf.jclec.realarray.RealArrayIndividual@393881f0[genotype={0.0,0.0,0.0,0.0,0.0,0.0,0.0,0.0,0.0,0.0,0.0,0.0,0.0,0.0,0.0,0.0,0.0,0.0,0.0,0.0,0.0,0.0,0.0,0.0,0.0,0.0,0.0,0.0,0.0,0.0},fitness=net.sf.jclec.fitness.SimpleValueFitness@4158debd[value=0.0]]
Worst individual: net.sf.jclec.realarray.RealArrayIndividual@393881f0[genotype={0.0,0.0,0.0,0.0,0.0,0.0,0.0,0.0,0.0,0.0,0.0,0.0,0.0,0.0,0.0,0.0,0.0,0.0,0.0,0.0,0.0,0.0,0.0,0.0,0.0,0.0,0.0,0.0,0.0,0.0},fitness=net.sf.jclec.fitness.SimpleValueFitness@4158debd[value=0.0]]
Median individual: net.sf.jclec.realarray.RealArrayIndividual@2b8bd14b[genotype={0.0,0.0,0.0,0.0,0.0,0.0,0.0,0.0,0.0,0.0,0.0,0.0,0.0,0.0,0.0,0.0,0.0,0.0,0.0,0.0,0.0,0.0,0.0,0.0,0.0,0.0,0.0,0.0,0.0,0.0},fitness=net.sf.jclec.fitness.SimpleValueFitness@5f303ecd[value=0.0]]
Average fitness = 0.0
Fitness variance = 0.0
Generation 280 Report
Best individual: net.sf.jclec.realarray.RealArrayIndividual@7351a16e[genotype={0.0,0.0,0.0,0.0,0.0,0.0,0.0,0.0,0.0,0.0,0.0,0.0,0.0,0.0,0.0,0.0,0.0,0.0,0.0,0.0,0.0,0.0,0.0,0.0,0.0,0.0,0.0,0.0,0.0,0.0},fitness=net.sf.jclec.fitness.SimpleValueFitness@3ac04654[value=0.0]]
Worst individual: net.sf.jclec.realarray.RealArrayIndividual@336365bc[genotype={0.0,0.0,0.0,0.0,0.0,0.0,0.0,0.0,0.0,0.0,0.0,0.0,0.0,0.0,0.0,0.0,0.0,0.0,0.0,5.12,0.0,0.0,0.0,0.0,0.0,0.0,0.0,0.0,0.0,0.0},fitness=net.sf.jclec.fitness.SimpleValueFitness@4567e53d[value=28.924713725785896]]
Median individual: net.sf.jclec.realarray.RealArrayIndividual@3350ebdd[genotype={0.0,0.0,0.0,0.0,0.0,0.0,0.0,0.0,0.0,0.0,0.0,0.0,0.0,0.0,0.0,0.0,0.0,0.0,0.0,0.0,0.0,0.0,0.0,0.0,0.0,0.0,0.0,0.0,0.0,0.0},fitness=net.sf.jclec.fitness.SimpleValueFitness@149f5761[value=0.0]]
Average fitness = 0.5784942745157179
Fitness variance = 16.39812565672587
Generation 290 Report
Best individual: net.sf.jclec.realarray.RealArrayIndividual@191a709b[genotype={0.0,0.0,0.0,0.0,0.0,0.0,0.0,0.0,0.0,0.0,0.0,0.0,0.0,0.0,0.0,0.0,0.0,0.0,0.0,0.0,0.0,0.0,0.0,0.0,0.0,0.0,0.0,0.0,0.0,0.0},fitness=net.sf.jclec.fitness.SimpleValueFitness@453d496b[value=0.0]]
Worst individual: net.sf.jclec.realarray.RealArrayIndividual@66bacdbc[genotype={0.0,0.0,0.0,0.0,0.0,5.12,0.0,0.0,0.0,0.0,0.0,0.0,0.0,0.0,0.0,0.0,0.0,0.0,0.0,0.0,0.0,0.0,0.0,0.0,0.0,0.0,0.0,0.0,0.0,0.0},fitness=net.sf.jclec.fitness.SimpleValueFitness@640dc4c6[value=28.924713725785896]]
Median individual: net.sf.jclec.realarray.RealArrayIndividual@4682eba5[genotype={0.0,0.0,0.0,0.0,0.0,0.0,0.0,0.0,0.0,0.0,0.0,0.0,0.0,0.0,0.0,0.0,0.0,0.0,0.0,0.0,0.0,0.0,0.0,0.0,0.0,0.0,0.0,0.0,0.0,0.0},fitness=net.sf.jclec.fitness.SimpleValueFitness@61fafb74[value=0.0]]
Average fitness = 0.5784942745157179
Fitness variance = 16.39812565672587
Generation 300 Report
Best individual: net.sf.jclec.realarray.RealArrayIndividual@e3994ef[genotype={0.0,0.0,0.0,0.0,0.0,0.0,0.0,0.0,0.0,0.0,0.0,0.0,0.0,0.0,0.0,0.0,0.0,0.0,0.0,0.0,0.0,0.0,0.0,0.0,0.0,0.0,0.0,0.0,0.0,0.0},fitness=net.sf.jclec.fitness.SimpleValueFitness@2f04105[value=0.0]]
Worst individual: net.sf.jclec.realarray.RealArrayIndividual@21f8e55f[genotype={0.0,0.0,0.0,0.0,0.0,0.0,0.0,0.0,0.0,0.0,0.0,0.0,0.0,0.0,0.0,0.0,5.12,0.0,0.0,0.0,0.0,0.0,0.0,0.0,0.0,0.0,0.0,0.0,0.0,0.0},fitness=net.sf.jclec.fitness.SimpleValueFitness@7048535f[value=28.924713725785896]]
Median individual: net.sf.jclec.realarray.RealArrayIndividual@661c46bc[genotype={0.0,0.0,0.0,0.0,0.0,0.0,0.0,0.0,0.0,0.0,0.0,0.0,0.0,0.0,0.0,0.0,0.0,0.0,0.0,0.0,0.0,0.0,0.0,0.0,0.0,0.0,0.0,0.0,0.0,0.0},fitness=net.sf.jclec.fitness.SimpleValueFitness@2b98b3bb[value=0.0]]
Average fitness = 1.7354828235471538
Fitness variance = 47.18644321629282
Generation 310 Report
Best individual: net.sf.jclec.realarray.RealArrayIndividual@396e6d9[genotype={0.0,0.0,0.0,0.0,0.0,0.0,0.0,0.0,0.0,0.0,0.0,0.0,0.0,0.0,0.0,0.0,0.0,0.0,0.0,0.0,0.0,0.0,0.0,0.0,0.0,0.0,0.0,0.0,0.0,0.0},fitness=net.sf.jclec.fitness.SimpleValueFitness@5acc9fdf[value=0.0]]
Worst individual: net.sf.jclec.realarray.RealArrayIndividual@25da615a[genotype={0.0,0.0,0.0,0.0,0.0,0.0,0.0,0.0,0.0,0.0,0.0,0.0,0.0,0.0,0.0,0.0,0.0,0.0,0.0,0.0,0.0,0.0,0.0,0.0,0.0,5.12,0.0,0.0,0.0,0.0},fitness=net.sf.jclec.fitness.SimpleValueFitness@7ee3d262[value=28.924713725785896]]
Median individual: net.sf.jclec.realarray.RealArrayIndividual@4b1a43d8[genotype={0.0,0.0,0.0,0.0,0.0,0.0,0.0,0.0,0.0,0.0,0.0,0.0,0.0,0.0,0.0,0.0,0.0,0.0,0.0,0.0,0.0,0.0,0.0,0.0,0.0,0.0,0.0,0.0,0.0,0.0},fitness=net.sf.jclec.fitness.SimpleValueFitness@73545b80[value=0.0]]
Average fitness = 2.8924713725785898
Fitness variance = 75.29751577068004
Generation 320 Report
Best individual: net.sf.jclec.realarray.RealArrayIndividual@4096aa05[genotype={0.0,0.0,0.0,0.0,0.0,0.0,0.0,0.0,0.0,0.0,0.0,0.0,0.0,0.0,0.0,0.0,0.0,0.0,0.0,0.0,0.0,0.0,0.0,0.0,0.0,0.0,0.0,0.0,0.0,0.0},fitness=net.sf.jclec.fitness.SimpleValueFitness@6c806c8b[value=0.0]]
Worst individual: net.sf.jclec.realarray.RealArrayIndividual@7c2b58c0[genotype={0.0,0.0,0.0,0.0,0.0,0.0,0.0,0.0,0.0,0.0,0.0,0.0,0.0,0.0,0.0,0.0,0.0,0.0,0.0,0.0,0.0,0.0,0.0,0.0,5.12,0.0,0.0,0.0,0.0,0.0},fitness=net.sf.jclec.fitness.SimpleValueFitness@7bca6fac[value=28.924713725785896]]
Median individual: net.sf.jclec.realarray.RealArrayIndividual@715d6168[genotype={0.0,0.0,0.0,0.0,0.0,0.0,0.0,0.0,0.0,0.0,0.0,0.0,0.0,0.0,0.0,0.0,0.0,0.0,0.0,0.0,0.0,0.0,0.0,0.0,0.0,0.0,0.0,0.0,0.0,0.0},fitness=net.sf.jclec.fitness.SimpleValueFitness@6428591a[value=0.0]]
Average fitness = 2.0247299608050127
Fitness variance = 54.46520307412523
Generation 330 Report
Best individual: net.sf.jclec.realarray.RealArrayIndividual@2eadc9f6[genotype={0.0,0.0,0.0,0.0,0.0,0.0,0.0,0.0,0.0,0.0,0.0,0.0,0.0,0.0,0.0,0.0,0.0,0.0,0.0,0.0,0.0,0.0,0.0,0.0,0.0,0.0,0.0,0.0,0.0,0.0},fitness=net.sf.jclec.fitness.SimpleValueFitness@61af1510[value=0.0]]
Worst individual: net.sf.jclec.realarray.RealArrayIndividual@ef1695a[genotype={0.0,0.0,0.0,0.0,0.0,0.0,0.0,0.0,5.12,0.0,0.0,0.0,0.0,0.0,0.0,0.0,0.0,0.0,0.0,5.12,0.0,0.0,0.0,0.0,0.0,0.0,0.0,0.0,0.0,0.0},fitness=net.sf.jclec.fitness.SimpleValueFitness@81b5db0[value=57.84942745157179]]
Median individual: net.sf.jclec.realarray.RealArrayIndividual@6c15e8c7[genotype={0.0,0.0,0.0,0.0,0.0,0.0,0.0,0.0,0.0,0.0,0.0,0.0,0.0,0.0,0.0,0.0,0.0,0.0,0.0,0.0,0.0,0.0,0.0,0.0,0.0,0.0,0.0,0.0,0.0,0.0},fitness=net.sf.jclec.fitness.SimpleValueFitness@64f1fd08[value=0.0]]
Average fitness = 2.3139770980628716
Fitness variance = 95.04219768388056
Generation 340 Report
Best individual: net.sf.jclec.realarray.RealArrayIndividual@3f702946[genotype={0.0,0.0,0.0,0.0,0.0,0.0,0.0,0.0,0.0,0.0,0.0,0.0,0.0,0.0,0.0,0.0,0.0,0.0,0.0,0.0,0.0,0.0,0.0,0.0,0.0,0.0,0.0,0.0,0.0,0.0},fitness=net.sf.jclec.fitness.SimpleValueFitness@1000d54d[value=0.0]]
Worst individual: net.sf.jclec.realarray.RealArrayIndividual@1729ec00[genotype={0.0,0.0,0.0,5.12,0.0,0.0,0.0,0.0,0.0,0.0,0.0,0.0,0.0,0.0,0.0,0.0,0.0,0.0,0.0,0.0,0.0,0.0,0.0,0.0,0.0,0.0,0.0,0.0,0.0,5.12},fitness=net.sf.jclec.fitness.SimpleValueFitness@1c9e07c6[value=57.84942745157179]]
Median individual: net.sf.jclec.realarray.RealArrayIndividual@5b22d8a1[genotype={0.0,0.0,0.0,0.0,0.0,0.0,0.0,0.0,0.0,0.0,0.0,0.0,0.0,0.0,0.0,0.0,0.0,0.0,0.0,0.0,0.0,0.0,0.0,0.0,0.0,0.0,0.0,0.0,0.0,0.0},fitness=net.sf.jclec.fitness.SimpleValueFitness@59ed3e6c[value=0.0]]
Average fitness = 3.4709656470943075
Fitness variance = 138.54742901805125
Generation 350 Report
Best individual: net.sf.jclec.realarray.RealArrayIndividual@de8039f[genotype={0.0,0.0,0.0,0.0,0.0,0.0,0.0,0.0,0.0,0.0,0.0,0.0,0.0,0.0,0.0,0.0,0.0,0.0,0.0,0.0,0.0,0.0,0.0,0.0,0.0,0.0,0.0,0.0,0.0,0.0},fitness=net.sf.jclec.fitness.SimpleValueFitness@582a764a[value=0.0]]
Worst individual: net.sf.jclec.realarray.RealArrayIndividual@1e469dfd[genotype={5.12,0.0,0.0,0.0,0.0,0.0,0.0,0.0,0.0,0.0,0.0,0.0,0.0,0.0,0.0,0.0,0.0,0.0,0.0,0.0,0.0,0.0,0.0,0.0,0.0,5.12,0.0,0.0,0.0,0.0},fitness=net.sf.jclec.fitness.SimpleValueFitness@1f7076bc[value=57.84942745157179]]
Median individual: net.sf.jclec.realarray.RealArrayIndividual@a66e580[genotype={0.0,0.0,0.0,0.0,0.0,0.0,0.0,0.0,0.0,0.0,0.0,0.0,0.0,0.0,0.0,0.0,0.0,0.0,0.0,0.0,0.0,0.0,0.0,0.0,0.0,0.0,0.0,0.0,0.0,0.0},fitness=net.sf.jclec.fitness.SimpleValueFitness@cdb2d95[value=0.0]]
Average fitness = 3.181718509836449
Fitness variance = 98.63974565959082
Generation 360 Report
Best individual: net.sf.jclec.realarray.RealArrayIndividual@53f4c1e6[genotype={0.0,0.0,0.0,0.0,0.0,0.0,0.0,0.0,0.0,0.0,0.0,0.0,0.0,0.0,0.0,0.0,0.0,0.0,0.0,0.0,0.0,0.0,0.0,0.0,0.0,0.0,0.0,0.0,0.0,0.0},fitness=net.sf.jclec.fitness.SimpleValueFitness@6342d610[value=0.0]]
Worst individual: net.sf.jclec.realarray.RealArrayIndividual@6540cf1d[genotype={0.0,0.0,0.0,0.0,0.0,0.0,0.0,0.0,0.0,5.12,0.0,0.0,0.0,0.0,0.0,0.0,0.0,0.0,0.0,0.0,0.0,5.12,0.0,0.0,0.0,0.0,0.0,0.0,0.0,0.0},fitness=net.sf.jclec.fitness.SimpleValueFitness@bc042d5[value=57.84942745157179]]
Median individual: net.sf.jclec.realarray.RealArrayIndividual@74ea46e2[genotype={0.0,0.0,0.0,0.0,0.0,0.0,0.0,0.0,0.0,0.0,0.0,0.0,0.0,0.0,0.0,0.0,0.0,0.0,0.0,0.0,0.0,0.0,0.0,0.0,0.0,0.0,0.0,0.0,0.0,0.0},fitness=net.sf.jclec.fitness.SimpleValueFitness@f1d0004[value=0.0]]
Average fitness = 4.917201333383603
Fitness variance = 201.7136783590106
Generation 370 Report
Best individual: net.sf.jclec.realarray.RealArrayIndividual@75181b50[genotype={0.0,0.0,0.0,0.0,0.0,0.0,0.0,0.0,0.0,0.0,0.0,0.0,0.0,0.0,0.0,0.0,0.0,0.0,0.0,0.0,0.0,0.0,0.0,0.0,0.0,0.0,0.0,0.0,0.0,0.0},fitness=net.sf.jclec.fitness.SimpleValueFitness@5f254608[value=0.0]]
Worst individual: net.sf.jclec.realarray.RealArrayIndividual@46aa712c[genotype={0.0,0.0,0.0,0.0,0.0,0.0,0.0,0.0,0.0,5.12,0.0,0.0,0.0,5.12,0.0,0.0,0.0,0.0,5.12,0.0,0.0,0.0,0.0,0.0,0.0,0.0,0.0,0.0,0.0,0.0},fitness=net.sf.jclec.fitness.SimpleValueFitness@7412ed6b[value=86.77414117735769]]
Median individual: net.sf.jclec.realarray.RealArrayIndividual@5ad5be4a[genotype={0.0,0.0,0.0,0.0,0.0,0.0,0.0,0.0,0.0,0.0,0.0,0.0,0.0,0.0,0.0,0.0,0.0,0.0,0.0,0.0,0.0,0.0,0.0,0.0,0.0,0.0,0.0,0.0,0.0,0.0},fitness=net.sf.jclec.fitness.SimpleValueFitness@737d100a[value=0.0]]
Average fitness = 4.338707058867886
Fitness variance = 223.80094965174342
Generation 380 Report
Best individual: net.sf.jclec.realarray.RealArrayIndividual@1a6dc589[genotype={0.0,0.0,0.0,0.0,0.0,0.0,0.0,0.0,0.0,0.0,0.0,0.0,0.0,0.0,0.0,0.0,0.0,0.0,0.0,0.0,0.0,0.0,0.0,0.0,0.0,0.0,0.0,0.0,0.0,0.0},fitness=net.sf.jclec.fitness.SimpleValueFitness@70211df5[value=0.0]]
Worst individual: net.sf.jclec.realarray.RealArrayIndividual@2d64c100[genotype={0.0,0.0,5.12,0.0,0.0,0.0,0.0,0.0,0.0,0.0,0.0,0.0,0.0,0.0,0.0,0.0,0.0,0.0,0.0,0.0,0.0,5.12,5.12,0.0,0.0,0.0,0.0,0.0,0.0,0.0},fitness=net.sf.jclec.fitness.SimpleValueFitness@2fdf17dc[value=86.77414117735769]]
Median individual: net.sf.jclec.realarray.RealArrayIndividual@59ce792e[genotype={0.0,0.0,0.0,0.0,0.0,0.0,0.0,0.0,0.0,0.0,0.0,0.0,0.0,0.0,0.0,0.0,0.0,0.0,0.0,0.0,0.0,0.0,0.0,0.0,0.0,0.0,0.0,0.0,0.0,0.0},fitness=net.sf.jclec.fitness.SimpleValueFitness@404db674[value=0.0]]
Average fitness = 4.338707058867885
Fitness variance = 207.06816836937006
Generation 390 Report
Best individual: net.sf.jclec.realarray.RealArrayIndividual@31e76a8d[genotype={0.0,0.0,0.0,0.0,0.0,0.0,0.0,0.0,0.0,0.0,0.0,0.0,0.0,0.0,0.0,0.0,0.0,0.0,0.0,0.0,0.0,0.0,0.0,0.0,0.0,0.0,0.0,0.0,0.0,0.0},fitness=net.sf.jclec.fitness.SimpleValueFitness@6dd1f638[value=0.0]]
Worst individual: net.sf.jclec.realarray.RealArrayIndividual@4fd05028[genotype={0.0,0.0,0.0,0.0,0.0,0.0,0.0,5.12,0.0,0.0,0.0,0.0,0.0,0.0,0.0,0.0,0.0,5.12,0.0,0.0,0.0,0.0,0.0,0.0,0.0,0.0,0.0,5.12,0.0,0.0},fitness=net.sf.jclec.fitness.SimpleValueFitness@4fb392c4[value=86.77414117735769]]
Median individual: net.sf.jclec.realarray.RealArrayIndividual@38f77cd9[genotype={0.0,0.0,0.0,0.0,0.0,0.0,0.0,0.0,0.0,0.0,0.0,0.0,0.0,0.0,0.0,0.0,0.0,0.0,0.0,0.0,0.0,0.0,0.0,0.0,0.0,0.0,0.0,0.0,0.0,0.0},fitness=net.sf.jclec.fitness.SimpleValueFitness@6fbb4061[value=0.0]]
Average fitness = 6.074189882415039
Fitness variance = 272.66067099627355
Generation 400 Report
Best individual: net.sf.jclec.realarray.RealArrayIndividual@45e9b12d[genotype={0.0,0.0,0.0,0.0,0.0,0.0,0.0,0.0,0.0,0.0,0.0,0.0,0.0,0.0,0.0,0.0,0.0,0.0,0.0,0.0,0.0,0.0,0.0,0.0,0.0,0.0,0.0,0.0,0.0,0.0},fitness=net.sf.jclec.fitness.SimpleValueFitness@2d55e826[value=0.0]]
Worst individual: net.sf.jclec.realarray.RealArrayIndividual@35c9a231[genotype={0.0,0.0,0.0,0.0,0.0,0.0,0.0,0.0,0.0,0.0,0.0,0.0,0.0,0.0,0.0,0.0,5.12,0.0,0.0,0.0,0.0,0.0,0.0,5.12,0.0,0.0,0.0,0.0,0.0,0.0},fitness=net.sf.jclec.fitness.SimpleValueFitness@5626d18c[value=57.84942745157179]]
Median individual: net.sf.jclec.realarray.RealArrayIndividual@2e766822[genotype={0.0,0.0,0.0,0.0,0.0,0.0,0.0,0.0,0.0,0.0,0.0,0.0,0.0,0.0,0.0,0.0,0.0,0.0,0.0,0.0,0.0,0.0,0.0,0.0,0.0,0.0,0.0,0.0,0.0,0.0},fitness=net.sf.jclec.fitness.SimpleValueFitness@28757abd[value=0.0]]
Average fitness = 3.4709656470943084
Fitness variance = 138.54742901805122
Generation 410 Report
Best individual: net.sf.jclec.realarray.RealArrayIndividual@53c1179a[genotype={0.0,0.0,0.0,0.0,0.0,0.0,0.0,0.0,0.0,0.0,0.0,0.0,0.0,0.0,0.0,0.0,0.0,0.0,0.0,0.0,0.0,0.0,0.0,0.0,0.0,0.0,0.0,0.0,0.0,0.0},fitness=net.sf.jclec.fitness.SimpleValueFitness@5034f5dd[value=0.0]]
Worst individual: net.sf.jclec.realarray.RealArrayIndividual@24eeac69[genotype={0.0,0.0,5.12,0.0,0.0,0.0,0.0,0.0,0.0,0.0,0.0,5.12,0.0,0.0,0.0,0.0,0.0,0.0,0.0,0.0,0.0,0.0,0.0,0.0,0.0,0.0,0.0,0.0,0.0,0.0},fitness=net.sf.jclec.fitness.SimpleValueFitness@748f93bb[value=57.84942745157179]]
Median individual: net.sf.jclec.realarray.RealArrayIndividual@1756f7cc[genotype={0.0,0.0,0.0,0.0,0.0,0.0,0.0,0.0,0.0,0.0,0.0,0.0,0.0,0.0,0.0,0.0,0.0,0.0,0.0,0.0,0.0,0.0,0.0,0.0,0.0,0.0,0.0,0.0,0.0,0.0},fitness=net.sf.jclec.fitness.SimpleValueFitness@27df95e[value=0.0]]
Average fitness = 3.760212784352167
Fitness variance = 161.55500328131458
Generation 420 Report
Best individual: net.sf.jclec.realarray.RealArrayIndividual@55fee662[genotype={0.0,0.0,0.0,0.0,0.0,0.0,0.0,0.0,0.0,0.0,0.0,0.0,0.0,0.0,0.0,0.0,0.0,0.0,0.0,0.0,0.0,0.0,0.0,0.0,0.0,0.0,0.0,0.0,0.0,0.0},fitness=net.sf.jclec.fitness.SimpleValueFitness@45adc393[value=0.0]]
Worst individual: net.sf.jclec.realarray.RealArrayIndividual@7c37f145[genotype={0.0,0.0,0.0,0.0,0.0,0.0,0.0,0.0,0.0,0.0,0.0,0.0,0.0,0.0,0.0,0.0,0.0,0.0,0.0,5.12,0.0,0.0,5.12,0.0,0.0,0.0,0.0,0.0,0.0,0.0},fitness=net.sf.jclec.fitness.SimpleValueFitness@273a5a8a[value=57.84942745157179]]
Median individual: net.sf.jclec.realarray.RealArrayIndividual@5a545b0f[genotype={0.0,0.0,0.0,0.0,0.0,0.0,0.0,0.0,0.0,0.0,0.0,0.0,0.0,0.0,0.0,0.0,0.0,0.0,0.0,0.0,0.0,0.0,0.0,0.0,0.0,0.0,0.0,0.0,0.0,0.0},fitness=net.sf.jclec.fitness.SimpleValueFitness@124dac75[value=0.0]]
Average fitness = 2.8924713725785898
Fitness variance = 92.03029705305336
Generation 430 Report
Best individual: net.sf.jclec.realarray.RealArrayIndividual@cedee22[genotype={0.0,0.0,0.0,0.0,0.0,0.0,0.0,0.0,0.0,0.0,0.0,0.0,0.0,0.0,0.0,0.0,0.0,0.0,0.0,0.0,0.0,0.0,0.0,0.0,0.0,0.0,0.0,0.0,0.0,0.0},fitness=net.sf.jclec.fitness.SimpleValueFitness@5b47731f[value=0.0]]
Worst individual: net.sf.jclec.realarray.RealArrayIndividual@32d5279[genotype={5.12,0.0,0.0,0.0,0.0,0.0,0.0,0.0,0.0,0.0,0.0,5.12,0.0,0.0,0.0,0.0,0.0,0.0,0.0,0.0,0.0,0.0,0.0,0.0,0.0,0.0,0.0,0.0,0.0,0.0},fitness=net.sf.jclec.fitness.SimpleValueFitness@5d0b0cb9[value=57.84942745157179]]
Median individual: net.sf.jclec.realarray.RealArrayIndividual@47f04e4d[genotype={0.0,0.0,0.0,0.0,0.0,0.0,0.0,0.0,0.0,0.0,0.0,0.0,0.0,0.0,0.0,0.0,0.0,0.0,0.0,0.0,0.0,0.0,0.0,0.0,0.0,0.0,0.0,0.0,0.0,0.0},fitness=net.sf.jclec.fitness.SimpleValueFitness@388d14e[value=0.0]]
Average fitness = 4.627954196125745
Fitness variance = 162.6426340646688
Generation 440 Report
Best individual: net.sf.jclec.realarray.RealArrayIndividual@1e84f3c8[genotype={0.0,0.0,0.0,0.0,0.0,0.0,0.0,0.0,0.0,0.0,0.0,0.0,0.0,0.0,0.0,0.0,0.0,0.0,0.0,0.0,0.0,0.0,0.0,0.0,0.0,0.0,0.0,0.0,0.0,0.0},fitness=net.sf.jclec.fitness.SimpleValueFitness@7b2ccba5[value=0.0]]
Worst individual: net.sf.jclec.realarray.RealArrayIndividual@42d6c12d[genotype={0.0,0.0,5.12,0.0,0.0,5.12,0.0,0.0,0.0,0.0,0.0,0.0,0.0,0.0,0.0,0.0,0.0,0.0,0.0,0.0,0.0,0.0,0.0,0.0,0.0,0.0,0.0,0.0,0.0,0.0},fitness=net.sf.jclec.fitness.SimpleValueFitness@7a2ab862[value=57.84942745157179]]
Median individual: net.sf.jclec.realarray.RealArrayIndividual@e09f1b6[genotype={0.0,0.0,0.0,0.0,0.0,0.0,0.0,0.0,0.0,0.0,0.0,0.0,0.0,0.0,0.0,0.0,0.0,0.0,0.0,0.0,0.0,0.0,0.0,0.0,0.0,0.0,0.0,0.0,0.0,0.0},fitness=net.sf.jclec.fitness.SimpleValueFitness@11b32a14[value=0.0]]
Average fitness = 2.8924713725785898
Fitness variance = 125.49585961780004
Generation 450 Report
Best individual: net.sf.jclec.realarray.RealArrayIndividual@1ba467c2[genotype={0.0,0.0,0.0,0.0,0.0,0.0,0.0,0.0,0.0,0.0,0.0,0.0,0.0,0.0,0.0,0.0,0.0,0.0,0.0,0.0,0.0,0.0,0.0,0.0,0.0,0.0,0.0,0.0,0.0,0.0},fitness=net.sf.jclec.fitness.SimpleValueFitness@7ef8eda7[value=0.0]]
Worst individual: net.sf.jclec.realarray.RealArrayIndividual@4214ae8f[genotype={0.0,0.0,0.0,0.0,0.0,0.0,5.12,5.12,0.0,0.0,0.0,0.0,0.0,0.0,0.0,0.0,0.0,0.0,0.0,0.0,0.0,0.0,0.0,5.12,0.0,0.0,0.0,0.0,5.12,0.0},fitness=net.sf.jclec.fitness.SimpleValueFitness@22dc59b2[value=115.69885490314358]]
Median individual: net.sf.jclec.realarray.RealArrayIndividual@306c7bf6[genotype={0.0,0.0,0.0,0.0,0.0,0.0,0.0,0.0,0.0,0.0,0.0,0.0,0.0,0.0,0.0,0.0,0.0,0.0,0.0,0.0,0.0,0.0,0.0,0.0,0.0,0.0,0.0,0.0,0.0,0.0},fitness=net.sf.jclec.fitness.SimpleValueFitness@494c8f29[value=0.0]]
Average fitness = 7.231178431446473
Fitness variance = 374.39598119310347
Generation 460 Report
Best individual: net.sf.jclec.realarray.RealArrayIndividual@29896529[genotype={0.0,0.0,0.0,0.0,0.0,0.0,0.0,0.0,0.0,0.0,0.0,0.0,0.0,0.0,0.0,0.0,0.0,0.0,0.0,0.0,0.0,0.0,0.0,0.0,0.0,0.0,0.0,0.0,0.0,0.0},fitness=net.sf.jclec.fitness.SimpleValueFitness@41b64020[value=0.0]]
Worst individual: net.sf.jclec.realarray.RealArrayIndividual@834e986[genotype={0.0,0.0,0.0,0.0,0.0,5.12,5.12,0.0,0.0,0.0,0.0,0.0,0.0,0.0,0.0,0.0,0.0,0.0,0.0,0.0,0.0,5.12,0.0,0.0,0.0,0.0,0.0,0.0,0.0,0.0},fitness=net.sf.jclec.fitness.SimpleValueFitness@604d23fa[value=86.77414117735769]]
Median individual: net.sf.jclec.realarray.RealArrayIndividual@2921199d[genotype={0.0,0.0,0.0,0.0,0.0,0.0,0.0,0.0,0.0,0.0,0.0,0.0,0.0,0.0,0.0,0.0,0.0,0.0,0.0,0.0,0.0,0.0,0.0,0.0,0.0,0.0,0.0,0.0,0.0,0.0},fitness=net.sf.jclec.fitness.SimpleValueFitness@7f13811b[value=0.0]]
Average fitness = 7.520425568704333
Fitness variance = 328.29716876016494
Generation 470 Report
Best individual: net.sf.jclec.realarray.RealArrayIndividual@53747c4a[genotype={0.0,0.0,0.0,0.0,0.0,0.0,0.0,0.0,0.0,0.0,0.0,0.0,0.0,0.0,0.0,0.0,0.0,0.0,0.0,0.0,0.0,0.0,0.0,0.0,0.0,0.0,0.0,0.0,0.0,0.0},fitness=net.sf.jclec.fitness.SimpleValueFitness@f2276c9[value=0.0]]
Worst individual: net.sf.jclec.realarray.RealArrayIndividual@2b53840a[genotype={0.0,0.0,0.0,0.0,5.12,0.0,0.0,5.12,0.0,0.0,0.0,0.0,0.0,0.0,0.0,0.0,0.0,0.0,5.12,0.0,0.0,0.0,0.0,0.0,0.0,0.0,5.12,0.0,0.0,0.0},fitness=net.sf.jclec.fitness.SimpleValueFitness@3e546734[value=115.69885490314358]]
Median individual: net.sf.jclec.realarray.RealArrayIndividual@432af457[genotype={0.0,0.0,0.0,0.0,0.0,0.0,0.0,0.0,0.0,0.0,0.0,0.0,0.0,0.0,0.0,0.0,0.0,0.0,0.0,0.0,0.0,0.0,0.0,0.0,0.0,0.0,0.0,0.0,0.0,0.0},fitness=net.sf.jclec.fitness.SimpleValueFitness@519c6fcc[value=0.0]]
Average fitness = 8.966661254993626
Fitness variance = 429.9488150505829
Generation 480 Report
Best individual: net.sf.jclec.realarray.RealArrayIndividual@4f3e9fbb[genotype={0.0,0.0,0.0,0.0,0.0,0.0,0.0,0.0,0.0,0.0,0.0,0.0,0.0,0.0,0.0,0.0,0.0,0.0,0.0,0.0,0.0,0.0,0.0,0.0,0.0,0.0,0.0,0.0,0.0,0.0},fitness=net.sf.jclec.fitness.SimpleValueFitness@43471a7e[value=0.0]]
Worst individual: net.sf.jclec.realarray.RealArrayIndividual@5df7e31b[genotype={0.0,0.0,0.0,0.0,0.0,0.0,0.0,0.0,0.0,0.0,5.12,0.0,0.0,0.0,0.0,0.0,0.0,0.0,0.0,0.0,0.0,0.0,0.0,0.0,5.12,0.0,5.12,0.0,0.0,0.0},fitness=net.sf.jclec.fitness.SimpleValueFitness@4b425577[value=86.77414117735769]]
Median individual: net.sf.jclec.realarray.RealArrayIndividual@58eac00e[genotype={0.0,0.0,0.0,0.0,0.0,0.0,0.0,0.0,0.0,0.0,0.0,0.0,0.0,0.0,0.0,0.0,0.0,0.0,0.0,0.0,0.0,0.0,0.0,0.0,0.0,0.0,0.0,0.0,0.0,0.0},fitness=net.sf.jclec.fitness.SimpleValueFitness@61149fa5[value=0.0]]
Average fitness = 6.363437019672899
Fitness variance = 260.69673237937656
Generation 490 Report
Best individual: net.sf.jclec.realarray.RealArrayIndividual@69aabcb0[genotype={0.0,0.0,0.0,0.0,0.0,0.0,0.0,0.0,0.0,0.0,0.0,0.0,0.0,0.0,0.0,0.0,0.0,0.0,0.0,0.0,0.0,0.0,0.0,0.0,0.0,0.0,0.0,0.0,0.0,0.0},fitness=net.sf.jclec.fitness.SimpleValueFitness@15986dd5[value=0.0]]
Worst individual: net.sf.jclec.realarray.RealArrayIndividual@678a9516[genotype={0.0,5.12,0.0,0.0,0.0,0.0,0.0,0.0,0.0,0.0,0.0,0.0,5.12,0.0,0.0,0.0,0.0,0.0,0.0,0.0,0.0,0.0,0.0,0.0,0.0,0.0,5.12,0.0,0.0,0.0},fitness=net.sf.jclec.fitness.SimpleValueFitness@b950f82[value=86.77414117735769]]
Median individual: net.sf.jclec.realarray.RealArrayIndividual@677ce519[genotype={0.0,0.0,0.0,0.0,0.0,0.0,0.0,0.0,0.0,0.0,0.0,0.0,0.0,0.0,0.0,0.0,0.0,0.0,0.0,0.0,0.0,0.0,0.0,0.0,0.0,0.0,0.0,0.0,0.0,0.0},fitness=net.sf.jclec.fitness.SimpleValueFitness@7cfb0c4c[value=0.0]]
Average fitness = 7.231178431446474
Fitness variance = 290.73207478123675
Generation 500 Report
Best individual: net.sf.jclec.realarray.RealArrayIndividual@2ee39e73[genotype={0.0,0.0,0.0,0.0,0.0,0.0,0.0,0.0,0.0,0.0,0.0,0.0,0.0,0.0,0.0,0.0,0.0,0.0,0.0,0.0,0.0,0.0,0.0,0.0,0.0,0.0,0.0,0.0,0.0,0.0},fitness=net.sf.jclec.fitness.SimpleValueFitness@71a4f441[value=0.0]]
Worst individual: net.sf.jclec.realarray.RealArrayIndividual@20cdb152[genotype={0.0,0.0,0.0,0.0,0.0,0.0,0.0,0.0,0.0,0.0,5.12,0.0,0.0,0.0,0.0,0.0,0.0,0.0,0.0,0.0,0.0,0.0,0.0,0.0,0.0,5.12,0.0,0.0,0.0,0.0},fitness=net.sf.jclec.fitness.SimpleValueFitness@14b31e37[value=57.84942745157179]]
Median individual: net.sf.jclec.realarray.RealArrayIndividual@2d28fb02[genotype={0.0,0.0,0.0,0.0,0.0,0.0,0.0,0.0,0.0,0.0,0.0,0.0,0.0,0.0,0.0,0.0,0.0,0.0,0.0,0.0,0.0,0.0,0.0,0.0,0.0,0.0,0.0,0.0,0.0,0.0},fitness=net.sf.jclec.fitness.SimpleValueFitness@402f8592[value=0.0]]
Average fitness = 5.495695607899321
Fitness variance = 212.42265837972954
