Wed Nov 21 15.59.36 CET 2018
Generation 0 Report
Best individual: net.sf.jclec.realarray.RealArrayIndividual@470e2030[genotype={2.9422157612703232,3.783545568595274,1.5130103976654885,2.155733815776633,2.7526707803464063,2.9498526185112524,4.2055995227793135,2.2151447208497888,1.8104881303258216,0.967556150105639,1.2236457681391923,3.9741041813674975,3.056474766593325,1.5627723094603576,0.07908089614883994,3.027846020733967,1.9249548983726865,2.8918506242278417,1.8663944323943662,0.6471632490121877,4.135183246789278,3.2831944549895367,4.298329029415217,1.3640775408610557,2.903719776143607,2.4751677424825265,1.1912913337207969,1.8641506560117975,4.0469821054119945,2.8773869106645145},fitness=net.sf.jclec.fitness.SimpleValueFitness@33833882[value=416.4915717013585]]
Worst individual: net.sf.jclec.realarray.RealArrayIndividual@3abfe836[genotype={4.0348312404796705,1.8468973806239326,3.3862238686368307,0.5679598510098807,2.848920320437781,3.2169914788656224,3.3253624129679555,3.3056810397889946,4.65934372727017,3.725332867118467,0.7288981493303511,5.024531386950747,2.40577946306058,3.8920500504841447,2.388618610637423,2.7160330654386446,4.308491159094361,1.869117504043752,3.0460096641123435,4.715337786451702,2.964778573259969,4.661251929493506,4.446839432327825,4.452254004237492,0.9209993994927964,4.571557944447603,2.5995013874004997,2.5303193543602127,4.5223522131450355,2.534881994674698},fitness=net.sf.jclec.fitness.SimpleValueFitness@77afea7d[value=704.4204022289143]]
Median individual: net.sf.jclec.realarray.RealArrayIndividual@26f0a63f[genotype={4.049708097689054,0.860697187995048,3.8980800499046353,3.8075520480360736,3.4171591736449027,2.9898911122821548,3.258336408733992,2.8734868928198716,4.1035787556477015,4.205557761379859,4.993338360988384,3.32323881624183,2.361282823072889,3.15729661010446,2.575631908047358,1.1816462385863848,1.945217903227962,3.296985785226126,3.3484714395530246,2.762514862016546,1.2504586489092306,2.539635260185115,2.9884290937524676,1.2213972829895583,2.355174453079126,0.44900265486973645,1.390948052171605,1.2496094638961557,3.159391389176143,3.6039011173258233},fitness=net.sf.jclec.fitness.SimpleValueFitness@53bd815b[value=541.0555665548001]]
Average fitness = 562.7615740877909
Fitness variance = 2857.4963567943196
Generation 10 Report
Best individual: net.sf.jclec.realarray.RealArrayIndividual@1b0375b3[genotype={2.02225413112344,3.947137489615331,1.726713330126008,0.9519720408513735,1.172814022082833,0.4934800926245433,0.5935742945333561,0.08983001715410278,0.13493555913592936,0.9036800940776495,2.9130731971329533,0.04931487217849754,1.5543697089429418,2.134577976233631,0.395189488162921,2.9709029411408254,0.11702635607210496,0.11129161899639348,0.9598102783506299,0.6471632490121877,1.9158683512271315,3.0179247391258106,4.038558266566973,0.007725384445948417,0.8852762916579978,1.1110300414597662,1.0447658918951588,0.12649272521748323,0.9740600970640718,0.21759568807504487},fitness=net.sf.jclec.fitness.SimpleValueFitness@2d209079[value=230.4260283882357]]
Worst individual: net.sf.jclec.realarray.RealArrayIndividual@67117f44[genotype={0.9418169492888767,2.0435621055659134,5.06096576656778,0.6152255440553764,0.9528656098683439,4.118371911244238,0.748731531046933,0.3384165546151071,0.9029074509672955,1.7091447628479879,0.5139799281976387,3.8628686479591807,0.9617504644272247,2.0907143065962916,1.7463795827982702,2.596914109440728,3.4674789086361284,0.040160099170487296,3.6877623132685007,2.636476967670102,0.6239673593838265,0.21046378470911542,3.0274435630089163,0.9628131747413771,3.279013830390572,1.1110300414597662,1.4939963652601795,3.818193592191328,3.106780310910336,1.3502617703352562},fitness=net.sf.jclec.fitness.SimpleValueFitness@2471cca7[value=416.3424216975226]]
Median individual: net.sf.jclec.realarray.RealArrayIndividual@5a39699c[genotype={0.9418169492888767,0.08161884530325095,3.9039298954734747,1.521343732815416,0.8898575643849483,0.2787070398002309,0.748731531046933,0.3384165546151071,0.18963318864803125,1.7091447628479879,3.9989705317423785,4.061896134463059,4.150857139714509,0.29792974912051023,4.007459406409179,3.056060011237629,2.3183817398646798,0.963218522099685,0.17855612526246145,0.08761302471544065,0.36321326768950585,3.5952187683609935,1.9899498575912686,0.9628131747413771,0.8852762916579978,1.1110300414597662,1.9378246120298956,0.03367293926466663,3.106780310910336,0.21759568807504487},fitness=net.sf.jclec.fitness.SimpleValueFitness@56cbfb61[value=310.9303579469984]]
Average fitness = 324.77743927914116
Fitness variance = 1437.423789834298
Generation 20 Report
Best individual: net.sf.jclec.realarray.RealArrayIndividual@2038ae61[genotype={2.0169062544289087,0.08161884530325095,2.0281421403552757,0.9519720408513735,0.8898575643849483,2.431416413298536,0.9462665601203011,0.03724428699216377,0.1721574809849966,1.0440983687453642,0.9367207043379595,0.04931487217849754,0.9617504644272247,2.134577976233631,4.022479656123766,3.056060011237629,0.11702635607210496,0.020028338978212865,0.9598102783506299,0.08761302471544065,1.9158683512271315,0.7417996727952513,0.9518825075199233,0.007725384445948417,0.8852762916579978,1.1110300414597662,1.9378246120298956,1.8378313613185977,0.9740600970640718,0.21759568807504487},fitness=net.sf.jclec.fitness.SimpleValueFitness@31dc339b[value=136.64131485212926]]
Worst individual: net.sf.jclec.realarray.RealArrayIndividual@544fe44c[genotype={0.9418169492888767,4.1016619215783425,1.3280083684492587,0.9519720408513735,0.8898575643849483,4.118371911244238,0.748731531046933,2.049057985365827,0.9109456167556925,1.0440983687453642,3.9989705317423785,0.04931487217849754,1.5543697089429418,2.134577976233631,4.022479656123766,3.056060011237629,0.11702635607210496,3.0341316573303097,0.9598102783506299,1.7844614443785427,1.9158683512271315,0.7417996727952513,0.9518825075199233,0.007725384445948417,0.8852762916579978,1.1110300414597662,1.0447658918951588,0.03367293926466663,3.106780310910336,0.21759568807504487},fitness=net.sf.jclec.fitness.SimpleValueFitness@71318ec4[value=222.64306675071367]]
Median individual: net.sf.jclec.realarray.RealArrayIndividual@7cd62f43[genotype={2.02225413112344,0.08161884530325095,1.726713330126008,0.9519720408513735,0.8898575643849483,1.8642732127015396,2.008585770040745,0.08983001715410278,0.1721574809849966,1.0935223805936236,0.9367207043379595,0.04931487217849754,0.9617504644272247,2.0907143065962916,4.022479656123766,3.056060011237629,0.11702635607210496,3.0341316573303097,3.1592716601308264,1.7844614443785427,1.9158683512271315,0.7417996727952513,0.9518825075199233,0.0075009336955382255,0.8601923553380604,1.1110300414597662,1.9378246120298956,0.03367293926466663,3.106780310910336,0.21759568807504487},fitness=net.sf.jclec.fitness.SimpleValueFitness@6093dd95[value=168.2420015964378]]
Average fitness = 171.3628583218266
Fitness variance = 372.5354468504338
Generation 30 Report
Best individual: net.sf.jclec.realarray.RealArrayIndividual@57855c9a[genotype={0.9418169492888767,0.08161884530325095,1.109012042680273,0.9519720408513735,0.8898575643849483,1.0101101188443993,0.9462665601203011,0.03724428699216377,0.13493555913592936,1.0935223805936236,0.9367207043379595,0.04931487217849754,0.9617504644272247,2.134577976233631,0.06897884482519762,1.1932089057945472,0.11702635607210496,0.020028338978212865,0.9598102783506299,0.08761302471544065,1.9158683512271315,0.21046378470911542,0.9518825075199233,0.007725384445948417,0.8852762916579978,1.1110300414597662,1.0447658918951588,0.03367293926466663,0.9740600970640718,0.11073875827453529},fitness=net.sf.jclec.fitness.SimpleValueFitness@3224f60b[value=71.31976871075085]]
Worst individual: net.sf.jclec.realarray.RealArrayIndividual@63e2203c[genotype={2.0169062544289087,1.0764113218420368,2.0281421403552757,0.9519720408513735,0.8898575643849483,3.13467134427858,0.9462665601203011,0.03724428699216377,0.18051656022953114,0.9036800940776495,0.9367207043379595,0.04931487217849754,0.9617504644272247,2.0907143065962916,1.7463795827982702,1.8420314221486538,0.11008401172487084,0.020028338978212865,0.9598102783506299,1.7844614443785427,1.9158683512271315,0.21046378470911542,0.9518825075199233,0.007725384445948417,0.7314016752403937,1.888760532361591,1.9378246120298956,0.03367293926466663,0.9740600970640718,0.14517521179063098},fitness=net.sf.jclec.fitness.SimpleValueFitness@6737fd8f[value=124.95138337328274]]
Median individual: net.sf.jclec.realarray.RealArrayIndividual@4b553d26[genotype={0.9418169492888767,0.08161884530325095,2.0281421403552757,1.0756977052886534,0.8898575643849483,0.7225759583964647,0.9462665601203011,0.03724428699216377,0.13493555913592936,0.9036800940776495,0.9367207043379595,0.04931487217849754,0.9617504644272247,2.134577976233631,0.07908089614883994,0.8872160809847385,0.11702635607210496,1.1064756559609947,0.9598102783506299,0.08761302471544065,1.9158683512271315,0.21046378470911542,0.9518825075199233,0.007725384445948417,0.8852762916579978,1.0559316413692432,1.9378246120298956,0.03367293926466663,0.9740600970640718,0.18141800086880497},fitness=net.sf.jclec.fitness.SimpleValueFitness@86be70a[value=87.47766140284635]]
Average fitness = 97.40629805823723
Fitness variance = 108.61299395335664
Generation 40 Report
Best individual: net.sf.jclec.realarray.RealArrayIndividual@3b2c72c2[genotype={0.9418169492888767,0.08161884530325095,1.0409612079969963,0.9519720408513735,0.8898575643849483,1.0101101188443993,0.9462665601203011,0.03724428699216377,0.13493555913592936,1.0440983687453642,0.9367207043379595,0.04931487217849754,0.9617504644272247,1.8851225256182644,0.07908089614883994,0.8872160809847385,0.11702635607210496,0.020028338978212865,0.9598102783506299,0.08761302471544065,1.9158683512271315,0.21046378470911542,0.9518825075199233,0.007725384445948417,0.8852762916579978,1.0559316413692432,1.0447658918951588,0.03367293926466663,0.9740600970640718,0.11073875827453529},fitness=net.sf.jclec.fitness.SimpleValueFitness@176d53b2[value=59.67547364078839]]
Worst individual: net.sf.jclec.realarray.RealArrayIndividual@306279ee[genotype={2.090858658077683,0.08161884530325095,1.0099933963005707,0.9519720408513735,0.8898575643849483,1.8642732127015396,0.9462665601203011,0.03475171817071977,0.13493555913592936,0.9563747093429328,0.9367207043379595,0.04931487217849754,0.9617504644272247,2.0907143065962916,0.06870900990582512,1.1315446387503576,0.11702635607210496,0.020028338978212865,0.9598102783506299,0.08761302471544065,1.9158683512271315,0.21046378470911542,1.510970980870837,0.007725384445948417,0.8852762916579978,1.0559316413692432,1.0447658918951588,0.03367293926466663,0.9740600970640718,0.0663166547617208},fitness=net.sf.jclec.fitness.SimpleValueFitness@4cf4d528[value=89.69458416403587]]
Median individual: net.sf.jclec.realarray.RealArrayIndividual@1188e820[genotype={0.9418169492888767,0.08161884530325095,2.0281421403552757,0.9519720408513735,0.8898575643849483,1.0101101188443993,2.008585770040745,0.03724428699216377,0.13493555913592936,0.9036800940776495,0.9367207043379595,0.04931487217849754,0.9617504644272247,2.134577976233631,0.07908089614883994,0.8872160809847385,0.11702635607210496,0.020028338978212865,0.9598102783506299,0.08761302471544065,1.9158683512271315,0.21046378470911542,0.9518825075199233,0.007725384445948417,0.8852762916579978,1.1110300414597662,1.0447658918951588,0.03367293926466663,0.9347881628803514,0.11073875827453529},fitness=net.sf.jclec.fitness.SimpleValueFitness@101df177[value=70.58268352252091]]
Average fitness = 68.50493383607729
Fitness variance = 30.738636849666364
Generation 50 Report
Best individual: net.sf.jclec.realarray.RealArrayIndividual@7d3a22a9[genotype={0.9418169492888767,0.08161884530325095,1.0099933963005707,0.9519720408513735,0.8898575643849483,1.0101101188443993,0.9462665601203011,0.03724428699216377,0.12729974507497405,1.0440983687453642,0.9367207043379595,0.04931487217849754,0.9617504644272247,1.9621520458661823,0.07908089614883994,0.8872160809847385,0.11702635607210496,0.020028338978212865,0.9598102783506299,0.08761302471544065,1.9158683512271315,0.21046378470911542,0.9518825075199233,0.007725384445948417,0.8852762916579978,0.9985889734852483,1.0447658918951588,0.03367293926466663,0.9740600970640718,0.0663166547617208},fitness=net.sf.jclec.fitness.SimpleValueFitness@60704c[value=54.826896644076484]]
Worst individual: net.sf.jclec.realarray.RealArrayIndividual@52aa2946[genotype={0.9418169492888767,0.08161884530325095,1.0099933963005707,0.9519720408513735,0.8898575643849483,1.0101101188443993,0.9462665601203011,0.03724428699216377,0.12729974507497405,1.0440983687453642,0.9367207043379595,0.04931487217849754,0.9617504644272247,1.9621520458661823,0.07908089614883994,0.8872160809847385,0.11278972971182084,0.020028338978212865,0.9598102783506299,0.3768068505301208,1.9158683512271315,0.21046378470911542,0.9518825075199233,0.007725384445948417,0.8852762916579978,1.0559316413692432,1.0447658918951588,0.03367293926466663,0.9740600970640718,0.0663166547617208},fitness=net.sf.jclec.fitness.SimpleValueFitness@67e2d983[value=71.18648929719666]]
Median individual: net.sf.jclec.realarray.RealArrayIndividual@327b636c[genotype={0.9418169492888767,0.08161884530325095,1.0099933963005707,0.9519720408513735,0.8898575643849483,1.0101101188443993,0.9462665601203011,0.03724428699216377,0.12729974507497405,1.0440983687453642,0.9367207043379595,0.04931487217849754,0.9617504644272247,1.9621520458661823,0.07908089614883994,0.8872160809847385,0.11702635607210496,0.020028338978212865,0.9598102783506299,0.08761302471544065,1.9158683512271315,0.21046378470911542,0.9518825075199233,0.007725384445948417,0.8852762916579978,1.0559316413692432,1.0447658918951588,0.03367293926466663,0.9740600970640718,0.0663166547617208},fitness=net.sf.jclec.fitness.SimpleValueFitness@60611244[value=55.555497346867455]]
Average fitness = 57.45362975056057
Fitness variance = 7.323757342728186
Generation 60 Report
Best individual: net.sf.jclec.realarray.RealArrayIndividual@5c5eefef[genotype={0.9418169492888767,0.08161884530325095,0.99858048513633,0.9519720408513735,0.9310471236390059,1.0101101188443993,1.002155902980732,0.03724428699216377,0.12327022240523597,0.9748764748753018,0.9367207043379595,0.04931487217849754,0.9957367291147446,1.9621520458661823,0.07908089614883994,0.8872160809847385,0.11702635607210496,0.019482485189874364,0.9598102783506299,0.08761302471544065,1.9158683512271315,0.20396904786110656,0.9518825075199233,0.007725384445948417,0.8852762916579978,0.9985889734852483,0.9858765666782056,0.03367293926466663,1.0130541753257432,0.0663166547617208},fitness=net.sf.jclec.fitness.SimpleValueFitness@5158b42f[value=51.338828067459914]]
Worst individual: net.sf.jclec.realarray.RealArrayIndividual@6d2a209c[genotype={0.9418169492888767,0.08161884530325095,1.0099933963005707,0.9519720408513735,0.8898575643849483,1.0101101188443993,1.0205316080610138,0.03724428699216377,0.12529009457528098,0.9563747093429328,0.9367207043379595,0.04931487217849754,0.9617504644272247,1.9621520458661823,0.07908089614883994,0.8872160809847385,0.3637572731227261,0.020028338978212865,0.9901080981402729,0.08761302471544065,1.9088806594717804,0.20396904786110656,0.9518825075199233,0.007725384445948417,0.8883425476971519,0.9985889734852483,0.9638073634048808,0.03367293926466663,0.9740600970640718,0.06573316497938958},fitness=net.sf.jclec.fitness.SimpleValueFitness@161479c6[value=67.44152383236253]]
Median individual: net.sf.jclec.realarray.RealArrayIndividual@76508ed1[genotype={0.9418169492888767,0.08161884530325095,0.99858048513633,0.9519720408513735,0.8898575643849483,1.0101101188443993,0.9462665601203011,0.03724428699216377,0.12529009457528098,0.9748764748753018,0.9367207043379595,0.04931487217849754,0.9617504644272247,1.9621520458661823,0.07908089614883994,0.8872160809847385,0.11702635607210496,0.020028338978212865,0.9901080981402729,0.08761302471544065,1.9158683512271315,0.20396904786110656,0.9518825075199233,0.007725384445948417,0.8852762916579978,0.9985889734852483,0.9858765666782056,0.03367293926466663,0.9740600970640718,0.06573316497938958},fitness=net.sf.jclec.fitness.SimpleValueFitness@15c43bd9[value=53.17441531503023]]
Average fitness = 53.37925139398076
Fitness variance = 3.5394701220116076
Generation 70 Report
Best individual: net.sf.jclec.realarray.RealArrayIndividual@544fa968[genotype={0.9418169492888767,0.08161884530325095,1.0099933963005707,0.9519720408513735,0.9310471236390059,1.0101101188443993,1.0214290010887004,0.03724428699216377,0.12529009457528098,0.9563747093429328,0.9367207043379595,0.04931487217849754,0.9828184908910855,1.9621520458661823,0.07908089614883994,0.9665682608502406,0.11702635607210496,0.020028338978212865,0.9901080981402729,0.08761302471544065,1.968741362126646,0.20396904786110656,0.9518825075199233,0.007725384445948417,1.0417461219329915,0.9985889734852483,0.9858765666782056,0.03367293926466663,0.9740600970640718,0.06569972241654198},fitness=net.sf.jclec.fitness.SimpleValueFitness@d35dea7[value=46.76126749983602]]
Worst individual: net.sf.jclec.realarray.RealArrayIndividual@6150c3ec[genotype={0.9418169492888767,0.08161884530325095,1.0099933963005707,0.9519720408513735,0.934881364007086,1.0101101188443993,1.0205316080610138,0.03724428699216377,0.12529009457528098,0.9563747093429328,0.9541760938984976,0.04931487217849754,0.9617504644272247,1.9790280191328096,0.07908089614883994,0.9167874893886936,0.11702635607210496,0.020028338978212865,0.9598102783506299,0.08761302471544065,1.9158683512271315,0.20396904786110656,0.9518825075199233,0.007725384445948417,0.9156556619185517,0.9950715066539034,1.0447658918951588,0.03367293926466663,1.0130541753257432,0.0663166547617208},fitness=net.sf.jclec.fitness.SimpleValueFitness@7e6f74c[value=49.861404989465996]]
Median individual: net.sf.jclec.realarray.RealArrayIndividual@c730b35[genotype={0.9418169492888767,0.07928598075377571,1.0099933963005707,0.9519720408513735,0.934881364007086,1.0101101188443993,1.0205316080610138,0.03724428699216377,0.12515808639685846,0.9748764748753018,0.9367207043379595,0.04931487217849754,0.9617504644272247,1.9790280191328096,0.07908089614883994,0.9167874893886936,0.11670333875960179,0.020028338978212865,0.9901080981402729,0.08761302471544065,1.9158683512271315,0.20396904786110656,0.9518825075199233,0.007725384445948417,1.0417461219329915,0.9985889734852483,0.9973994421433185,0.03367293926466663,0.9740600970640718,0.0663166547617208},fitness=net.sf.jclec.fitness.SimpleValueFitness@292b08d6[value=48.406702355966615]]
Average fitness = 48.0909077341972
Fitness variance = 0.49968390659660145
Generation 80 Report
Best individual: net.sf.jclec.realarray.RealArrayIndividual@6f45df59[genotype={0.9649574131214629,0.07928598075377571,1.0099933963005707,0.9519720408513735,0.9627170482646099,1.0116014895576106,1.0199761194416346,0.03475171817071977,0.12529009457528098,0.9748764748753018,0.9531586867459229,0.04931487217849754,0.9895406625860802,1.9906350948835152,0.07908089614883994,0.9665682608502406,0.11702635607210496,0.020028338978212865,0.9901080981402729,0.08761302471544065,1.9802715447843648,0.20396904786110656,0.9518825075199233,0.007725384445948417,1.0417461219329915,0.9985889734852483,0.9858765666782056,0.03367293926466663,1.0130541753257432,0.0663166547617208},fitness=net.sf.jclec.fitness.SimpleValueFitness@63070bab[value=44.90024156305722]]
Worst individual: net.sf.jclec.realarray.RealArrayIndividual@762ef0ea[genotype={0.9418169492888767,0.08149396426633601,0.99858048513633,0.9519720408513735,0.9310471236390059,1.0101101188443993,1.0205316080610138,0.03475171817071977,0.12529009457528098,0.9563747093429328,0.9531586867459229,0.04931487217849754,0.9828184908910855,1.9790280191328096,0.07908089614883994,0.9665682608502406,0.11670333875960179,0.020028338978212865,0.9901080981402729,0.08394150769044514,1.968741362126646,0.20396904786110656,0.9518825075199233,0.007725384445948417,1.0417461219329915,0.9985889734852483,0.9973994421433185,0.03367293926466663,0.9740600970640718,0.0663166547617208},fitness=net.sf.jclec.fitness.SimpleValueFitness@424e1977[value=46.09123410936586]]
Median individual: net.sf.jclec.realarray.RealArrayIndividual@3cc1435c[genotype={0.9418169492888767,0.080992707472597,1.0285994429961853,0.9519720408513735,0.9627170482646099,1.0101101188443993,1.0205316080610138,0.03475171817071977,0.12476860571202955,0.9748764748753018,0.9531586867459229,0.04931487217849754,0.9617504644272247,1.9790280191328096,0.07908089614883994,0.9554516384910976,0.11702635607210496,0.020028338978212865,0.9901080981402729,0.08761302471544065,1.968741362126646,0.20396904786110656,0.9518825075199233,0.007725384445948417,1.0417461219329915,0.998567379060532,0.9973994421433185,0.03367293926466663,0.9740600970640718,0.0663166547617208},fitness=net.sf.jclec.fitness.SimpleValueFitness@dd0c991[value=45.93876267974814]]
Average fitness = 45.520328274599215
Fitness variance = 0.06639385392554686
Generation 90 Report
Best individual: net.sf.jclec.realarray.RealArrayIndividual@4f2b503c[genotype={0.9649574131214629,0.07928598075377571,1.0099933963005707,0.9519720408513735,0.9648851837457737,1.0101101188443993,1.0205316080610138,0.03475171817071977,0.12528467111748104,0.9748764748753018,0.9531586867459229,0.04793546882917788,0.9895406625860802,1.9906350948835152,0.07906170832165241,0.9665682608502406,0.11702635607210496,0.020028338978212865,0.9901080981402729,0.08394150769044514,1.9802715447843648,0.20308825549112583,0.9518825075199233,0.007725384445948417,1.0417461219329915,0.9985889734852483,0.9858765666782056,0.03367293926466663,0.9874591802993126,0.0663166547617208},fitness=net.sf.jclec.fitness.SimpleValueFitness@209da20d[value=44.616663396279975]]
Worst individual: net.sf.jclec.realarray.RealArrayIndividual@121314f7[genotype={0.9651555697413222,0.07928598075377571,1.0099933963005707,0.9519720408513735,0.9627170482646099,1.0101101188443993,1.0205316080610138,0.03475171817071977,0.12528467111748104,0.9748764748753018,0.9531586867459229,0.04931487217849754,0.9828184908910855,1.9790280191328096,0.07908089614883994,0.9665682608502406,0.11702635607210496,0.020028338978212865,0.9901080981402729,0.08394150769044514,1.9802715447843648,0.20396904786110656,0.9518825075199233,0.007725384445948417,1.0417461219329915,0.9985889734852483,0.9858765666782056,0.03367293926466663,1.0130715615644952,0.0663166547617208},fitness=net.sf.jclec.fitness.SimpleValueFitness@5e600dd5[value=44.82160924523572]]
Median individual: net.sf.jclec.realarray.RealArrayIndividual@4f2b503c[genotype={0.9649574131214629,0.07928598075377571,1.0099933963005707,0.9519720408513735,0.9648851837457737,1.0101101188443993,1.0205316080610138,0.03475171817071977,0.12528467111748104,0.9748764748753018,0.9531586867459229,0.04793546882917788,0.9895406625860802,1.9906350948835152,0.07906170832165241,0.9665682608502406,0.11702635607210496,0.020028338978212865,0.9901080981402729,0.08394150769044514,1.9802715447843648,0.20308825549112583,0.9518825075199233,0.007725384445948417,1.0417461219329915,0.9985889734852483,0.9858765666782056,0.03367293926466663,0.9874591802993126,0.0663166547617208},fitness=net.sf.jclec.fitness.SimpleValueFitness@209da20d[value=44.616663396279975]]
Average fitness = 44.743282840925815
Fitness variance = 0.0017415915310721175
Generation 100 Report
Best individual: net.sf.jclec.realarray.RealArrayIndividual@533bda92[genotype={0.9649570090123184,0.07928598075377571,1.0100012552903632,0.9519735194422244,0.9648851837457737,1.0101101188443993,1.0199761194416346,0.03475171817071977,0.12529009457528098,0.9753648616367426,0.9531586867459229,0.04793546882917788,0.9895406625860802,1.9906350948835152,0.07906170832165241,0.9665682608502406,0.11670333875960179,0.020028338978212865,0.9901080981402729,0.08394150769044514,1.9802715447843648,0.20308825549112583,0.9518825075199233,0.007725384445948417,1.0417273243660954,0.9985889734852483,0.9973994421433185,0.033668148268517696,0.9874591802993126,0.0663166547617208},fitness=net.sf.jclec.fitness.SimpleValueFitness@723ca036[value=44.57830096472783]]
Worst individual: net.sf.jclec.realarray.RealArrayIndividual@413d1baf[genotype={0.9649570090123184,0.0792884384660943,1.0100012552903632,0.9519735194422244,0.9648851837457737,1.0101101188443993,1.0205316080610138,0.03475171817071977,0.12529009457528098,0.9753648616367426,0.9531586867459229,0.04793546882917788,0.9895406625860802,1.9906350948835152,0.07908089614883994,0.9665682608502406,0.11702635607210496,0.020028338978212865,0.9902250044574107,0.08394150769044514,1.9802715447843648,0.20308824251050125,0.9518825075199233,0.007725384445948417,1.0417273243660954,0.9985889734852483,0.9973994421433185,0.033668148268517696,0.9874591802993126,0.06668839992865411},fitness=net.sf.jclec.fitness.SimpleValueFitness@273444fe[value=44.60749566243]]
Median individual: net.sf.jclec.realarray.RealArrayIndividual@5386659f[genotype={0.9649574131214629,0.07928598075377571,1.0100012552903632,0.9519720408513735,0.9648851837457737,1.0101101188443993,1.0205316080610138,0.03475171817071977,0.12529009457528098,0.97536439633558,0.9531586867459229,0.04793546882917788,0.9895406625860802,1.9906350948835152,0.07906170832165241,0.9665682608502406,0.11702635607210496,0.020028338978212865,0.9902250044574107,0.08394150769044514,1.9802715447843648,0.20308825549112583,0.9518825075199233,0.007725384445948417,1.0417461219329915,0.998567379060532,0.9973994421433185,0.033668148268517696,0.9874591802993126,0.0663166547617208},fitness=net.sf.jclec.fitness.SimpleValueFitness@cecf639[value=44.59765482751543]]
Average fitness = 44.590679462199816
Fitness variance = 5.7221231145376805E-5
Generation 110 Report
Best individual: net.sf.jclec.realarray.RealArrayIndividual@69504ae9[genotype={0.9649498597271219,0.0792859807689996,1.0099933963005707,0.9519720408513735,0.9648851837457737,1.0101101188443993,1.0199669721053568,0.03475171817071977,0.12529009457528098,0.9753648616367426,0.9531586867459229,0.04793546882917788,0.989536340242774,1.9906350948835152,0.07900881994135021,0.9665682608502406,0.1167033387534708,0.020028338978212865,0.9902250044574107,0.08394150769044514,1.9802720154632985,0.20302922099606133,0.9518825075199233,0.007693953690440454,1.0417273243660954,0.9985889734852483,0.9973994421433185,0.03367293926466663,0.9874591802993126,0.06631684731951015},fitness=net.sf.jclec.fitness.SimpleValueFitness@28cda624[value=44.5728657776551]]
Worst individual: net.sf.jclec.realarray.RealArrayIndividual@7b4c50bc[genotype={0.9649549364220654,0.07928598075377571,1.0099933963005707,0.9519735194422244,0.9648851837457737,1.0101101188443993,1.0199761194416346,0.03475171817071977,0.12529009457528098,0.9753648616367426,0.9529866793926133,0.04793546882917788,0.9895406625860802,1.9906350948835152,0.07906170832165241,0.9665682608502406,0.11670333875960179,0.020028338978212865,0.9902250044574107,0.08394150769044514,1.9802715447843648,0.20308825549112583,0.9519457146065734,0.007725384363907907,1.0417205390206947,0.9983369589694363,0.9973994421433185,0.03367293926466663,0.9874591802993126,0.0663166547617208},fitness=net.sf.jclec.fitness.SimpleValueFitness@50378a4[value=44.57939647008284]]
Median individual: net.sf.jclec.realarray.RealArrayIndividual@10289886[genotype={0.9649498597271219,0.07928598075377571,1.0099933963005707,0.9519735194422244,0.9648851837457737,1.0101101188443993,1.0199786561647932,0.03475171817071977,0.12529009457528098,0.9753648616367426,0.9531586867459229,0.04793546882917788,0.9895406625860802,1.9906350948835152,0.07906170832165241,0.9665682608502406,0.11670333875960179,0.020028338978212865,0.9901080981402729,0.08394150769044514,1.9802715447843648,0.20308825549112583,0.9519457146065734,0.007725384445948417,1.0417273243660954,0.9985889734852483,0.9973994421433185,0.03367293926466663,0.9874591802993126,0.0663166547617208},fitness=net.sf.jclec.fitness.SimpleValueFitness@461ad730[value=44.577365688618656]]
Average fitness = 44.57682979041714
Fitness variance = 9.204045454680454E-7
Generation 120 Report
Best individual: net.sf.jclec.realarray.RealArrayIndividual@59d4cd39[genotype={0.9650679926289166,0.07928643689892442,1.0100012552903632,0.9519720408513735,0.9648851992929723,1.0101101188443993,1.0199761194416346,0.03456541606003277,0.12501811379099093,0.9753648616367426,0.9531586867459229,0.04793546882917788,0.9895406625860802,1.9906350948835152,0.07387606430644156,0.9665682608502406,0.11664265737425672,0.020028338978212865,0.9902250044574107,0.0838549007783963,1.9802715447843648,0.2030161444253684,0.9519457146065734,0.007725384445948417,1.0417273243660954,0.9985889734852483,0.9973994421433185,0.03367293926466663,0.9874877114487646,0.06631684731951015},fitness=net.sf.jclec.fitness.SimpleValueFitness@3fc79729[value=44.399965555957635]]
Worst individual: net.sf.jclec.realarray.RealArrayIndividual@48b67364[genotype={0.9649498597271219,0.0792859807689996,1.0099933963005707,0.9519720408513735,0.9648851992929723,1.0101101188443993,1.0199786561647932,0.033865804618600046,0.12528414709041363,0.9753648616367426,0.9531568756969099,0.04793546882917788,0.9895215753152735,1.9904865208380471,0.07906170832165241,0.9668272461904595,0.11663256265305079,0.020028338978212865,0.9906535283420634,0.0838838254234694,1.9802720154632985,0.2030161444253684,0.950597537167907,0.007693953690440454,1.0417464544707704,0.9985889734852483,0.9973994421433185,0.03367293926466663,0.9874877114487646,0.06631684731951015},fitness=net.sf.jclec.fitness.SimpleValueFitness@7bf3a5d8[value=44.57527095615042]]
Median individual: net.sf.jclec.realarray.RealArrayIndividual@27508c5d[genotype={0.9649498597271219,0.07928643689892442,1.0100012552903632,0.9519720408513735,0.9648851837457737,1.010071177431175,1.0199761194416346,0.03456541606003277,0.12529009457528098,0.9753648616367426,0.9531586867459229,0.04793546882917788,0.989536340242774,1.9906350948835152,0.07900881994135021,0.9665682608502406,0.11653058432043624,0.020028338978212865,0.9901080981402729,0.0838838254234694,1.9802715447843648,0.20308825549112583,0.9519457146065734,0.007725384445948417,1.0417273243660954,0.9985591450637261,0.9973840079536705,0.03214008841413949,0.9874591802993126,0.0663166547617208},fitness=net.sf.jclec.fitness.SimpleValueFitness@4b5189ac[value=44.544003880971346]]
Average fitness = 44.54052721663346
Fitness variance = 9.80150607347241E-4
Generation 130 Report
Best individual: net.sf.jclec.realarray.RealArrayIndividual@1e461e41[genotype={0.9649570090123184,0.07928643689892442,1.009543316617392,0.9524057928855967,0.9638655054783632,1.0101819045274454,1.0199761194416346,0.034751537337522044,0.12529009457528098,0.9753648616367426,0.9531586867459229,0.04793546882917788,0.989536340242774,1.9906350948835152,0.047601355235068366,0.9665682608502406,0.09449447279138994,0.020028338978212865,0.9901080981402729,0.0838838254234694,1.9802715447843648,0.18901105688151124,0.9519457146065734,0.007725384445948417,1.0417273243660954,0.998717662893038,0.9973994421433185,0.03367293926466663,0.9874877114487646,0.0663166547617208},fitness=net.sf.jclec.fitness.SimpleValueFitness@56928307[value=42.1068396319143]]
Worst individual: net.sf.jclec.realarray.RealArrayIndividual@6f44a157[genotype={0.9649570090123184,0.07928643689892442,1.0099933963005707,0.9519720408513735,0.9648851992929723,1.0101101188443993,1.0203425796635757,0.03378978257925645,0.12472944217137448,0.9753648616367426,0.9531586867459229,0.04793546882917788,0.9895406625860802,1.9906339909399302,0.07906705365649858,0.9665682608502406,0.11632667440974791,0.020028338978212865,0.9901771562717783,0.08394150769044514,1.9805469566482705,0.19957324197227058,0.9519457146065734,0.007725384445948417,1.0418123739659226,0.9976678339497568,0.9973214504947683,0.03367293926466663,0.9875676198385152,0.06631684731951015},fitness=net.sf.jclec.fitness.SimpleValueFitness@291f18[value=44.31400442302099]]
Median individual: net.sf.jclec.realarray.RealArrayIndividual@5ef5c734[genotype={0.9649570090123184,0.07928643689892442,1.0099933963005707,0.9519720408513735,0.9648851837457737,1.0101101188443993,1.019889821470209,0.03082064945879986,0.12529009457528098,0.9753648616367426,0.9531586867459229,0.04793546882917788,0.9895406625860802,1.9906339909399302,0.07906170832165241,0.965822268715555,0.11664265737425672,0.020028338978212865,0.9902250044574107,0.08037893152333915,1.9805469566482705,0.18901105688151124,0.9519457146065734,0.007725384445948417,1.0417273243660954,0.9976678339497568,0.9973994421433185,0.03367293926466663,0.9874877114487646,0.0663166547617208},fitness=net.sf.jclec.fitness.SimpleValueFitness@36b4091c[value=43.57855313841843]]
Average fitness = 43.6370545112904
Fitness variance = 0.15442745393556834
Generation 140 Report
Best individual: net.sf.jclec.realarray.RealArrayIndividual@6aa3a905[genotype={0.9649498597271219,0.07928643689892442,1.009543316617392,0.9623316751680601,0.9648851992929723,1.0101819045274454,1.023410872662597,0.017810661485759775,0.09680756117153239,0.9753648616367426,0.9537095894928134,0.04793546882917788,0.989536340242774,1.9906350948835152,0.047601355235068366,0.965822268715555,0.07384452227899993,0.020028338978212865,0.9901080981402729,0.0838838254234694,1.9802715447843648,0.10129878471417139,0.9519457146065734,0.007725384445948417,1.0417273243660954,1.0158907049045929,0.9973994421433185,0.006200234165960803,0.9874591802993126,0.05609450210060092},fitness=net.sf.jclec.fitness.SimpleValueFitness@5dd1c9f2[value=35.29351938793046]]
Worst individual: net.sf.jclec.realarray.RealArrayIndividual@5bf0fe62[genotype={0.9649570090123184,0.07174690747278231,1.0099933963005707,0.9519720408513735,0.9648851992929723,1.0101101188443993,1.0199761194416346,0.017810661485759775,0.12529009457528098,0.9753648616367426,0.9531586867459229,0.04793546882917788,0.9895406625860802,1.9906339909399302,0.047601355235068366,0.9055096777260251,0.07776478583458246,0.020028338978212865,0.9902250044574107,0.0838838254234694,1.9802715447843648,0.1771813703704991,0.9519457146065734,0.007725384445948417,1.0418123739659226,0.9976678339497568,0.9973994421433185,0.03367293926466663,0.9875676198385152,0.0663166547617208},fitness=net.sf.jclec.fitness.SimpleValueFitness@673be18f[value=41.8607029939222]]
Median individual: net.sf.jclec.realarray.RealArrayIndividual@bcef303[genotype={0.9649570090123184,0.07928643689892442,1.0099933963005707,0.9524057928855967,0.9648851992929723,1.0101819045274454,1.012844556331119,0.03456541606003277,0.12529009457528098,0.9800367256900484,0.9531586867459229,0.027463406232002698,0.9895406625860802,1.9906339909399302,0.047601355235068366,0.965822268715555,0.09492014164144724,0.020028338978212865,0.9923502837187759,0.0838838254234694,1.9802715447843648,0.1771813703704991,0.9519457146065734,0.007725384445948417,1.0417273243660954,0.9985889734852483,0.9973994421433185,4.5066755811271064E-5,0.9874591802993126,0.0663166547617208},fitness=net.sf.jclec.fitness.SimpleValueFitness@42039326[value=40.81225801395756]]
Average fitness = 40.09436497459018
Fitness variance = 1.1346577732822425
Generation 150 Report
Best individual: net.sf.jclec.realarray.RealArrayIndividual@3e821657[genotype={0.9649570090123184,0.0,1.0092915425508584,0.9519720408513735,0.9648851992929723,1.0101101188443993,1.023410872662597,0.017810661485759775,0.07305219128283344,0.9753648616367426,0.9531586867459229,0.027463406232002698,0.9913806854421595,1.9906350948835152,0.047601355235068366,0.9665504829125513,0.07384452227899993,0.020028338978212865,0.9983322645364693,0.08037893152333915,1.9802715447843648,0.045787878741515006,0.9519457146065734,0.007725384445948417,1.0417273243660954,0.9985889734852483,0.9973994421433185,0.006200234165960803,0.9875676198385152,0.0663166547617208},fitness=net.sf.jclec.fitness.SimpleValueFitness@71cf1b07[value=31.645480180260893]]
Worst individual: net.sf.jclec.realarray.RealArrayIndividual@146587a2[genotype={0.9649570090123184,0.07174690747278231,1.0099933963005707,0.9519720408513735,0.700586587559939,1.0188273285508391,1.023410872662597,0.03456541606003277,0.09680756117153239,0.9753648616367426,0.9531586867459229,0.04793546882917788,0.989536340242774,1.8177486078263128,0.047601355235068366,0.9665504829125513,0.07384452227899993,0.020028338978212865,0.9983322645364693,0.036556720376162,1.9802715447843648,0.10129878471417139,0.9519457146065734,0.007754099942078969,1.0417273243660954,0.9976678339497568,0.9973994421433185,0.033731382094244824,0.9874877114487646,0.0663166547617208},fitness=net.sf.jclec.fitness.SimpleValueFitness@76884e4b[value=52.3115546642867]]
Median individual: net.sf.jclec.realarray.RealArrayIndividual@55dfebeb[genotype={0.9649570090123184,0.0,1.0099933963005707,0.9519720408513735,0.9648851992929723,1.0101819045274454,1.019889821470209,0.03456541606003277,0.07305219128283344,0.9753648616367426,0.9531586867459229,0.04793546882917788,0.9895406625860802,1.9906350948835152,0.047601355235068366,0.9623147920290132,0.07384452227899993,0.020028338978212865,0.9983322645364693,0.0838838254234694,1.9802715447843648,0.045787878741515006,0.9519457146065734,0.007725384445948417,1.0417273243660954,0.9985889734852483,0.9973214504947683,0.03367293926466663,0.9874877114487646,0.0663166547617208},fitness=net.sf.jclec.fitness.SimpleValueFitness@1cdc4c27[value=32.469205912695784]]
Average fitness = 34.22111355431441
Fitness variance = 6.797559784796704
Generation 160 Report
Best individual: net.sf.jclec.realarray.RealArrayIndividual@753432a2[genotype={0.9649498597271219,0.0,1.009543316617392,0.9623316751680601,0.9894391983255106,1.0101101188443993,1.023410872662597,0.018805605481265343,0.01972399182508998,0.9753648616367426,0.9531586867459229,0.027463406232002698,0.9895406625860802,1.9906350948835152,0.03727246286336574,0.9623147920290132,0.0,0.0,0.9901080981402729,0.036556720376162,1.9802715447843648,0.0,0.9520038165958743,0.007725384445948417,1.0418123739659226,0.9985889734852483,0.9973994421433185,0.006200234165960803,0.9875676198385152,0.0663166547617208},fitness=net.sf.jclec.fitness.SimpleValueFitness@4983159f[value=27.70433263295467]]
Worst individual: net.sf.jclec.realarray.RealArrayIndividual@615091b8[genotype={0.9649570090123184,0.0,1.069505108764886,0.9623316751680601,0.9894391983255106,1.0101101188443993,1.019889821470209,0.040412529551197215,0.01972399182508998,0.7144834615767548,0.9531586867459229,0.05864362005303997,0.9895406625860802,1.703046558101831,0.047601355235068366,0.9623147920290132,0.07384452227899993,0.020028338978212865,0.9902250044574107,0.036556720376162,1.9802715447843648,0.0,0.9519457146065734,0.007725384445948417,1.0418123739659226,1.0206457845252666,0.9973994421433185,0.006200234165960803,0.9874877114487646,0.06631684731951015},fitness=net.sf.jclec.fitness.SimpleValueFitness@4aa83f4f[value=54.41367929362217]]
Median individual: net.sf.jclec.realarray.RealArrayIndividual@dfddc9a[genotype={0.9649570090123184,0.0,1.009543316617392,0.9623316751680601,0.9648851992929723,1.0188273285508391,1.019889821470209,0.017810661485759775,0.01972399182508998,0.9753648616367426,0.9531586867459229,0.04793546882917788,0.9895406625860802,1.9906350948835152,0.047601355235068366,0.9665504829125513,0.0,0.0,0.9902250044574107,0.036556720376162,1.9802715447843648,0.0,0.9520038165958743,0.007725384445948417,1.0418123739659226,0.9985889734852483,0.9973994421433185,0.006200234165960803,0.9874591802993126,0.0663166547617208},fitness=net.sf.jclec.fitness.SimpleValueFitness@5e8ac0e1[value=28.323978514092012]]
Average fitness = 30.427220408608193
Fitness variance = 12.25542325108404
Generation 170 Report
Best individual: net.sf.jclec.realarray.RealArrayIndividual@630cb4a4[genotype={0.9649570090123184,0.0,0.0,0.9623316751680601,0.9648851992929723,1.0101101188443993,1.019889821470209,0.02439011410871426,0.0,0.0,0.9531586867459229,0.027463406232002698,0.9895406625860802,0.9181957944247958,0.0,0.9623147920290132,0.0,0.020028338978212865,0.9902250044574107,0.036556720376162,1.9802715447843648,0.0,0.0,0.007725384445948417,1.0417273243660954,0.9985889734852483,0.9973214504947683,0.006200234165960803,0.9874591802993126,0.06897904995278945},fitness=net.sf.jclec.fitness.SimpleValueFitness@f79a760[value=22.372626612605785]]
Worst individual: net.sf.jclec.realarray.RealArrayIndividual@478ee483[genotype={0.9649498597271219,0.0,1.0099933963005707,0.9623316751680601,1.0258190040397295,1.0101819045274454,1.019889821470209,0.018805605481265343,0.02691092224091738,0.9753648616367426,0.9531586867459229,0.027463406232002698,0.989536340242774,1.9906350948835152,0.047601355235068366,0.9665504829125513,0.0,0.020028338978212865,0.9901080981402729,0.036556720376162,1.9802715447843648,0.0,0.0,0.007725384445948417,1.0418123739659226,0.9985889734852483,1.3292492391570911,0.006200234165960803,0.9874877114487646,0.0663166547617208},fitness=net.sf.jclec.fitness.SimpleValueFitness@2974f221[value=42.309143470292526]]
Median individual: net.sf.jclec.realarray.RealArrayIndividual@6821ea29[genotype={0.9649570090123184,0.0,1.0099933963005707,0.9623316751680601,0.9894391983255106,1.0188273285508391,1.023410872662597,0.018805605481265343,0.020111479189372672,0.9753648616367426,0.9531586867459229,0.027463406232002698,0.9895406625860802,1.9906350948835152,0.047601355235068366,0.9665504829125513,0.0,0.020028338978212865,0.9902250044574107,0.0,1.9802715447843648,0.0,0.9520038165958743,0.007725384445948417,1.0418123739659226,0.9976678339497568,0.9973214504947683,0.006200234165960803,0.9874877114487646,0.0},fitness=net.sf.jclec.fitness.SimpleValueFitness@505a9d7c[value=26.852654610912815]]
Average fitness = 27.13481956668694
Fitness variance = 8.255849435977439
Generation 180 Report
Best individual: net.sf.jclec.realarray.RealArrayIndividual@180e6ac4[genotype={0.9649498597271219,0.0,0.0,0.9623316751680601,0.0,1.0101819045274454,1.023410872662597,0.0,0.0,0.0,0.0,0.030333300101146522,0.989536340242774,0.07454184807297848,0.0,0.9623147920290132,0.0,0.020028338978212865,0.9902250044574107,0.036556720376162,0.0,0.0,0.0,0.007725384445948417,1.0418123739659226,0.9985889734852483,0.9973994421433185,0.006200234165960803,0.9874591802993126,0.0},fitness=net.sf.jclec.fitness.SimpleValueFitness@7e985ce9[value=13.834722075975488]]
Worst individual: net.sf.jclec.realarray.RealArrayIndividual@650eab8[genotype={0.9649570090123184,0.0,1.0099933963005707,0.9623316751680601,0.9648851992929723,1.0188273285508391,1.023410872662597,0.017810661485759775,0.0,0.9753648616367426,0.0,0.04949448806860399,0.9895406625860802,0.07454184807297848,0.0,0.965822268715555,0.0,0.020028338978212865,0.9901080981402729,0.036556720376162,1.9802715447843648,0.0,0.0,0.007725384445948417,0.2942071101409053,0.9976678339497568,0.9973214504947683,0.018338110871091523,0.9874877114487646,0.0},fitness=net.sf.jclec.fitness.SimpleValueFitness@1e1d3956[value=32.962355250247846]]
Median individual: net.sf.jclec.realarray.RealArrayIndividual@3f1c5af9[genotype={0.9649498597271219,0.0,0.0,0.9623316751680601,0.0,1.0101819045274454,1.023410872662597,0.0,0.0,0.9753648616367426,0.0,0.027463406232002698,0.989536340242774,0.07454184807297848,0.0,0.9623147920290132,0.0,0.020028338978212865,0.9902250044574107,0.036556720376162,1.9802715447843648,0.0,0.0,0.007725384445948417,1.0418123739659226,0.9985889734852483,0.9973994421433185,0.006200234165960803,0.9874591802993126,0.0},fitness=net.sf.jclec.fitness.SimpleValueFitness@5ddabb18[value=18.871092093325966]]
Average fitness = 18.05676027493078
Fitness variance = 6.682743898446802
Generation 190 Report
Best individual: net.sf.jclec.realarray.RealArrayIndividual@2a39fe6a[genotype={0.9649498597271219,0.0,0.0,0.9623316751680601,0.0,1.0188273285508391,0.0,0.0,0.0,0.0,0.0,0.0,0.9895406625860802,0.07454184807297848,0.0,0.9665504829125513,0.0,0.020028338978212865,0.9902250044574107,0.036556720376162,0.0,0.0,0.0,0.007725384445948417,0.0,0.9985889734852483,0.9973994421433185,0.006200234165960803,0.9874591802993126,0.0},fitness=net.sf.jclec.fitness.SimpleValueFitness@319988b0[value=11.085034761950162]]
Worst individual: net.sf.jclec.realarray.RealArrayIndividual@7fcbe147[genotype={5.12,0.0,0.0,0.9623316751680601,0.0,1.0188273285508391,1.023410872662597,0.0,0.020111479189372672,0.0,0.0,0.030333300101146522,0.9895406625860802,0.07454184807297848,0.0,0.9623147920290132,0.0,0.020028338978212865,0.9902250044574107,0.036556720376162,0.0,0.0,0.0,0.007725384445948417,1.0418123739659226,0.0,0.9973214504947683,0.006200234165960803,0.9874591802993126,0.0},fitness=net.sf.jclec.fitness.SimpleValueFitness@743cb8e0[value=40.73624115084131]]
Median individual: net.sf.jclec.realarray.RealArrayIndividual@28a0fd6c[genotype={0.9649498597271219,0.0,0.0,0.9623316751680601,0.0,1.0101819045274454,1.023410872662597,0.0,0.0,0.0,0.0,0.027463406232002698,0.9895406625860802,0.07454184807297848,0.0,0.9665504829125513,0.0,0.020028338978212865,0.9902250044574107,0.036556720376162,0.0,0.0,0.0,0.007725384445948417,1.0418123739659226,0.9985889734852483,0.9973214504947683,0.0,0.9874877114487646,0.0},fitness=net.sf.jclec.fitness.SimpleValueFitness@66629f63[value=13.743391220475853]]
Average fitness = 13.761094963292981
Fitness variance = 19.20285527868043
Generation 200 Report
Best individual: net.sf.jclec.realarray.RealArrayIndividual@6cea706c[genotype={0.0,0.0,0.0,0.0,0.0,1.0188273285508391,0.0,0.0,0.0,0.0,0.0,0.0,0.989536340242774,0.0,0.0,0.0,0.0,0.020028338978212865,0.9902250044574107,0.036556720376162,0.0,0.0,0.0,0.007725384445948417,0.0,0.0,0.0,0.006200234165960803,0.0,0.0},fitness=net.sf.jclec.fitness.SimpleValueFitness@2f2bf0e2[value=3.470997344884209]]
Worst individual: net.sf.jclec.realarray.RealArrayIndividual@64da2a7[genotype={0.9649498597271219,0.0,0.0,0.0,0.0,1.0188273285508391,0.0,0.018805605481265343,0.0,0.0,0.0,0.0,0.989536340242774,0.0,0.0,5.12,0.0,0.020028338978212865,0.9902250044574107,0.036556720376162,0.0,0.0,0.0,0.007725384445948417,0.0,0.0,0.0,0.006200234165960803,0.9874877114487646,0.0},fitness=net.sf.jclec.fitness.SimpleValueFitness@d78795[value=34.64445899804608]]
Median individual: net.sf.jclec.realarray.RealArrayIndividual@7555b920[genotype={0.9649498597271219,0.0,0.0,0.0,0.0,1.0101819045274454,0.0,0.018805605481265343,0.01972399182508998,0.0,0.0,0.0,0.989536340242774,0.0,0.0,0.9623147920290132,0.0,0.020028338978212865,0.9902250044574107,0.036556720376162,0.0,0.0,0.0,0.007725384445948417,0.0,0.0,0.9973994421433185,0.006200234165960803,0.9874877114487646,0.0},fitness=net.sf.jclec.fitness.SimpleValueFitness@3591009c[value=7.931070531906631]]
Average fitness = 7.515520778600826
Fitness variance = 16.20782396542809
Generation 210 Report
Best individual: net.sf.jclec.realarray.RealArrayIndividual@58783f6c[genotype={0.0,0.0,0.0,0.0,0.0,0.0,0.0,0.0,0.0,0.0,0.0,0.0,0.0,0.0,0.0,0.0,0.0,0.0,0.0,0.0,0.0,0.0,0.0,0.007725384445948417,0.0,0.0,0.0,0.0,0.0,0.0},fitness=net.sf.jclec.fitness.SimpleValueFitness@512d92b[value=0.01183803737696465]]
Worst individual: net.sf.jclec.realarray.RealArrayIndividual@1051817b[genotype={0.0,0.0,0.0,0.0,0.0,0.0,0.0,0.0,0.0,0.0,0.0,0.027463406232002698,0.989536340242774,0.0,0.0,0.0,0.0,0.020028338978212865,0.0,0.036556720376162,0.0,0.0,0.0,0.007725384445948417,0.0,0.0,0.0,0.006200234165960803,5.12,0.0},fitness=net.sf.jclec.fitness.SimpleValueFitness@620aa4ea[value=30.43767964151773]]
Median individual: net.sf.jclec.realarray.RealArrayIndividual@5ea502e0[genotype={0.9649570090123184,0.0,0.0,0.0,0.0,0.0,0.0,0.018805605481265343,0.0,0.0,0.0,0.0,0.989536340242774,0.0,0.0,0.0,0.0,0.020028338978212865,0.0,0.0,0.0,0.0,0.0,0.007725384445948417,0.0,0.0,0.0,0.0,0.0,0.0},fitness=net.sf.jclec.fitness.SimpleValueFitness@473b3b7a[value=2.334746321800198]]
Average fitness = 2.2562088161178364
Fitness variance = 8.630638581734651
Generation 220 Report
Best individual: net.sf.jclec.realarray.RealArrayIndividual@28a2a3e7[genotype={0.0,0.0,0.0,0.0,0.0,0.0,0.0,0.0,0.0,0.0,0.0,0.0,0.0,0.0,0.0,0.0,0.0,0.0,0.0,0.0,0.0,0.0,0.0,0.0,0.0,0.0,0.0,0.0,0.0,0.0},fitness=net.sf.jclec.fitness.SimpleValueFitness@10b3df93[value=0.0]]
Worst individual: net.sf.jclec.realarray.RealArrayIndividual@51bde877[genotype={0.0,0.0,0.0,0.0,0.0,0.0,0.0,0.0,0.0,0.0,0.0,0.0,0.0,0.0,0.0,0.0,0.0,0.0,0.0,0.0,0.0,0.0,0.0,0.007725384445948417,0.0,0.0,0.0,0.006200234165960803,0.0,0.0},fitness=net.sf.jclec.fitness.SimpleValueFitness@492fc69e[value=0.019463845651426226]]
Median individual: net.sf.jclec.realarray.RealArrayIndividual@62577d6[genotype={0.0,0.0,0.0,0.0,0.0,0.0,0.0,0.0,0.0,0.0,0.0,0.0,0.0,0.0,0.0,0.0,0.0,0.0,0.0,0.0,0.0,0.0,0.0,0.0,0.0,0.0,0.0,0.0,0.0,0.0},fitness=net.sf.jclec.fitness.SimpleValueFitness@6b5f8707[value=0.0]]
Average fitness = 0.004753377743894553
Fitness variance = 3.291182336705275E-5
Generation 230 Report
Best individual: net.sf.jclec.realarray.RealArrayIndividual@5b43e173[genotype={0.0,0.0,0.0,0.0,0.0,0.0,0.0,0.0,0.0,0.0,0.0,0.0,0.0,0.0,0.0,0.0,0.0,0.0,0.0,0.0,0.0,0.0,0.0,0.0,0.0,0.0,0.0,0.0,0.0,0.0},fitness=net.sf.jclec.fitness.SimpleValueFitness@545f80bf[value=0.0]]
Worst individual: net.sf.jclec.realarray.RealArrayIndividual@5b43e173[genotype={0.0,0.0,0.0,0.0,0.0,0.0,0.0,0.0,0.0,0.0,0.0,0.0,0.0,0.0,0.0,0.0,0.0,0.0,0.0,0.0,0.0,0.0,0.0,0.0,0.0,0.0,0.0,0.0,0.0,0.0},fitness=net.sf.jclec.fitness.SimpleValueFitness@545f80bf[value=0.0]]
Median individual: net.sf.jclec.realarray.RealArrayIndividual@64d43929[genotype={0.0,0.0,0.0,0.0,0.0,0.0,0.0,0.0,0.0,0.0,0.0,0.0,0.0,0.0,0.0,0.0,0.0,0.0,0.0,0.0,0.0,0.0,0.0,0.0,0.0,0.0,0.0,0.0,0.0,0.0},fitness=net.sf.jclec.fitness.SimpleValueFitness@437ebf59[value=0.0]]
Average fitness = 0.0
Fitness variance = 0.0
Generation 240 Report
Best individual: net.sf.jclec.realarray.RealArrayIndividual@1059754c[genotype={0.0,0.0,0.0,0.0,0.0,0.0,0.0,0.0,0.0,0.0,0.0,0.0,0.0,0.0,0.0,0.0,0.0,0.0,0.0,0.0,0.0,0.0,0.0,0.0,0.0,0.0,0.0,0.0,0.0,0.0},fitness=net.sf.jclec.fitness.SimpleValueFitness@48e7b3d2[value=0.0]]
Worst individual: net.sf.jclec.realarray.RealArrayIndividual@1059754c[genotype={0.0,0.0,0.0,0.0,0.0,0.0,0.0,0.0,0.0,0.0,0.0,0.0,0.0,0.0,0.0,0.0,0.0,0.0,0.0,0.0,0.0,0.0,0.0,0.0,0.0,0.0,0.0,0.0,0.0,0.0},fitness=net.sf.jclec.fitness.SimpleValueFitness@48e7b3d2[value=0.0]]
Median individual: net.sf.jclec.realarray.RealArrayIndividual@701a32[genotype={0.0,0.0,0.0,0.0,0.0,0.0,0.0,0.0,0.0,0.0,0.0,0.0,0.0,0.0,0.0,0.0,0.0,0.0,0.0,0.0,0.0,0.0,0.0,0.0,0.0,0.0,0.0,0.0,0.0,0.0},fitness=net.sf.jclec.fitness.SimpleValueFitness@73aff8f1[value=0.0]]
Average fitness = 0.0
Fitness variance = 0.0
Generation 250 Report
Best individual: net.sf.jclec.realarray.RealArrayIndividual@464a4442[genotype={0.0,0.0,0.0,0.0,0.0,0.0,0.0,0.0,0.0,0.0,0.0,0.0,0.0,0.0,0.0,0.0,0.0,0.0,0.0,0.0,0.0,0.0,0.0,0.0,0.0,0.0,0.0,0.0,0.0,0.0},fitness=net.sf.jclec.fitness.SimpleValueFitness@3bc735b3[value=0.0]]
Worst individual: net.sf.jclec.realarray.RealArrayIndividual@464a4442[genotype={0.0,0.0,0.0,0.0,0.0,0.0,0.0,0.0,0.0,0.0,0.0,0.0,0.0,0.0,0.0,0.0,0.0,0.0,0.0,0.0,0.0,0.0,0.0,0.0,0.0,0.0,0.0,0.0,0.0,0.0},fitness=net.sf.jclec.fitness.SimpleValueFitness@3bc735b3[value=0.0]]
Median individual: net.sf.jclec.realarray.RealArrayIndividual@17ae7628[genotype={0.0,0.0,0.0,0.0,0.0,0.0,0.0,0.0,0.0,0.0,0.0,0.0,0.0,0.0,0.0,0.0,0.0,0.0,0.0,0.0,0.0,0.0,0.0,0.0,0.0,0.0,0.0,0.0,0.0,0.0},fitness=net.sf.jclec.fitness.SimpleValueFitness@6579c3d9[value=0.0]]
Average fitness = 0.0
Fitness variance = 0.0
Generation 260 Report
Best individual: net.sf.jclec.realarray.RealArrayIndividual@1ddd3478[genotype={0.0,0.0,0.0,0.0,0.0,0.0,0.0,0.0,0.0,0.0,0.0,0.0,0.0,0.0,0.0,0.0,0.0,0.0,0.0,0.0,0.0,0.0,0.0,0.0,0.0,0.0,0.0,0.0,0.0,0.0},fitness=net.sf.jclec.fitness.SimpleValueFitness@4d33940d[value=0.0]]
Worst individual: net.sf.jclec.realarray.RealArrayIndividual@1ddd3478[genotype={0.0,0.0,0.0,0.0,0.0,0.0,0.0,0.0,0.0,0.0,0.0,0.0,0.0,0.0,0.0,0.0,0.0,0.0,0.0,0.0,0.0,0.0,0.0,0.0,0.0,0.0,0.0,0.0,0.0,0.0},fitness=net.sf.jclec.fitness.SimpleValueFitness@4d33940d[value=0.0]]
Median individual: net.sf.jclec.realarray.RealArrayIndividual@a7f0ab6[genotype={0.0,0.0,0.0,0.0,0.0,0.0,0.0,0.0,0.0,0.0,0.0,0.0,0.0,0.0,0.0,0.0,0.0,0.0,0.0,0.0,0.0,0.0,0.0,0.0,0.0,0.0,0.0,0.0,0.0,0.0},fitness=net.sf.jclec.fitness.SimpleValueFitness@42c2f48c[value=0.0]]
Average fitness = 0.0
Fitness variance = 0.0
Generation 270 Report
Best individual: net.sf.jclec.realarray.RealArrayIndividual@393881f0[genotype={0.0,0.0,0.0,0.0,0.0,0.0,0.0,0.0,0.0,0.0,0.0,0.0,0.0,0.0,0.0,0.0,0.0,0.0,0.0,0.0,0.0,0.0,0.0,0.0,0.0,0.0,0.0,0.0,0.0,0.0},fitness=net.sf.jclec.fitness.SimpleValueFitness@4158debd[value=0.0]]
Worst individual: net.sf.jclec.realarray.RealArrayIndividual@393881f0[genotype={0.0,0.0,0.0,0.0,0.0,0.0,0.0,0.0,0.0,0.0,0.0,0.0,0.0,0.0,0.0,0.0,0.0,0.0,0.0,0.0,0.0,0.0,0.0,0.0,0.0,0.0,0.0,0.0,0.0,0.0},fitness=net.sf.jclec.fitness.SimpleValueFitness@4158debd[value=0.0]]
Median individual: net.sf.jclec.realarray.RealArrayIndividual@2b8bd14b[genotype={0.0,0.0,0.0,0.0,0.0,0.0,0.0,0.0,0.0,0.0,0.0,0.0,0.0,0.0,0.0,0.0,0.0,0.0,0.0,0.0,0.0,0.0,0.0,0.0,0.0,0.0,0.0,0.0,0.0,0.0},fitness=net.sf.jclec.fitness.SimpleValueFitness@5f303ecd[value=0.0]]
Average fitness = 0.0
Fitness variance = 0.0
Generation 280 Report
Best individual: net.sf.jclec.realarray.RealArrayIndividual@336365bc[genotype={0.0,0.0,0.0,0.0,0.0,0.0,0.0,0.0,0.0,0.0,0.0,0.0,0.0,0.0,0.0,0.0,0.0,0.0,0.0,0.0,0.0,0.0,0.0,0.0,0.0,0.0,0.0,0.0,0.0,0.0},fitness=net.sf.jclec.fitness.SimpleValueFitness@4567e53d[value=0.0]]
Worst individual: net.sf.jclec.realarray.RealArrayIndividual@562457e1[genotype={0.0,0.0,0.0,0.0,0.0,0.0,0.0,0.0,0.0,0.0,0.0,0.0,0.0,0.0,0.0,0.0,0.0,0.0,0.0,0.0,5.12,0.0,0.0,0.0,0.0,0.0,0.0,0.0,0.0,0.0},fitness=net.sf.jclec.fitness.SimpleValueFitness@1a35993f[value=28.924713725785896]]
Median individual: net.sf.jclec.realarray.RealArrayIndividual@3350ebdd[genotype={0.0,0.0,0.0,0.0,0.0,0.0,0.0,0.0,0.0,0.0,0.0,0.0,0.0,0.0,0.0,0.0,0.0,0.0,0.0,0.0,0.0,0.0,0.0,0.0,0.0,0.0,0.0,0.0,0.0,0.0},fitness=net.sf.jclec.fitness.SimpleValueFitness@149f5761[value=0.0]]
Average fitness = 0.5784942745157179
Fitness variance = 16.39812565672587
Generation 290 Report
Best individual: net.sf.jclec.realarray.RealArrayIndividual@191a709b[genotype={0.0,0.0,0.0,0.0,0.0,0.0,0.0,0.0,0.0,0.0,0.0,0.0,0.0,0.0,0.0,0.0,0.0,0.0,0.0,0.0,0.0,0.0,0.0,0.0,0.0,0.0,0.0,0.0,0.0,0.0},fitness=net.sf.jclec.fitness.SimpleValueFitness@453d496b[value=0.0]]
Worst individual: net.sf.jclec.realarray.RealArrayIndividual@4b54af3d[genotype={0.0,0.0,5.12,0.0,0.0,0.0,0.0,0.0,0.0,0.0,0.0,0.0,0.0,0.0,0.0,0.0,5.12,0.0,0.0,0.0,0.0,0.0,0.0,0.0,0.0,0.0,0.0,0.0,0.0,0.0},fitness=net.sf.jclec.fitness.SimpleValueFitness@203c20cf[value=57.84942745157179]]
Median individual: net.sf.jclec.realarray.RealArrayIndividual@4682eba5[genotype={0.0,0.0,0.0,0.0,0.0,0.0,0.0,0.0,0.0,0.0,0.0,0.0,0.0,0.0,0.0,0.0,0.0,0.0,0.0,0.0,0.0,0.0,0.0,0.0,0.0,0.0,0.0,0.0,0.0,0.0},fitness=net.sf.jclec.fitness.SimpleValueFitness@61fafb74[value=0.0]]
Average fitness = 1.1569885490314358
Fitness variance = 48.85972134453016
Generation 300 Report
Best individual: net.sf.jclec.realarray.RealArrayIndividual@21f8e55f[genotype={0.0,0.0,0.0,0.0,0.0,0.0,0.0,0.0,0.0,0.0,0.0,0.0,0.0,0.0,0.0,0.0,0.0,0.0,0.0,0.0,0.0,0.0,0.0,0.0,0.0,0.0,0.0,0.0,0.0,0.0},fitness=net.sf.jclec.fitness.SimpleValueFitness@7048535f[value=0.0]]
Worst individual: net.sf.jclec.realarray.RealArrayIndividual@309028af[genotype={0.0,0.0,0.0,0.0,0.0,0.0,0.0,0.0,5.12,0.0,0.0,0.0,0.0,0.0,0.0,0.0,0.0,0.0,0.0,0.0,0.0,0.0,0.0,0.0,0.0,0.0,0.0,0.0,0.0,0.0},fitness=net.sf.jclec.fitness.SimpleValueFitness@70101687[value=28.924713725785896]]
Median individual: net.sf.jclec.realarray.RealArrayIndividual@661c46bc[genotype={0.0,0.0,0.0,0.0,0.0,0.0,0.0,0.0,0.0,0.0,0.0,0.0,0.0,0.0,0.0,0.0,0.0,0.0,0.0,0.0,0.0,0.0,0.0,0.0,0.0,0.0,0.0,0.0,0.0,0.0},fitness=net.sf.jclec.fitness.SimpleValueFitness@2b98b3bb[value=0.0]]
Average fitness = 2.3139770980628716
Fitness variance = 61.5766351191339
Generation 310 Report
Best individual: net.sf.jclec.realarray.RealArrayIndividual@25da615a[genotype={0.0,0.0,0.0,0.0,0.0,0.0,0.0,0.0,0.0,0.0,0.0,0.0,0.0,0.0,0.0,0.0,0.0,0.0,0.0,0.0,0.0,0.0,0.0,0.0,0.0,0.0,0.0,0.0,0.0,0.0},fitness=net.sf.jclec.fitness.SimpleValueFitness@7ee3d262[value=0.0]]
Worst individual: net.sf.jclec.realarray.RealArrayIndividual@3a5c2626[genotype={0.0,0.0,0.0,0.0,0.0,5.12,0.0,0.0,0.0,0.0,0.0,0.0,0.0,0.0,0.0,0.0,0.0,0.0,0.0,0.0,0.0,0.0,0.0,0.0,0.0,0.0,0.0,0.0,0.0,0.0},fitness=net.sf.jclec.fitness.SimpleValueFitness@7fb33394[value=28.924713725785896]]
Median individual: net.sf.jclec.realarray.RealArrayIndividual@4b1a43d8[genotype={0.0,0.0,0.0,0.0,0.0,0.0,0.0,0.0,0.0,0.0,0.0,0.0,0.0,0.0,0.0,0.0,0.0,0.0,0.0,0.0,0.0,0.0,0.0,0.0,0.0,0.0,0.0,0.0,0.0,0.0},fitness=net.sf.jclec.fitness.SimpleValueFitness@73545b80[value=0.0]]
Average fitness = 0.8677414117735769
Fitness variance = 24.346196765853207
Generation 320 Report
Best individual: net.sf.jclec.realarray.RealArrayIndividual@4096aa05[genotype={0.0,0.0,0.0,0.0,0.0,0.0,0.0,0.0,0.0,0.0,0.0,0.0,0.0,0.0,0.0,0.0,0.0,0.0,0.0,0.0,0.0,0.0,0.0,0.0,0.0,0.0,0.0,0.0,0.0,0.0},fitness=net.sf.jclec.fitness.SimpleValueFitness@6c806c8b[value=0.0]]
Worst individual: net.sf.jclec.realarray.RealArrayIndividual@5c60b0a0[genotype={5.12,0.0,0.0,0.0,0.0,0.0,0.0,5.12,0.0,0.0,0.0,0.0,0.0,0.0,0.0,0.0,0.0,0.0,5.12,0.0,0.0,0.0,0.0,0.0,0.0,0.0,0.0,0.0,0.0,0.0},fitness=net.sf.jclec.fitness.SimpleValueFitness@702c436b[value=86.77414117735769]]
Median individual: net.sf.jclec.realarray.RealArrayIndividual@715d6168[genotype={0.0,0.0,0.0,0.0,0.0,0.0,0.0,0.0,0.0,0.0,0.0,5.12,0.0,0.0,0.0,0.0,0.0,0.0,0.0,0.0,0.0,0.0,0.0,0.0,0.0,0.0,0.0,0.0,0.0,0.0},fitness=net.sf.jclec.fitness.SimpleValueFitness@6428591a[value=28.924713725785896]]
Average fitness = 3.4709656470943084
Fitness variance = 172.0129915827979
Generation 330 Report
Best individual: net.sf.jclec.realarray.RealArrayIndividual@2eadc9f6[genotype={0.0,0.0,0.0,0.0,0.0,0.0,0.0,0.0,0.0,0.0,0.0,0.0,0.0,0.0,0.0,0.0,0.0,0.0,0.0,0.0,0.0,0.0,0.0,0.0,0.0,0.0,0.0,0.0,0.0,0.0},fitness=net.sf.jclec.fitness.SimpleValueFitness@61af1510[value=0.0]]
Worst individual: net.sf.jclec.realarray.RealArrayIndividual@ef1695a[genotype={0.0,0.0,0.0,0.0,0.0,0.0,0.0,0.0,5.12,0.0,0.0,0.0,0.0,0.0,0.0,0.0,0.0,0.0,0.0,0.0,0.0,0.0,0.0,0.0,5.12,0.0,0.0,0.0,0.0,0.0},fitness=net.sf.jclec.fitness.SimpleValueFitness@81b5db0[value=57.84942745157179]]
Median individual: net.sf.jclec.realarray.RealArrayIndividual@6c15e8c7[genotype={0.0,0.0,0.0,0.0,0.0,0.0,0.0,0.0,0.0,0.0,0.0,0.0,0.0,0.0,0.0,0.0,0.0,0.0,0.0,0.0,0.0,0.0,0.0,0.0,0.0,0.0,0.0,0.0,0.0,0.0},fitness=net.sf.jclec.fitness.SimpleValueFitness@64f1fd08[value=0.0]]
Average fitness = 2.6032242353207304
Fitness variance = 85.25352063369216
Generation 340 Report
Best individual: net.sf.jclec.realarray.RealArrayIndividual@3f702946[genotype={0.0,0.0,0.0,0.0,0.0,0.0,0.0,0.0,0.0,0.0,0.0,0.0,0.0,0.0,0.0,0.0,0.0,0.0,0.0,0.0,0.0,0.0,0.0,0.0,0.0,0.0,0.0,0.0,0.0,0.0},fitness=net.sf.jclec.fitness.SimpleValueFitness@1000d54d[value=0.0]]
Worst individual: net.sf.jclec.realarray.RealArrayIndividual@3f4f5330[genotype={0.0,0.0,0.0,0.0,0.0,0.0,0.0,5.12,0.0,0.0,0.0,0.0,0.0,0.0,0.0,0.0,5.12,0.0,0.0,0.0,0.0,0.0,0.0,0.0,0.0,0.0,0.0,0.0,0.0,0.0},fitness=net.sf.jclec.fitness.SimpleValueFitness@750ff7d3[value=57.84942745157179]]
Median individual: net.sf.jclec.realarray.RealArrayIndividual@5b22d8a1[genotype={0.0,0.0,0.0,0.0,0.0,0.0,0.0,0.0,0.0,0.0,0.0,0.0,0.0,0.0,0.0,0.0,0.0,0.0,0.0,0.0,0.0,0.0,0.0,0.0,0.0,0.0,0.0,0.0,0.0,0.0},fitness=net.sf.jclec.fitness.SimpleValueFitness@59ed3e6c[value=0.0]]
Average fitness = 2.3139770980628716
Fitness variance = 95.04219768388057
Generation 350 Report
Best individual: net.sf.jclec.realarray.RealArrayIndividual@59f93db8[genotype={0.0,0.0,0.0,0.0,0.0,0.0,0.0,0.0,0.0,0.0,0.0,0.0,0.0,0.0,0.0,0.0,0.0,0.0,0.0,0.0,0.0,0.0,0.0,0.0,0.0,0.0,0.0,0.0,0.0,0.0},fitness=net.sf.jclec.fitness.SimpleValueFitness@73c9e8e8[value=0.0]]
Worst individual: net.sf.jclec.realarray.RealArrayIndividual@de8039f[genotype={0.0,0.0,0.0,0.0,0.0,0.0,0.0,0.0,0.0,0.0,0.0,5.12,0.0,0.0,0.0,0.0,0.0,0.0,5.12,0.0,0.0,0.0,0.0,0.0,5.12,0.0,0.0,0.0,0.0,0.0},fitness=net.sf.jclec.fitness.SimpleValueFitness@582a764a[value=86.77414117735769]]
Median individual: net.sf.jclec.realarray.RealArrayIndividual@a66e580[genotype={0.0,0.0,0.0,0.0,0.0,0.0,0.0,0.0,0.0,0.0,0.0,0.0,0.0,0.0,0.0,0.0,0.0,0.0,0.0,0.0,0.0,0.0,0.0,0.0,0.0,0.0,0.0,0.0,0.0,0.0},fitness=net.sf.jclec.fitness.SimpleValueFitness@cdb2d95[value=0.0]]
Average fitness = 4.338707058867886
Fitness variance = 190.3353870869967
Generation 360 Report
Best individual: net.sf.jclec.realarray.RealArrayIndividual@5a6fa56e[genotype={0.0,0.0,0.0,0.0,0.0,0.0,0.0,0.0,0.0,0.0,0.0,0.0,0.0,0.0,0.0,0.0,0.0,0.0,0.0,0.0,0.0,0.0,0.0,0.0,0.0,0.0,0.0,0.0,0.0,0.0},fitness=net.sf.jclec.fitness.SimpleValueFitness@118ffcfd[value=0.0]]
Worst individual: net.sf.jclec.realarray.RealArrayIndividual@7d44a19[genotype={0.0,0.0,0.0,0.0,0.0,0.0,0.0,0.0,0.0,0.0,0.0,0.0,0.0,0.0,5.12,0.0,0.0,0.0,0.0,0.0,5.12,0.0,0.0,0.0,0.0,5.12,5.12,0.0,0.0,0.0},fitness=net.sf.jclec.fitness.SimpleValueFitness@1716e8c5[value=115.69885490314358]]
Median individual: net.sf.jclec.realarray.RealArrayIndividual@74ea46e2[genotype={0.0,0.0,0.0,0.0,0.0,0.0,0.0,0.0,0.0,0.0,0.0,0.0,0.0,0.0,0.0,0.0,0.0,0.0,0.0,0.0,0.0,0.0,0.0,0.0,0.0,0.0,0.0,0.0,0.0,0.0},fitness=net.sf.jclec.fitness.SimpleValueFitness@f1d0004[value=0.0]]
Average fitness = 5.49569560789932
Fitness variance = 279.3537835092229
Generation 370 Report
Best individual: net.sf.jclec.realarray.RealArrayIndividual@75181b50[genotype={0.0,0.0,0.0,0.0,0.0,0.0,0.0,0.0,0.0,0.0,0.0,0.0,0.0,0.0,0.0,0.0,0.0,0.0,0.0,0.0,0.0,0.0,0.0,0.0,0.0,0.0,0.0,0.0,0.0,0.0},fitness=net.sf.jclec.fitness.SimpleValueFitness@5f254608[value=0.0]]
Worst individual: net.sf.jclec.realarray.RealArrayIndividual@2da3b078[genotype={0.0,0.0,0.0,0.0,0.0,0.0,0.0,5.12,0.0,0.0,0.0,0.0,0.0,0.0,0.0,0.0,0.0,0.0,0.0,0.0,0.0,0.0,0.0,0.0,0.0,5.12,0.0,0.0,0.0,0.0},fitness=net.sf.jclec.fitness.SimpleValueFitness@7fb66650[value=57.84942745157179]]
Median individual: net.sf.jclec.realarray.RealArrayIndividual@5ad5be4a[genotype={0.0,0.0,0.0,0.0,0.0,0.0,0.0,0.0,0.0,0.0,0.0,0.0,0.0,0.0,0.0,0.0,0.0,0.0,0.0,0.0,0.0,0.0,0.0,0.0,0.0,0.0,0.0,0.0,0.0,0.0},fitness=net.sf.jclec.fitness.SimpleValueFitness@737d100a[value=0.0]]
Average fitness = 4.917201333383603
Fitness variance = 201.7136783590106
Generation 380 Report
Best individual: net.sf.jclec.realarray.RealArrayIndividual@1a6dc589[genotype={0.0,0.0,0.0,0.0,0.0,0.0,0.0,0.0,0.0,0.0,0.0,0.0,0.0,0.0,0.0,0.0,0.0,0.0,0.0,0.0,0.0,0.0,0.0,0.0,0.0,0.0,0.0,0.0,0.0,0.0},fitness=net.sf.jclec.fitness.SimpleValueFitness@70211df5[value=0.0]]
Worst individual: net.sf.jclec.realarray.RealArrayIndividual@4c5228e7[genotype={0.0,0.0,0.0,0.0,0.0,0.0,0.0,0.0,0.0,5.12,0.0,0.0,0.0,0.0,0.0,0.0,0.0,0.0,0.0,0.0,0.0,0.0,0.0,0.0,0.0,0.0,0.0,0.0,0.0,0.0},fitness=net.sf.jclec.fitness.SimpleValueFitness@806996[value=28.924713725785896]]
Median individual: net.sf.jclec.realarray.RealArrayIndividual@59ce792e[genotype={0.0,0.0,0.0,0.0,0.0,0.0,0.0,0.0,0.0,0.0,0.0,0.0,0.0,0.0,0.0,0.0,0.0,0.0,0.0,0.0,0.0,0.0,0.0,0.0,0.0,0.0,0.0,0.0,0.0,0.0},fitness=net.sf.jclec.fitness.SimpleValueFitness@404db674[value=0.0]]
Average fitness = 2.3139770980628716
Fitness variance = 61.5766351191339
Generation 390 Report
Best individual: net.sf.jclec.realarray.RealArrayIndividual@596a7f44[genotype={0.0,0.0,0.0,0.0,0.0,0.0,0.0,0.0,0.0,0.0,0.0,0.0,0.0,0.0,0.0,0.0,0.0,0.0,0.0,0.0,0.0,0.0,0.0,0.0,0.0,0.0,0.0,0.0,0.0,0.0},fitness=net.sf.jclec.fitness.SimpleValueFitness@2e09c51[value=0.0]]
Worst individual: net.sf.jclec.realarray.RealArrayIndividual@414f13fc[genotype={0.0,0.0,0.0,0.0,0.0,5.12,0.0,0.0,0.0,0.0,0.0,0.0,0.0,0.0,5.12,0.0,0.0,0.0,0.0,0.0,0.0,0.0,0.0,0.0,0.0,0.0,0.0,0.0,0.0,0.0},fitness=net.sf.jclec.fitness.SimpleValueFitness@63a28987[value=57.84942745157179]]
Median individual: net.sf.jclec.realarray.RealArrayIndividual@38f77cd9[genotype={0.0,0.0,0.0,0.0,0.0,0.0,0.0,0.0,0.0,0.0,0.0,0.0,0.0,0.0,0.0,0.0,0.0,0.0,0.0,0.0,0.0,0.0,0.0,0.0,0.0,0.0,0.0,0.0,0.0,0.0},fitness=net.sf.jclec.fitness.SimpleValueFitness@6fbb4061[value=0.0]]
Average fitness = 3.4709656470943084
Fitness variance = 121.8146477356779
Generation 400 Report
Best individual: net.sf.jclec.realarray.RealArrayIndividual@3003827c[genotype={0.0,0.0,0.0,0.0,0.0,0.0,0.0,0.0,0.0,0.0,0.0,0.0,0.0,0.0,0.0,0.0,0.0,0.0,0.0,0.0,0.0,0.0,0.0,0.0,0.0,0.0,0.0,0.0,0.0,0.0},fitness=net.sf.jclec.fitness.SimpleValueFitness@7d247660[value=0.0]]
Worst individual: net.sf.jclec.realarray.RealArrayIndividual@47ac613b[genotype={0.0,0.0,0.0,0.0,0.0,5.12,0.0,0.0,0.0,0.0,0.0,0.0,0.0,0.0,0.0,5.12,5.12,0.0,0.0,0.0,0.0,0.0,0.0,0.0,0.0,0.0,0.0,0.0,0.0,0.0},fitness=net.sf.jclec.fitness.SimpleValueFitness@66f28a1f[value=86.77414117735769]]
Median individual: net.sf.jclec.realarray.RealArrayIndividual@2e766822[genotype={0.0,0.0,0.0,0.0,0.0,0.0,0.0,0.0,0.0,0.0,0.0,0.0,0.0,0.0,0.0,0.0,0.0,0.0,0.0,0.0,0.0,0.0,0.0,0.0,0.0,0.0,0.0,0.0,0.0,0.0},fitness=net.sf.jclec.fitness.SimpleValueFitness@28757abd[value=0.0]]
Average fitness = 5.495695607899321
Fitness variance = 229.15543966210285
Generation 410 Report
Best individual: net.sf.jclec.realarray.RealArrayIndividual@53c1179a[genotype={0.0,0.0,0.0,0.0,0.0,0.0,0.0,0.0,0.0,0.0,0.0,0.0,0.0,0.0,0.0,0.0,0.0,0.0,0.0,0.0,0.0,0.0,0.0,0.0,0.0,0.0,0.0,0.0,0.0,0.0},fitness=net.sf.jclec.fitness.SimpleValueFitness@5034f5dd[value=0.0]]
Worst individual: net.sf.jclec.realarray.RealArrayIndividual@7f2d31af[genotype={0.0,0.0,0.0,0.0,0.0,0.0,0.0,0.0,0.0,0.0,0.0,0.0,0.0,0.0,0.0,0.0,0.0,0.0,5.12,0.0,0.0,0.0,0.0,0.0,0.0,0.0,5.12,0.0,0.0,0.0},fitness=net.sf.jclec.fitness.SimpleValueFitness@2a43e0ac[value=57.84942745157179]]
Median individual: net.sf.jclec.realarray.RealArrayIndividual@1756f7cc[genotype={0.0,0.0,0.0,0.0,0.0,0.0,0.0,0.0,0.0,0.0,0.0,0.0,0.0,0.0,0.0,0.0,0.0,0.0,0.0,0.0,0.0,0.0,0.0,0.0,0.0,0.0,0.0,0.0,0.0,0.0},fitness=net.sf.jclec.fitness.SimpleValueFitness@27df95e[value=0.0]]
Average fitness = 3.181718509836449
Fitness variance = 98.63974565959082
Generation 420 Report
Best individual: net.sf.jclec.realarray.RealArrayIndividual@65fe2691[genotype={0.0,0.0,0.0,0.0,0.0,0.0,0.0,0.0,0.0,0.0,0.0,0.0,0.0,0.0,0.0,0.0,0.0,0.0,0.0,0.0,0.0,0.0,0.0,0.0,0.0,0.0,0.0,0.0,0.0,0.0},fitness=net.sf.jclec.fitness.SimpleValueFitness@57ad1178[value=0.0]]
Worst individual: net.sf.jclec.realarray.RealArrayIndividual@7c37f145[genotype={0.0,0.0,0.0,0.0,0.0,0.0,0.0,0.0,5.12,0.0,0.0,0.0,0.0,5.12,0.0,0.0,0.0,0.0,0.0,0.0,0.0,0.0,0.0,0.0,0.0,0.0,0.0,0.0,0.0,0.0},fitness=net.sf.jclec.fitness.SimpleValueFitness@273a5a8a[value=57.84942745157179]]
Median individual: net.sf.jclec.realarray.RealArrayIndividual@5a545b0f[genotype={0.0,0.0,0.0,0.0,0.0,0.0,0.0,0.0,0.0,0.0,0.0,0.0,0.0,0.0,0.0,0.0,0.0,0.0,0.0,0.0,0.0,0.0,0.0,0.0,0.0,0.0,0.0,0.0,0.0,0.0},fitness=net.sf.jclec.fitness.SimpleValueFitness@124dac75[value=0.0]]
Average fitness = 5.49569560789932
Fitness variance = 212.42265837972954
Generation 430 Report
Best individual: net.sf.jclec.realarray.RealArrayIndividual@cedee22[genotype={0.0,0.0,0.0,0.0,0.0,0.0,0.0,0.0,0.0,0.0,0.0,0.0,0.0,0.0,0.0,0.0,0.0,0.0,0.0,0.0,0.0,0.0,0.0,0.0,0.0,0.0,0.0,0.0,0.0,0.0},fitness=net.sf.jclec.fitness.SimpleValueFitness@5b47731f[value=0.0]]
Worst individual: net.sf.jclec.realarray.RealArrayIndividual@70721c12[genotype={0.0,0.0,0.0,0.0,0.0,0.0,0.0,5.12,0.0,0.0,0.0,0.0,0.0,0.0,5.12,0.0,0.0,0.0,0.0,0.0,0.0,0.0,0.0,0.0,0.0,0.0,0.0,0.0,0.0,5.12},fitness=net.sf.jclec.fitness.SimpleValueFitness@101ca8da[value=86.77414117735769]]
Median individual: net.sf.jclec.realarray.RealArrayIndividual@47f04e4d[genotype={0.0,0.0,0.0,0.0,0.0,0.0,0.0,0.0,0.0,0.0,0.0,0.0,0.0,0.0,0.0,0.0,0.0,0.0,0.0,0.0,0.0,0.0,0.0,0.0,0.0,0.0,0.0,0.0,0.0,0.0},fitness=net.sf.jclec.fitness.SimpleValueFitness@388d14e[value=0.0]]
Average fitness = 3.181718509836449
Fitness variance = 148.83808950671084
Generation 440 Report
Best individual: net.sf.jclec.realarray.RealArrayIndividual@1e84f3c8[genotype={0.0,0.0,0.0,0.0,0.0,0.0,0.0,0.0,0.0,0.0,0.0,0.0,0.0,0.0,0.0,0.0,0.0,0.0,0.0,0.0,0.0,0.0,0.0,0.0,0.0,0.0,0.0,0.0,0.0,0.0},fitness=net.sf.jclec.fitness.SimpleValueFitness@7b2ccba5[value=0.0]]
Worst individual: net.sf.jclec.realarray.RealArrayIndividual@64f9f455[genotype={0.0,0.0,0.0,5.12,5.12,0.0,0.0,0.0,0.0,0.0,0.0,0.0,0.0,0.0,0.0,0.0,0.0,0.0,5.12,0.0,0.0,0.0,0.0,0.0,0.0,0.0,0.0,0.0,0.0,0.0},fitness=net.sf.jclec.fitness.SimpleValueFitness@4dc7cd1c[value=86.77414117735769]]
Median individual: net.sf.jclec.realarray.RealArrayIndividual@e09f1b6[genotype={0.0,0.0,0.0,0.0,0.0,0.0,0.0,0.0,0.0,0.0,0.0,0.0,0.0,0.0,0.0,0.0,0.0,0.0,0.0,0.0,0.0,0.0,0.0,0.0,0.0,0.0,0.0,0.0,0.0,0.0},fitness=net.sf.jclec.fitness.SimpleValueFitness@11b32a14[value=0.0]]
Average fitness = 5.495695607899322
Fitness variance = 262.6210022268495
Generation 450 Report
Best individual: net.sf.jclec.realarray.RealArrayIndividual@2693c618[genotype={0.0,0.0,0.0,0.0,0.0,0.0,0.0,0.0,0.0,0.0,0.0,0.0,0.0,0.0,0.0,0.0,0.0,0.0,0.0,0.0,0.0,0.0,0.0,0.0,0.0,0.0,0.0,0.0,0.0,0.0},fitness=net.sf.jclec.fitness.SimpleValueFitness@7ccfdaef[value=0.0]]
Worst individual: net.sf.jclec.realarray.RealArrayIndividual@33e434c8[genotype={0.0,5.12,5.12,0.0,0.0,0.0,0.0,0.0,0.0,0.0,0.0,0.0,0.0,0.0,0.0,5.12,0.0,0.0,0.0,0.0,0.0,0.0,0.0,0.0,0.0,0.0,0.0,0.0,0.0,0.0},fitness=net.sf.jclec.fitness.SimpleValueFitness@664212ab[value=86.77414117735769]]
Median individual: net.sf.jclec.realarray.RealArrayIndividual@306c7bf6[genotype={0.0,0.0,0.0,0.0,0.0,0.0,0.0,0.0,0.0,0.0,0.0,0.0,0.0,0.0,0.0,0.0,0.0,0.0,0.0,0.0,0.0,0.0,0.0,0.0,0.0,0.0,0.0,0.0,0.0,0.0},fitness=net.sf.jclec.fitness.SimpleValueFitness@494c8f29[value=0.0]]
Average fitness = 6.941931294188615
Fitness variance = 336.66355940135156
Generation 460 Report
Best individual: net.sf.jclec.realarray.RealArrayIndividual@1a538ed8[genotype={0.0,0.0,0.0,0.0,0.0,0.0,0.0,0.0,0.0,0.0,0.0,0.0,0.0,0.0,0.0,0.0,0.0,0.0,0.0,0.0,0.0,0.0,0.0,0.0,0.0,0.0,0.0,0.0,0.0,0.0},fitness=net.sf.jclec.fitness.SimpleValueFitness@39dec536[value=0.0]]
Worst individual: net.sf.jclec.realarray.RealArrayIndividual@31973858[genotype={0.0,5.12,0.0,0.0,0.0,0.0,0.0,0.0,0.0,0.0,0.0,0.0,0.0,5.12,0.0,0.0,0.0,0.0,0.0,0.0,0.0,0.0,0.0,0.0,0.0,0.0,0.0,0.0,0.0,0.0},fitness=net.sf.jclec.fitness.SimpleValueFitness@79e7188e[value=57.84942745157179]]
Median individual: net.sf.jclec.realarray.RealArrayIndividual@2921199d[genotype={0.0,0.0,0.0,0.0,0.0,0.0,0.0,0.0,0.0,0.0,0.0,0.0,0.0,0.0,0.0,0.0,0.0,0.0,0.0,0.0,0.0,0.0,0.0,0.0,0.0,0.0,0.0,0.0,0.0,0.0},fitness=net.sf.jclec.fitness.SimpleValueFitness@7f13811b[value=0.0]]
Average fitness = 6.652684156930757
Fitness variance = 231.83268466728254
Generation 470 Report
Best individual: net.sf.jclec.realarray.RealArrayIndividual@3592c1c4[genotype={0.0,0.0,0.0,0.0,0.0,0.0,0.0,0.0,0.0,0.0,0.0,0.0,0.0,0.0,0.0,0.0,0.0,0.0,0.0,0.0,0.0,0.0,0.0,0.0,0.0,0.0,0.0,0.0,0.0,0.0},fitness=net.sf.jclec.fitness.SimpleValueFitness@4aeb0e2b[value=0.0]]
Worst individual: net.sf.jclec.realarray.RealArrayIndividual@12219f6a[genotype={0.0,0.0,0.0,0.0,0.0,5.12,0.0,5.12,0.0,0.0,0.0,0.0,0.0,0.0,0.0,0.0,0.0,0.0,5.12,0.0,0.0,0.0,0.0,0.0,0.0,0.0,0.0,0.0,0.0,0.0},fitness=net.sf.jclec.fitness.SimpleValueFitness@7f0b93b4[value=86.77414117735769]]
Median individual: net.sf.jclec.realarray.RealArrayIndividual@432af457[genotype={0.0,0.0,0.0,0.0,0.0,0.0,0.0,0.0,0.0,0.0,0.0,0.0,0.0,0.0,0.0,0.0,0.0,0.0,0.0,0.0,0.0,0.0,0.0,0.0,0.0,0.0,0.0,0.0,0.0,0.0},fitness=net.sf.jclec.fitness.SimpleValueFitness@519c6fcc[value=0.0]]
Average fitness = 6.363437019672898
Fitness variance = 310.89507622649666
Generation 480 Report
Best individual: net.sf.jclec.realarray.RealArrayIndividual@2e71240b[genotype={0.0,0.0,0.0,0.0,0.0,0.0,0.0,0.0,0.0,0.0,0.0,0.0,0.0,0.0,0.0,0.0,0.0,0.0,0.0,0.0,0.0,0.0,0.0,0.0,0.0,0.0,0.0,0.0,0.0,0.0},fitness=net.sf.jclec.fitness.SimpleValueFitness@2b44d6d0[value=0.0]]
Worst individual: net.sf.jclec.realarray.RealArrayIndividual@7bee8621[genotype={0.0,0.0,0.0,0.0,0.0,5.12,0.0,0.0,0.0,0.0,0.0,0.0,0.0,0.0,0.0,0.0,0.0,0.0,0.0,0.0,0.0,0.0,0.0,0.0,5.12,0.0,0.0,0.0,5.12,5.12},fitness=net.sf.jclec.fitness.SimpleValueFitness@1e12a5a6[value=115.69885490314358]]
Median individual: net.sf.jclec.realarray.RealArrayIndividual@58eac00e[genotype={0.0,0.0,0.0,0.0,0.0,0.0,0.0,0.0,0.0,0.0,0.0,0.0,0.0,0.0,0.0,0.0,0.0,0.0,0.0,0.0,0.0,0.0,0.0,0.0,0.0,0.0,0.0,0.0,0.0,0.0},fitness=net.sf.jclec.fitness.SimpleValueFitness@61149fa5[value=0.0]]
Average fitness = 10.702144078540782
Fitness variance = 697.0040043172615
Generation 490 Report
Best individual: net.sf.jclec.realarray.RealArrayIndividual@69aabcb0[genotype={0.0,0.0,0.0,0.0,0.0,0.0,0.0,0.0,0.0,0.0,0.0,0.0,0.0,0.0,0.0,0.0,0.0,0.0,0.0,0.0,0.0,0.0,0.0,0.0,0.0,0.0,0.0,0.0,0.0,0.0},fitness=net.sf.jclec.fitness.SimpleValueFitness@15986dd5[value=0.0]]
Worst individual: net.sf.jclec.realarray.RealArrayIndividual@c3719e5[genotype={0.0,0.0,0.0,0.0,0.0,0.0,0.0,0.0,0.0,0.0,0.0,0.0,0.0,5.12,0.0,0.0,0.0,0.0,5.12,0.0,0.0,0.0,0.0,5.12,0.0,0.0,0.0,0.0,0.0,5.12},fitness=net.sf.jclec.fitness.SimpleValueFitness@5e180aaf[value=115.69885490314358]]
Median individual: net.sf.jclec.realarray.RealArrayIndividual@677ce519[genotype={0.0,0.0,0.0,0.0,0.0,0.0,0.0,0.0,0.0,0.0,0.0,0.0,0.0,0.0,0.0,0.0,0.0,0.0,0.0,0.0,0.0,0.0,0.0,0.0,0.0,0.0,0.0,0.0,0.0,0.0},fitness=net.sf.jclec.fitness.SimpleValueFitness@7cfb0c4c[value=0.0]]
Average fitness = 6.363437019672898
Fitness variance = 310.89507622649666
Generation 500 Report
Best individual: net.sf.jclec.realarray.RealArrayIndividual@c4d2c44[genotype={0.0,0.0,0.0,0.0,0.0,0.0,0.0,0.0,0.0,0.0,0.0,0.0,0.0,0.0,0.0,0.0,0.0,0.0,0.0,0.0,0.0,0.0,0.0,0.0,0.0,0.0,0.0,0.0,0.0,0.0},fitness=net.sf.jclec.fitness.SimpleValueFitness@2eda2062[value=0.0]]
Worst individual: net.sf.jclec.realarray.RealArrayIndividual@632b305d[genotype={0.0,0.0,0.0,0.0,5.12,0.0,0.0,0.0,0.0,5.12,0.0,0.0,0.0,5.12,5.12,0.0,0.0,0.0,0.0,0.0,0.0,0.0,0.0,0.0,0.0,0.0,0.0,0.0,0.0,0.0},fitness=net.sf.jclec.fitness.SimpleValueFitness@57fdb8a4[value=115.69885490314358]]
Median individual: net.sf.jclec.realarray.RealArrayIndividual@2d28fb02[genotype={0.0,0.0,0.0,0.0,0.0,0.0,0.0,0.0,0.0,0.0,0.0,0.0,0.0,0.0,0.0,0.0,0.0,0.0,0.0,0.0,0.0,0.0,0.0,0.0,0.0,0.0,0.0,0.0,0.0,0.0},fitness=net.sf.jclec.fitness.SimpleValueFitness@402f8592[value=0.0]]
Average fitness = 8.966661254993625
Fitness variance = 429.94881505058294
