14	72	6.265398272	 
30	13	11.8496781	 
16	46	40.86727812	 
86	23	31.93073617	 
24	73	31.93183633	 
13	10	24.70765755	 
59	95	18.55678834	 
63	72	33.57205495	 
86	94	45.78563954	 
83	37	6.247831952	 
39	82	11.38384312	 
29	60	27.82719772	 
35	71	23.97783428	 
46	12	29.8737077	 
44	29	41.72352522	 
17	94	32.28329659	 
25	10	29.86026256	 
77	16	38.31499567	 
21	15	46.25823046	 
4	57	43.48620673	 
60	29	36.38171598	 
21	41	35.87314094	 
81	11	42.96761648	 
74	82	8.765194181	 
16	38	11.15802259	 
94	98	26.5927614	 
84	15	46.82765564	 
0	6	31.58119471	 
25	33	14.41139708	 
66	62	1.679294513	 
28	37	40.66410477	 
98	85	19.96893898	 
42	47	22.47435685	 
24	4	41.98317549	 
44	21	20.10571106	 
57	16	0.143257332	 
41	92	2.053543402	 
85	65	13.87086075	 
5	35	44.08245739	 
25	83	29.83989052	 
39	46	22.94872495	 
98	45	49.30299492	 
12	4	34.81416617	 
27	62	8.461107934	 
42	50	9.422326001	 
58	90	13.44005418	 
73	5	33.73477121	 
64	55	43.59643995	 
64	9	42.91477082	 
43	61	25.59576025	 
85	13	32.29757475	 
59	24	45.98885853	 
56	15	41.30097995	 
97	71	11.85858772	 
51	83	9.106793085	 
65	29	37.51669344	 
53	65	2.383294542	 
21	17	30.20168088	 
66	5	17.32070884	 
75	99	19.2616106	 
72	91	11.81618816	 
83	90	21.40146976	 
16	77	28.77174707	 
69	66	9.232968586	 
69	25	28.15803293	 
79	61	1.585334601	 
48	42	3.748783415	 
28	83	21.8188502	 
38	82	20.24526894	 
86	35	24.72859992	 
64	63	17.88698223	 
69	29	23.53409986	 
73	35	44.58426049	 
53	76	5.921177978	 
98	41	40.11051445	 
87	58	12.13566556	 
89	8	12.95617736	 
99	37	8.724193061	 
46	60	18.07342283	 
79	86	28.67555995	 
21	46	12.93019169	 
66	6	12.43686582	 
65	94	40.04398029	 
6	43	24.56176972	 
69	80	6.480320852	 
22	52	37.59400357	 
63	78	4.67783914	 
17	62	18.19739079	 
11	9	44.40120956	 
28	95	20.51438743	 
4	25	42.62528971	 
39	19	38.26834272	 
91	52	46.71818709	 
24	17	40.22037113	 
82	19	46.41793031	 
49	48	13.24994547	 
50	70	11.7868926	 
6	52	13.54901865	 
4	18	27.58007632	 
64	72	29.20268028	 
79	10	29.27778533	 
15	67	36.77506973	 
67	68	32.41021145	 
53	29	40.42745089	 
96	99	34.74086582	 
8	13	14.56607575	 
16	53	10.37779219	 
19	21	30.05065608	 
84	8	5.945895635	 
85	11	29.58997894	 
40	42	41.58072464	 
79	68	30.1093753	 
57	94	13.6934568	 
14	41	18.59549338	 
5	89	42.20882263	 
90	47	23.20700021	 
67	36	2.29213598	 
44	12	33.28555842	 
30	51	29.458555	 
33	98	10.30960624	 
90	13	37.39716756	 
76	28	26.80420657	 
71	68	39.84440988	 
63	77	41.75338602	 
87	27	21.40583723	 
53	63	19.15714248	 
80	56	7.352161745	 
37	29	21.0334527	 
51	17	39.10495912	 
26	31	7.386350017	 
65	60	20.37938977	 
80	0	3.444330893	 
41	57	8.765739762	 
85	22	48.81904377	 
27	69	38.90852012	 
53	20	24.14244428	 
35	78	26.38134651	 
4	37	8.211268986	 
79	31	15.85774098	 
55	99	2.700910669	 
84	30	3.242485279	 
82	60	22.10646886	 
2	77	29.05507621	 
80	37	33.72695754	 
22	56	9.546306404	 
58	6	46.22933775	 
10	7	42.78094653	 
99	75	35.61228272	 
97	50	49.23394292	 
58	46	14.23524897	 
30	58	30.32451937	 
29	56	41.98664452	 
77	59	3.752002868	 
24	59	48.63560158	 
18	49	1.499169393	 
43	2	32.94503014	 
19	29	44.93332836	 
12	46	27.21937653	 
18	39	41.56235696	 
98	57	15.61867887	 
28	78	29.69231662	 
38	47	20.79121952	 
90	89	30.48523808	 
45	11	26.16030567	 
91	2	1.730146704	 
31	84	30.54636659	 
60	39	24.01731349	 
50	21	37.71381003	 
14	51	37.94519094	 
64	87	15.90272708	 
71	19	40.49144561	 
12	43	21.43880048	 
13	51	39.7439471	 
25	31	16.11041894	 
28	24	9.814530609	 
16	59	20.16023726	 
72	49	31.94779383	 
6	2	31.4591056	 
80	35	3.589162892	 
32	72	6.713515595	 
4	39	44.49088397	 
49	31	42.40339608	 
35	92	27.81158697	 
30	80	11.55528877	 
73	75	14.60448705	 
44	48	7.426673044	 
2	93	22.09126108	 
17	58	16.710356	 
36	25	9.683095813	 
26	9	42.96361746	 
5	68	21.83733238	 
11	35	25.62491922	 
62	79	33.52760922	 
7	34	1.201777008	 
60	73	2.357351292	 
34	4	30.99652592	 
66	74	41.16089752	 
6	84	24.08246225	 
61	73	36.3135254	 
87	13	15.15101076	 
39	12	9.561966811	 
17	28	20.63077798	 
61	9	35.92172238	 
4	97	23.27676731	 
38	92	7.653272578	 
62	25	5.418519334	 
36	43	24.2718303	 
9	71	40.78921545	 
81	37	10.96643363	 
0	9	30.78203036	 
23	81	35.16747234	 
16	8	47.09323694	 
5	42	19.27515268	 
57	15	30.57340378	 
76	98	27.07728344	 
56	76	4.503530663	 
74	9	47.52733816	 
16	99	32.43681513	 
74	96	9.75882584	 
87	79	11.73306766	 
37	53	37.47960445	 
33	53	43.9616012	 
65	27	39.2198047	 
77	73	12.45979745	 
68	72	7.362934632	 
66	75	3.139176609	 
88	55	5.19083237	 
94	93	26.57925368	 
85	70	45.55482491	 
38	68	12.87811749	 
29	95	13.00074124	 
14	73	31.35935633	 
38	87	29.34525303	 
35	56	10.85616296	 
63	51	26.2497013	 
79	20	29.5634749	 
87	48	6.141223273	 
83	36	0.434221746	 
48	93	47.3908885	 
64	22	27.19443258	 
45	57	48.37930104	 
69	87	1.803938688	 
55	7	20.36328043	 
66	31	11.5038397	 
95	36	30.90297615	 
30	72	22.46885357	 
74	53	18.01694213	 
6	35	7.522146756	 
35	39	40.20343383	 
39	72	37.37216254	 
24	20	48.99936016	 
87	9	8.395448713	 
49	57	18.84404371	 
16	31	35.1164051	 
67	3	43.67315666	 
19	18	42.22437229	 
34	0	10.88886941	 
81	99	49.22037535	 
46	77	41.13548627	 
65	17	0.600347474	 
21	75	36.65552882	 
84	75	5.858578354	 
51	68	11.90942577	 
23	22	16.53457811	 
72	96	37.61269821	 
24	44	32.02854803	 
54	51	13.37767975	 
13	89	41.97502888	 
63	59	44.74258992	 
91	58	30.59133129	 
78	55	37.52890212	 
83	46	37.60673425	 
95	28	36.18870624	 
24	27	41.13044852	 
34	17	23.08695716	 
23	79	0.130746902	 
63	80	12.50917711	 
72	53	18.07465644	 
96	17	16.59342618	 
91	59	14.71703408	 
49	0	30.35601436	 
48	35	20.02981094	 
91	63	29.51367207	 
77	29	32.82664255	 
37	30	47.90056757	 
24	72	16.76515364	 
42	5	0.936776991	 
34	2	38.09842831	 
40	47	47.82551979	 
33	34	32.79932508	 
17	54	37.9396652	 
78	41	25.49568637	 
37	46	16.20371969	 
50	39	9.031425729	 
94	95	18.18572215	 
9	13	31.40796961	 
10	93	18.08416123	 
70	62	26.36243343	 
12	73	1.828226648	 
76	32	14.90342944	 
43	64	23.10544286	 
87	50	47.75228614	 
77	72	12.28889501	 
87	77	2.826975014	 
21	54	46.95698853	 
19	57	47.65794849	 
69	40	7.981873632	 
59	78	23.93957086	 
92	19	37.00837494	 
31	25	10.29777235	 
83	15	29.55346892	 
41	62	19.79399297	 
56	11	33.07182179	 
24	82	2.247735579	 
3	36	1.473352604	 
8	86	30.08318829	 
72	85	42.83556582	 
60	68	20.8588541	 
45	67	28.82600408	 
99	98	43.66184436	 
22	58	43.87198339	 
23	40	48.80509695	 
3	84	23.55832467	 
86	56	10.825852	 
29	7	34.57252576	 
81	77	49.06747786	 
76	61	38.39860758	 
83	58	27.25000259	 
7	23	40.38469655	 
86	62	31.13974554	 
6	4	24.29573177	 
4	7	35.19604658	 
43	33	10.01151431	 
68	73	44.90317293	 
61	72	48.64164025	 
6	10	41.38802641	 
64	6	35.00270244	 
45	12	8.879398675	 
10	34	22.13944285	 
46	90	16.37041204	 
8	18	24.61912637	 
5	3	14.19996456	 
91	20	23.83846429	 
3	58	14.36229805	 
62	40	6.080710246	 
67	27	15.00369076	 
23	78	1.69545851	 
18	94	4.730722242	 
97	20	46.40912591	 
66	40	25.44979653	 
50	15	47.64853759	 
21	91	19.66256885	 
70	3	16.88693897	 
65	28	45.3051311	 
73	95	36.01363232	 
18	24	6.862106729	 
30	39	8.089056669	 
2	50	17.00258169	 
52	72	21.71413908	 
17	91	15.16614331	 
19	93	21.62823803	 
19	23	9.29175216	 
8	67	4.615963318	 
76	72	5.003436313	 
24	60	25.31623655	 
72	70	13.0827676	 
18	78	5.160207305	 
47	26	41.56511207	 
16	62	17.40099259	 
50	24	21.81419492	 
57	83	39.99699971	 
3	59	25.00961309	 
65	46	25.9719624	 
29	73	46.62452062	 
94	25	37.7986054	 
17	69	21.6757426	 
25	90	28.3392145	 
77	78	32.79622003	 
35	62	25.92520283	 
65	7	36.50969949	 
59	67	7.518551818	 
17	9	18.84809477	 
98	82	25.44969803	 
12	42	18.16742521	 
30	54	30.80030109	 
49	96	13.44332158	 
53	80	49.71740136	 
57	88	12.05282487	 
52	85	47.64220271	 
84	48	49.97618211	 
21	77	49.02018208	 
56	82	18.6164333	 
70	8	6.167057922	 
0	22	35.16648508	 
60	66	20.83218251	 
25	2	47.58965737	 
21	36	41.19036478	 
71	43	29.00036737	 
77	98	27.74510637	 
5	79	6.514859805	 
52	17	3.940673157	 
44	70	36.48754615	 
78	92	31.15737394	 
56	26	31.45676972	 
97	24	23.2038872	 
51	85	14.09446944	 
22	46	42.4224028	 
91	96	48.08683705	 
43	87	44.17368729	 
42	74	47.90129279	 
77	33	26.01516863	 
28	61	35.09541638	 
2	54	43.20974991	 
99	51	26.86524764	 
69	77	38.52737216	 
28	23	4.722611637	 
11	1	32.20194199	 
9	95	43.69304722	 
94	82	28.81826735	 
28	10	5.241739368	 
83	54	49.74321178	 
48	6	10.32323136	 
50	79	8.540325786	 
63	31	35.18400681	 
41	91	41.15549802	 
46	95	22.36106614	 
40	85	22.92574411	 
91	98	35.24175466	 
63	40	33.7889678	 
28	42	21.24513782	 
45	89	7.377719199	 
8	81	14.09438013	 
43	60	10.12475444	 
56	99	20.69152764	 
63	88	26.56599751	 
74	34	21.73440911	 
22	21	39.86996308	 
36	7	31.83750201	 
24	85	33.39720615	 
21	33	10.90857329	 
13	27	18.82530527	 
35	51	25.4019298	 
10	65	7.597509068	 
38	65	2.375755411	 
45	46	43.58867558	 
47	99	15.40977724	 
18	5	45.09741397	 
10	4	20.86659542	 
95	65	24.11557793	 
40	62	27.98335241	 
30	91	26.56210414	 
1	77	41.50388964	 
30	29	22.58679491	 
76	56	49.84754677	 
21	42	28.09549122	 
98	54	45.12378153	 
59	98	17.38595498	 
60	72	27.99905648	 
45	1	29.96146645	 
39	1	31.14704349	 
86	36	7.843021727	 
10	5	1.008851164	 
44	34	39.33647876	 
18	38	23.42561199	 
5	95	23.68303345	 
76	94	12.20649722	 
70	80	18.70917077	 
45	81	11.62320487	 
2	67	23.95540391	 
69	74	29.8496171	 
84	11	49.76659793	 
56	64	6.880655007	 
5	99	43.90301038	 
0	15	1.795124665	 
71	24	30.48315485	 
28	17	37.01056853	 
67	81	0.884031978	 
81	19	16.52383769	 
87	96	32.60123482	 
41	80	41.03930178	 
23	75	25.3573126	 
61	22	30.47726102	 
0	18	32.42874868	 
65	78	0.314635847	 
60	75	24.07716118	 
45	25	7.738378135	 
69	86	40.54825447	 
43	6	4.130344133	 
34	82	9.767134058	 
92	70	10.69512889	 
40	30	34.5877589	 
63	68	45.25423093	 
8	23	19.81284965	 
36	23	39.63687828	 
45	29	11.07741304	 
62	41	43.57765642	 
87	73	4.185125015	 
15	97	16.53708525	 
27	89	6.363837728	 
72	73	10.98036258	 
96	70	2.460519906	 
82	75	40.84920207	 
39	56	8.913660133	 
37	51	22.28613686	 
62	92	4.15807276	 
18	59	27.23462177	 
95	18	4.761488363	 
45	60	48.9398854	 
73	66	7.82668142	 
96	77	9.283716739	 
49	21	33.13233483	 
33	76	45.35703623	 
74	2	12.98780749	 
62	54	46.70734635	 
75	91	43.84141434	 
4	9	25.29381863	 
61	59	31.3087744	 
0	1	37.34100149	 
82	74	29.47726658	 
83	49	4.725631193	 
68	86	20.98098925	 
96	47	2.623097336	 
44	25	21.35275275	 
57	73	24.37103196	 
0	98	13.02494297	 
74	51	32.13691801	 
8	80	30.52251107	 
33	69	21.51138442	 
9	8	0.707892683	 
59	87	15.24556507	 
75	63	36.17221071	 
0	33	0.897948072	 
73	98	41.67734932	 
35	34	25.4904072	 
47	97	40.32770509	 
59	39	38.44690038	 
2	86	42.60544227	 
46	7	41.324666	 
59	61	11.92068983	 
5	53	9.146569097	 
63	23	24.90819014	 
65	59	43.50459066	 
13	17	33.34446503	 
52	71	2.028254186	 
91	12	7.264696849	 
57	81	22.29814158	 
11	44	25.626023	 
95	85	20.83346748	 
20	47	31.69409348	 
54	91	49.39398781	 
18	73	35.22228368	 
0	16	31.51039689	 
8	83	22.44801847	 
97	85	31.89363287	 
65	33	27.94829125	 
51	53	30.17240056	 
42	9	29.47647772	 
84	23	39.74353321	 
18	17	47.17833799	 
78	74	43.43063287	 
45	9	26.21344232	 
4	6	47.28228065	 
65	43	34.98989838	 
37	71	21.55216714	 
0	49	13.26773412	 
3	70	24.15015823	 
14	54	35.97751222	 
1	61	46.39285888	 
20	79	36.68279001	 
24	75	29.5348054	 
14	86	6.273427142	 
35	86	11.67650236	 
74	30	10.88538377	 
88	70	27.58504705	 
6	19	30.51340057	 
22	54	48.46496563	 
73	24	3.816119583	 
49	91	14.78139764	 
22	94	25.20893403	 
3	10	32.86468717	 
42	89	27.49802646	 
62	26	25.21488525	 
42	91	47.02980068	 
94	1	45.17665918	 
74	75	8.613077427	 
51	2	38.96951292	 
43	55	34.31714568	 
73	69	11.93520155	 
49	19	23.65696553	 
35	84	31.30367751	 
38	59	22.64750451	 
52	78	24.78084021	 
9	53	45.74243176	 
4	15	12.82584029	 
86	30	37.76802981	 
6	77	42.61261004	 
24	35	12.62147223	 
7	66	23.35978371	 
9	98	31.72324381	 
26	97	45.96508444	 
16	64	37.99672298	 
41	4	4.694746113	 
56	78	40.49364447	 
94	68	25.05545206	 
77	10	0.692347865	 
67	62	23.81207978	 
5	94	21.19322447	 
40	37	34.39173041	 
18	20	38.3430318	 
65	98	5.169928444	 
18	19	1.465132086	 
20	52	21.38153184	 
68	26	21.16892663	 
10	27	39.66516648	 
32	52	9.196147505	 
75	40	48.81792231	 
36	30	4.081688406	 
60	20	35.03618144	 
27	12	13.30085235	 
44	60	14.32719773	 
62	53	27.7761084	 
48	87	15.9186705	 
53	13	11.54030453	 
10	92	35.6985561	 
94	39	5.339585624	 
1	75	27.98501779	 
94	0	8.008128868	 
66	93	17.256447	 
93	72	13.558097	 
88	54	38.86406483	 
58	42	35.10207384	 
61	52	9.204723817	 
0	38	38.96154774	 
30	87	31.34908346	 
62	24	43.61385799	 
62	93	11.70040057	 
75	84	8.491320495	 
83	89	46.90178666	 
26	38	47.07011592	 
27	13	37.91484315	 
51	88	47.17281449	 
29	40	41.57150563	 
50	55	0.583498768	 
2	64	49.74596313	 
99	52	43.67875808	 
49	44	29.06588202	 
68	14	46.67961619	 
75	35	11.30511496	 
39	11	39.93032209	 
70	81	7.384321009	 
33	30	18.2341873	 
10	25	25.09431455	 
0	89	9.5023984	 
9	66	29.64363255	 
58	94	43.96098104	 
45	52	25.10802429	 
60	8	0.846115525	 
26	23	7.955250489	 
37	77	22.41880497	 
23	12	31.24688052	 
21	26	18.17493068	 
83	74	16.34536007	 
41	46	43.99916418	 
17	78	5.939016931	 
51	64	6.098057546	 
7	97	45.2161185	 
65	37	17.508676	 
91	71	17.71773715	 
44	1	21.2004604	 
32	92	26.66470747	 
47	35	14.00569815	 
89	90	29.42106483	 
20	90	40.85032708	 
18	7	8.847948595	 
37	23	29.58691024	 
32	10	16.91325874	 
61	31	1.62415376	 
29	83	16.59619205	 
40	0	22.502467	 
45	13	27.86210188	 
58	73	49.5825998	 
2	97	2.281977181	 
19	25	7.502194205	 
4	89	49.91448737	 
90	84	31.46956309	 
57	74	32.19261231	 
94	36	45.48140444	 
32	88	41.26336545	 
3	7	48.42593729	 
45	71	29.09354848	 
90	99	1.111060916	 
15	5	0.703577492	 
96	7	43.28276531	 
46	15	41.27465832	 
78	76	32.65126986	 
42	22	1.790497795	 
51	32	29.68299488	 
64	18	14.68038845	 
61	49	5.520017949	 
2	15	7.311128804	 
15	11	22.31837809	 
11	36	11.95396405	 
66	82	22.79043494	 
70	21	3.395406887	 
44	10	32.57164097	 
9	96	7.819448404	 
59	60	12.2126823	 
27	50	39.61531075	 
68	89	20.5146518	 
33	89	31.49313126	 
5	27	0.317208614	 
52	5	40.13564322	 
63	24	21.72658952	 
74	45	34.03164466	 
40	45	7.997312608	 
74	86	41.84557484	 
72	39	21.79401804	 
50	61	17.71114789	 
7	70	2.167967802	 
36	78	27.48812301	 
21	63	28.46458397	 
41	76	20.57777066	 
85	54	0.339177756	 
90	48	41.46967135	 
12	99	8.355533904	 
36	38	7.534696648	 
70	37	5.526099566	 
1	88	3.089528165	 
70	72	26.1118369	 
94	51	48.84005869	 
0	86	8.780568453	 
92	3	8.509370946	 
46	34	29.31639072	 
29	31	25.05198455	 
28	82	48.56935229	 
53	68	25.21019289	 
30	45	42.58215612	 
85	66	39.61011132	 
37	60	40.16039097	 
23	86	11.28162063	 
76	10	1.868878767	 
70	24	14.85732479	 
50	33	41.18587567	 
2	62	31.32117738	 
80	22	45.45819657	 
7	76	15.25898276	 
83	62	2.579192654	 
31	88	26.76806598	 
47	9	25.29785271	 
82	13	49.45097706	 
46	76	40.11611779	 
97	70	29.24816676	 
92	80	21.8428245	 
88	90	46.25716364	 
68	31	8.046536028	 
30	15	23.1408475	 
54	47	19.88582853	 
36	72	29.24499725	 
90	14	47.0944405	 
14	28	9.125377768	 
43	42	25.26002345	 
0	79	47.82718513	 
77	69	42.95903762	 
69	41	32.96477881	 
53	56	14.79671143	 
75	88	35.41717919	 
72	44	43.94975073	 
44	49	6.284906853	 
40	54	24.42086242	 
10	19	27.64630832	 
81	60	48.88796169	 
96	40	8.606590171	 
88	19	42.76726386	 
90	5	36.15037055	 
64	54	38.90828402	 
96	87	22.38862863	 
39	41	40.20011672	 
39	86	35.93349977	 
68	17	39.29217387	 
74	3	15.33947563	 
92	44	25.61888618	 
18	3	36.81710556	 
96	32	9.966724183	 
6	0	46.75540116	 
44	78	35.93321027	 
71	92	21.98172038	 
87	0	25.80140486	 
25	30	37.1429659	 
96	1	25.58970635	 
67	79	49.10954743	 
10	77	20.33561759	 
82	94	2.883596441	 
28	67	36.03345394	 
26	85	22.13552782	 
45	28	29.06982408	 
51	74	20.19810263	 
20	88	37.48699036	 
45	99	4.114746921	 
0	80	48.70614464	 
40	23	5.087691789	 
96	9	38.40666262	 
92	52	12.06422998	 
73	92	21.09747	 
41	32	21.20990595	 
25	3	42.31806442	 
84	53	12.50735865	 
13	41	17.46835308	 
64	29	9.191643966	 
52	56	43.87559318	 
89	35	5.116800534	 
89	42	44.01028739	 
96	42	1.818284298	 
68	6	14.43752298	 
40	15	16.60091039	 
57	58	10.21720316	 
12	40	47.64017403	 
59	20	1.156043799	 
22	1	33.30548741	 
90	46	44.56620996	 
32	69	20.69710691	 
65	96	28.99986237	 
67	55	12.73421111	 
66	55	32.92825468	 
94	14	27.57063653	 
71	3	43.33872654	 
79	60	26.79741883	 
22	11	24.11862793	 
7	85	1.975622322	 
59	52	5.898698094	 
89	75	18.35391158	 
44	67	5.610122496	 
28	50	3.250641988	 
19	0	2.312139676	 
33	96	17.02318676	 
4	63	18.75121051	 
94	4	18.8640301	 
21	90	30.11633568	 
9	75	43.25936406	 
64	26	3.751851256	 
14	89	25.66152561	 
20	77	43.55966682	 
12	34	42.92855729	 
8	42	9.356166664	 
44	55	12.64862686	 
37	66	4.54465347	 
27	20	25.59398955	 
51	35	25.12245878	 
91	56	17.23865525	 
65	77	39.26251816	 
82	34	17.52583161	 
48	26	19.49241033	 
62	48	2.885708867	 
60	11	28.83960271	 
11	92	10.88109061	 
14	43	18.21978179	 
92	73	15.79781131	 
62	80	24.81592789	 
42	16	2.99886057	 
34	23	20.2289188	 
86	21	20.92557885	 
16	94	42.77622302	 
23	16	32.25622726	 
99	21	10.47338221	 
81	86	29.92171015	 
19	27	49.95373427	 
10	96	29.43016687	 
24	98	4.716678915	 
35	68	21.69619225	 
38	21	49.97403988	 
89	69	9.661681242	 
42	3	33.74722864	 
87	93	2.117461677	 
4	60	33.17706642	 
75	52	45.88609705	 
95	76	1.72266014	 
8	32	32.81570264	 
54	3	21.83130362	 
0	83	21.96528829	 
39	60	43.20640535	 
44	86	48.78049204	 
58	31	44.04072369	 
59	41	27.98733988	 
75	44	44.81844404	 
10	29	12.44916498	 
71	44	35.58854795	 
49	16	39.81198247	 
91	51	30.64768598	 
74	40	48.12569042	 
89	86	3.767060334	 
98	52	43.96356283	 
38	11	8.455620718	 
30	19	31.02184913	 
73	48	4.933170089	 
92	6	46.38523447	 
63	7	34.5884512	 
32	49	43.98998378	 
9	35	45.44508671	 
14	98	16.7762573	 
69	12	13.89151643	 
72	32	31.69472854	 
13	67	4.494127641	 
81	93	7.417341793	 
68	25	34.21205599	 
13	21	31.28035396	 
11	49	11.45753484	 
74	28	30.62051477	 
62	33	2.123299687	 
93	4	37.67904842	 
69	14	33.1357837	 
23	14	49.52721059	 
68	47	38.20238987	 
79	16	21.08705344	 
55	85	1.664157825	 
36	88	9.429153861	 
95	8	8.551031105	 
81	35	6.005223413	 
76	22	15.24245382	 
45	97	40.44210514	 
82	53	3.775033941	 
75	56	49.34167841	 
68	28	38.68435706	 
89	51	45.85079717	 
40	88	15.67037402	 
26	25	26.03963811	 
37	45	42.61998109	 
66	20	23.13339811	 
52	69	0.82528134	 
12	39	12.93014615	 
5	61	12.19897634	 
89	1	34.19563225	 
67	83	35.62645558	 
16	48	48.18222466	 
43	81	42.39260291	 
63	8	27.12557151	 
24	2	36.98501075	 
34	49	27.20598224	 
6	93	4.549400461	 
32	90	24.76712106	 
47	44	47.33739571	 
80	44	47.03316815	 
49	35	18.43676402	 
12	66	3.490565695	 
69	20	16.59177583	 
6	8	5.399226357	 
20	71	27.03404073	 
65	5	14.62617169	 
72	62	5.484627091	 
22	61	16.23754844	 
50	18	6.016039189	 
6	24	5.21543863	 
10	70	4.165115451	 
51	31	33.92427264	 
97	96	16.57954013	 
30	93	14.39487798	 
87	17	14.90368304	 
4	8	43.99235613	 
0	93	43.44001882	 
68	65	38.76832023	 
96	23	38.91706737	 
63	3	37.60784577	 
74	35	1.76846906	 
9	82	10.74961064	 
85	71	15.90807827	 
39	2	11.9616301	 
3	87	28.3773306	 
12	44	6.887277907	 
54	89	35.11825538	 
99	92	23.79717316	 
53	1	21.31454463	 
22	9	28.54463892	 
78	98	12.68847099	 
94	30	26.26069571	 
46	54	34.20141124	 
60	89	32.25764985	 
30	81	47.46944587	 
91	14	11.83432591	 
0	82	31.62002509	 
65	35	33.59654762	 
66	80	38.91060818	 
77	45	27.39554963	 
83	79	9.796444129	 
94	67	10.48234658	 
20	17	14.2051235	 
52	6	11.65493992	 
74	79	16.17712574	 
73	13	1.305692911	 
93	63	28.51838798	 
12	67	31.64139697	 
29	82	11.95271091	 
79	23	7.042573758	 
57	12	38.18496813	 
38	98	26.38767751	 
14	90	13.14570922	 
4	96	32.41155115	 
60	95	12.21143745	 
74	78	16.66905618	 
65	4	13.76764322	 
13	18	39.11199703	 
9	16	19.86241937	 
76	79	41.69010241	 
30	27	21.33919366	 
37	50	14.13152393	 
15	41	15.85620489	 
4	67	22.48923395	 
62	19	34.77016907	 
89	19	39.69234547	 
70	19	7.815324143	 
60	32	36.98988111	 
47	46	10.91271034	 
35	74	29.74458531	 
58	21	2.289152611	 
87	84	45.48158037	 
7	30	34.35271444	 
52	7	31.28487961	 
44	77	2.326166675	 
4	81	1.302320291	 
48	91	29.27372656	 
54	90	11.87509721	 
50	91	41.62429488	 
92	89	37.30249505	 
98	36	24.61151003	 
71	17	16.23397175	 
95	83	5.449826515	 
85	45	21.19407813	 
22	40	38.19771205	 
37	5	41.77761465	 
60	44	0.226393765	 
67	43	16.89587638	 
59	30	9.264571549	 
61	16	47.38987208	 
9	19	23.00136994	 
82	2	32.05944255	 
22	83	13.79012463	 
99	9	16.27026666	 
6	22	38.82669701	 
12	16	28.36108301	 
95	50	7.220586329	 
79	94	30.93608686	 
2	57	43.60958033	 
91	67	40.04563169	 
82	85	37.01577862	 
38	77	0.977479784	 
47	1	7.830249223	 
38	49	48.10150172	 
92	51	21.56553423	 
19	48	41.49399447	 
32	54	25.32969353	 
22	20	14.91343967	 
57	3	31.85249519	 
43	51	38.10774024	 
19	73	26.33384952	 
44	65	41.40369079	 
13	58	23.38651378	 
23	47	22.06262417	 
0	54	4.909549466	 
67	60	49.98187682	 
38	61	24.85598159	 
19	84	14.97994894	 
28	6	23.54754718	 
22	68	9.123893183	 
15	36	2.441379571	 
61	11	23.8603043	 
87	65	47.2273475	 
34	29	26.52030655	 
29	58	0.035325023	 
40	76	4.543237743	 
49	63	17.72179997	 
47	58	16.6578713	 
45	58	46.43457513	 
64	78	29.48714799	 
7	80	29.73772538	 
81	52	40.29509046	 
55	15	14.63607463	 
38	51	43.83564942	 
86	51	40.00394254	 
11	43	0.4182995	 
59	63	45.64343109	 
30	86	40.06436525	 
2	5	28.09287402	 
99	71	17.64298865	 
4	79	9.673396147	 
3	15	1.65301437	 
94	11	11.52457604	 
92	50	49.43603884	 
13	42	20.63189586	 
23	43	31.7052568	 
19	70	9.647559343	 
52	31	31.30821396	 
15	68	7.883016042	 
28	32	47.37825618	 
15	85	5.204478543	 
66	53	17.31639196	 
58	19	3.845339927	 
70	60	40.02615708	 
99	8	3.271611132	 
60	86	35.80277643	 
18	34	37.79642789	 
44	82	7.258107513	 
17	92	17.49939441	 
73	9	46.92514428	 
11	42	1.311026749	 
0	94	2.712419679	 
28	1	20.5865159	 
28	7	36.56975842	 
25	19	30.74747671	 
88	75	25.1905108	 
37	42	19.43896674	 
35	10	5.094428295	 
81	56	1.244452001	 
87	44	28.07815312	 
9	51	13.98458049	 
5	57	35.14285873	 
26	76	45.92207072	 
37	75	20.70385622	 
71	40	24.92454132	 
41	82	37.00632668	 
62	60	39.15196589	 
69	49	28.19860411	 
1	50	13.07495502	 
11	23	30.74326138	 
67	47	20.43868449	 
27	6	33.82567584	 
29	99	38.49216484	 
79	4	36.64529405	 
43	96	45.08416366	 
71	99	37.28799205	 
17	77	7.435088904	 
71	77	5.717832117	 
91	57	33.00534099	 
53	99	18.75628996	 
32	85	4.950757022	 
25	89	21.91288701	 
70	29	27.48752136	 
11	75	16.89680927	 
97	49	6.551841339	 
27	55	5.475074736	 
92	26	24.17876919	 
43	82	13.75105927	 
52	51	40.46401248	 
71	62	40.90786669	 
81	55	33.97449771	 
83	55	22.99423516	 
88	63	20.03793942	 
72	28	25.42639935	 
27	42	16.46860043	 
68	79	27.53749157	 
61	37	19.44282433	 
99	79	49.54304769	 
17	15	38.54441557	 
92	5	37.56810878	 
84	13	12.39238913	 
73	7	26.02010155	 
4	48	35.03709887	 
9	58	10.74929169	 
86	31	43.78841581	 
61	78	6.221206268	 
91	80	4.840489615	 
51	27	13.94573113	 
53	84	46.07304967	 
17	63	13.56300736	 
44	81	8.140570453	 
20	62	25.99614265	 
33	9	20.37338638	 
17	61	38.84366331	 
53	54	15.51476552	 
47	64	19.90067247	 
27	44	20.36821269	 
26	6	45.55585322	 
97	27	17.29061798	 
15	40	25.83365865	 
97	35	1.810086831	 
24	96	30.55779043	 
55	38	18.26783265	 
86	24	36.41721157	 
61	82	29.79711039	 
32	7	41.9494058	 
17	45	32.8308767	 
15	3	24.20235154	 
39	36	30.69386168	 
69	38	2.248359294	 
38	67	4.144817526	 
88	69	7.680690724	 
80	85	28.28799621	 
38	5	8.187156814	 
21	24	7.559119159	 
9	26	48.92530294	 
14	97	28.06652393	 
45	41	9.716135801	 
90	38	23.97674109	 
44	73	3.421519369	 
0	50	12.95228337	 
17	96	34.4614534	 
32	23	16.217137	 
17	73	19.78322264	 
50	13	48.14617287	 
23	1	6.378699729	 
6	42	2.216250185	 
71	2	28.6819376	 
57	98	18.01181635	 
32	62	25.02910271	 
54	26	36.49807011	 
84	79	9.3422992	 
98	88	26.70531068	 
87	71	14.21312854	 
44	47	5.298153237	 
80	91	10.6731623	 
25	13	22.89589641	 
6	60	48.22768213	 
88	67	4.594297319	 
78	91	9.292139653	 
50	35	38.61913977	 
3	25	46.86322592	 
97	38	35.48110703	 
73	30	8.380687907	 
7	82	21.20240229	 
15	35	7.481242581	 
84	47	17.71578195	 
96	73	3.85542503	 
80	32	26.04545044	 
18	63	35.23807646	 
63	94	4.749727265	 
99	84	22.24054361	 
48	37	44.1639816	 
99	15	10.2652178	 
35	46	1.011564451	 
8	21	25.26174466	 
99	59	35.40089787	 
0	99	38.49245178	 
80	92	42.6662711	 
18	74	30.44525336	 
50	42	24.51190435	 
28	44	15.56544207	 
11	52	47.48324236	 
94	26	37.57356391	 
17	47	41.91644253	 
33	61	19.79469363	 
0	40	7.02458463	 
28	12	29.70899479	 
30	44	28.16008549	 
46	67	26.53511101	 
93	88	22.01681308	 
43	5	7.658513103	 
79	42	10.13800218	 
72	95	37.07967937	 
65	71	45.00774769	 
67	80	48.27083063	 
3	8	26.6351359	 
83	86	40.66558213	 
46	1	28.76975979	 
83	41	12.91699273	 
31	4	44.89419933	 
15	61	45.63304466	 
41	86	11.97243153	 
72	17	10.36171377	 
17	43	49.21985515	 
23	33	28.65573682	 
21	45	18.25886473	 
33	65	19.62163552	 
8	75	10.7215858	 
57	26	25.3926023	 
86	97	35.5185409	 
44	26	15.59766301	 
15	51	27.43806237	 
49	1	28.72040455	 
19	44	20.55364451	 
73	8	31.78202294	 
84	57	18.28890834	 
11	63	23.7774735	 
31	82	20.1636755	 
5	15	24.7485703	 
81	65	32.48096883	 
36	46	22.89545984	 
3	11	46.51361727	 
87	60	46.70799052	 
33	88	13.11041926	 
40	50	37.74103016	 
25	24	32.67386202	 
8	57	10.33724464	 
39	93	17.57389324	 
68	2	27.70757293	 
47	67	6.82091396	 
33	52	33.23088117	 
11	45	36.62897628	 
90	64	10.20971194	 
13	74	13.82268255	 
58	26	5.02187451	 
24	68	26.13055445	 
54	81	47.64484767	 
96	36	16.04406937	 
28	13	22.72229362	 
3	94	43.20026597	 
69	35	25.01939604	 
86	28	24.98662458	 
56	37	2.09984818	 
7	36	27.17686486	 
59	16	24.41108554	 
12	82	47.76207447	 
29	43	22.85960992	 
52	77	41.99407683	 
32	17	43.41936372	 
35	21	27.15612646	 
55	10	41.08097994	 
63	34	20.95150477	 
79	28	41.03156101	 
3	79	24.00980691	 
7	3	8.723661409	 
27	76	15.5634779	 
19	77	10.24662168	 
62	38	38.94703638	 
5	66	10.85189298	 
26	28	28.2809427	 
52	14	49.43481776	 
69	30	25.11005945	 
76	73	31.50498819	 
74	70	17.99670045	 
19	11	43.73182216	 
5	58	45.55976198	 
60	71	43.54587709	 
19	54	18.61333312	 
84	69	10.13776337	 
91	1	13.20073641	 
63	11	8.476792951	 
73	20	29.35032263	 
68	18	20.65206628	 
64	75	17.13632505	 
3	22	1.476805767	 
78	54	4.43224713	 
37	73	2.290261321	 
88	82	31.19228663	 
64	25	3.074848106	 
68	58	33.52254739	 
40	78	0.130669755	 
84	98	7.865823962	 
14	68	19.26850734	 
95	92	5.570117732	 
64	15	15.33822933	 
95	72	10.08850363	 
50	5	8.411527779	 
99	73	8.091166578	 
49	98	38.26754718	 
22	8	40.11594881	 
98	32	18.54346637	 
98	2	9.862047235	 
34	85	24.39822832	 
68	44	32.81347845	 
5	7	29.40471991	 
43	91	23.64327987	 
87	8	26.62421753	 
10	43	14.58495827	 
80	52	15.52681345	 
80	62	21.82320396	 
98	4	34.11282912	 
2	91	13.08316629	 
20	85	24.69024805	 
81	24	13.19854389	 
81	70	26.02638689	 
50	31	12.68157505	 
25	84	15.8655884	 
52	92	17.1790329	 
13	23	28.71256216	 
24	6	25.59044906	 
10	44	27.62155706	 
66	97	2.450686194	 
54	48	26.86887275	 
39	78	25.64252329	 
42	98	8.797705353	 
55	20	43.71813862	 
13	79	29.68548779	 
24	34	11.14154462	 
87	22	25.54833494	 
20	73	32.62425636	 
83	98	0.971505744	 
83	10	24.419705	 
39	74	25.28927732	 
0	27	18.30293236	 
98	48	35.14913868	 
68	99	43.83043845	 
5	71	44.10093771	 
95	96	10.82607944	 
97	8	9.459957689	 
3	89	20.28946802	 
81	40	32.8204474	 
85	23	31.24460391	 
30	36	13.71519969	 
32	59	25.14846372	 
49	38	30.37232838	 
22	39	47.85187987	 
29	15	5.194324005	 
25	96	43.82273924	 
27	32	43.71525787	 
76	8	34.75090848	 
20	76	5.093125817	 
12	97	36.33755137	 
50	63	26.79913901	 
84	80	2.490333313	 
42	43	38.14147849	 
84	50	20.09071818	 
24	91	48.71604274	 
21	2	5.060530059	 
3	55	14.25682561	 
11	94	31.32526603	 
44	3	37.63381766	 
87	19	45.76733022	 
34	95	31.50160253	 
2	36	41.93351946	 
26	90	35.96063425	 
5	64	21.38701961	 
57	85	15.39512609	 
78	15	15.21603741	 
58	22	34.85119223	 
69	23	42.567363	 
50	44	11.15317289	 
25	64	23.06726245	 
97	14	35.11449335	 
7	71	22.96977268	 
65	14	7.277928047	 
2	9	11.02276921	 
51	26	13.99023867	 
1	56	29.21657831	 
8	72	30.02862497	 
62	86	6.322871089	 
87	90	4.035458513	 
43	48	18.3158057	 
78	82	27.49929755	 
79	41	28.81761502	 
90	34	39.07107059	 
77	92	41.11226136	 
97	60	14.89163375	 
30	12	13.88758356	 
58	70	32.8180021	 
56	63	48.97940266	 
86	75	10.75104173	 
39	7	5.471397164	 
24	5	28.98864566	 
61	65	15.24238774	 
9	88	0.448668526	 
49	62	33.03295375	 
83	11	41.03267194	 
12	21	10.48191648	 
68	96	44.93841527	 
1	57	47.41345286	 
25	61	38.05349738	 
66	90	14.76502658	 
45	95	46.96500645	 
38	99	0.537654115	 
6	38	40.56974029	 
39	28	41.98574969	 
2	58	15.99145762	 
3	54	32.00741551	 
30	70	8.945899588	 
35	69	31.78829529	 
73	32	30.87107129	 
75	30	47.23819898	 
48	43	13.21987889	 
49	73	13.33291088	 
1	16	21.92905853	 
78	25	19.38284993	 
53	23	46.55015117	 
20	32	14.86769178	 
85	47	36.57024304	 
7	52	7.197323215	 
88	5	10.53929204	 
1	91	36.40956014	 
57	35	35.09248514	 
34	21	39.86361176	 
92	69	30.69103137	 
22	34	5.602016119	 
40	71	10.30107025	 
64	50	25.30737535	 
98	35	29.60939328	 
20	75	11.1827547	 
41	26	42.89626888	 
61	62	28.68592803	 
96	81	12.07555564	 
68	0	25.3970064	 
36	29	18.78516711	 
64	16	1.395897411	 
4	41	43.31925082	 
85	33	33.88536318	 
75	58	37.0326423	 
71	20	12.92891368	 
50	43	41.82820098	 
36	54	38.10316529	 
18	86	22.46012513	 
95	29	6.195783082	 
59	88	37.75157282	 
69	89	42.63853159	 
87	72	36.69012373	 
83	18	20.30443255	 
32	74	44.75719377	 
79	13	33.97684507	 
0	88	37.82741865	 
73	39	28.18086949	 
89	52	32.39497825	 
95	6	11.54509507	 
6	74	2.467764702	 
1	9	3.413716362	 
87	97	37.69865187	 
59	29	48.67802956	 
74	0	13.50646821	 
42	51	21.66427994	 
51	23	26.32593909	 
27	58	44.9886489	 
98	77	41.52626816	 
39	42	27.37258092	 
23	87	31.81621765	 
89	32	10.75702458	 
0	12	12.08651129	 
19	47	41.53797045	 
86	71	34.09628392	 
64	21	49.76423366	 
17	2	11.29009002	 
36	82	28.44602976	 
92	98	39.77430026	 
50	65	28.48527001	 
21	43	18.41955925	 
77	15	20.15905033	 
66	83	14.81862899	 
29	86	22.88347825	 
25	74	10.06813821	 
56	39	9.737227397	 
9	45	8.398702199	 
78	94	14.39526856	 
23	67	22.9309931	 
64	5	48.03124461	 
28	87	2.734702063	 
13	8	2.476842763	 
87	6	25.97085426	 
45	39	7.658549444	 
82	41	14.48155587	 
80	98	20.7999697	 
65	21	28.71916742	 
28	58	1.315749793	 
49	86	7.624613788	 
73	86	46.43951667	 
89	74	47.70000807	 
28	75	40.23887654	 
20	46	37.18156127	 
83	8	17.07668054	 
6	76	15.01359321	 
74	16	49.34624996	 
40	83	21.42993167	 
92	25	15.15141038	 
73	81	11.23220887	 
73	58	31.37762083	 
14	7	14.16137297	 
0	74	26.68570149	 
48	99	16.70054173	 
56	91	18.7181728	 
77	79	5.100201061	 
66	79	45.26701415	 
78	23	17.15995683	 
96	52	28.02763481	 
40	96	0.855686494	 
59	69	29.69102087	 
35	33	32.63508669	 
13	60	48.33565013	 
39	84	33.42247548	 
60	45	2.436067155	 
56	38	36.26069942	 
51	95	37.66450928	 
32	0	37.93903435	 
42	62	10.21199555	 
53	27	29.40659903	 
32	21	25.06154116	 
77	87	42.36079038	 
49	70	19.12140605	 
60	51	17.79047184	 
79	56	42.4223254	 
23	76	33.89521681	 
73	2	6.971453208	 
16	36	28.52160845	 
12	48	40.24704451	 
37	26	35.1535525	 
0	81	32.51427503	 
94	27	19.54847505	 
44	45	42.22690432	 
81	51	36.82782167	 
12	25	16.74406417	 
10	46	20.17786704	 
14	80	8.562894691	 
57	0	48.27929887	 
69	32	38.82316893	 
90	26	5.433573242	 
81	23	1.253491872	 
43	4	34.87727429	 
18	14	34.00977897	 
25	92	41.29724862	 
97	57	12.57855194	 
14	75	45.99825884	 
18	62	49.2970227	 
68	39	11.39215638	 
93	42	8.954438034	 
13	19	21.46699607	 
84	26	40.35148438	 
80	38	35.08609358	 
89	13	0.9383554	 
11	97	13.30041928	 
50	73	13.81288399	 
12	3	45.81568156	 
40	28	37.42152446	 
62	44	13.63531968	 
70	30	30.23742334	 
8	94	15.39172816	 
10	13	5.886716601	 
84	91	31.43539123	 
99	67	42.26032619	 
14	3	16.08365294	 
71	98	25.68541229	 
71	74	4.235048054	 
50	90	19.2764297	 
80	47	10.71567056	 
47	14	37.28625796	 
40	2	17.21834274	 
49	8	6.720385282	 
49	85	18.42495248	 
84	3	7.220713361	 
27	80	3.485362722	 
96	16	21.27617832	 
19	34	48.68448771	 
39	91	8.506828793	 
20	16	23.34985905	 
79	74	1.019955716	 
33	11	13.83517312	 
62	34	1.651333275	 
0	44	49.76104902	 
28	27	3.281554092	 
68	8	22.60240222	 
56	18	35.35693397	 
72	27	42.53982941	 
8	1	18.00392195	 
98	19	20.95830286	 
2	17	34.80896913	 
0	85	17.64058664	 
8	79	35.47350735	 
71	70	16.48476983	 
40	35	3.019496916	 
57	64	37.1615601	 
39	89	32.0702407	 
66	59	25.93697437	 
32	51	1.309838061	 
47	56	7.730430777	 
50	26	17.48619609	 
21	0	29.96395308	 
10	32	8.527807538	 
1	11	44.77828504	 
93	70	48.63500548	 
83	78	28.76409148	 
33	5	46.50675875	 
75	82	43.79117382	 
60	99	9.968068477	 
11	68	20.09134142	 
31	40	1.372632306	 
66	26	42.86680528	 
47	42	40.65891154	 
2	23	32.23897629	 
61	39	19.00871358	 
68	46	13.94735733	 
15	47	29.29599384	 
91	64	1.522052233	 
86	40	36.24796065	 
7	74	38.33351016	 
21	78	30.67969704	 
1	53	27.89170025	 
8	84	4.59997289	 
53	93	26.76880748	 
95	52	49.31655449	 
0	11	23.74128071	 
36	80	0.338573611	 
69	15	15.62726031	 
43	14	33.25932457	 
18	90	22.44150326	 
60	17	35.34070964	 
38	10	41.46270733	 
73	87	37.26377991	 
58	62	44.13786977	 
41	81	43.52907213	 
35	18	13.28365858	 
22	89	21.10433423	 
33	95	13.955687	 
57	97	15.70360554	 
43	11	39.61239023	 
82	71	12.40648602	 
63	26	9.263697282	 
68	60	13.18191352	 
22	77	44.18564801	 
77	1	39.70147702	 
43	18	37.02291184	 
2	99	49.51426516	 
36	40	2.522300384	 
93	3	46.7031553	 
87	86	36.43737471	 
78	12	21.58386206	 
79	76	49.44878643	 
37	15	25.55355549	 
68	92	23.402997	 
78	43	29.37537646	 
29	48	1.79945763	 
39	70	22.59815987	 
43	74	23.92364194	 
90	59	22.57049825	 
92	35	23.25627091	 
72	38	17.56323993	 
28	18	1.994934344	 
31	42	49.50655829	 
84	21	22.70941263	 
23	65	0.464959291	 
52	29	40.68063443	 
84	36	32.61888766	 
70	49	5.558227032	 
19	64	20.70851623	 
77	48	8.420474316	 
81	79	5.148274136	 
38	52	18.8707198	 
50	53	21.5462668	 
17	31	13.23563154	 
79	73	37.67175154	 
29	5	14.83934153	 
13	71	15.66159686	 
33	21	30.84010883	 
53	71	3.801185942	 
32	4	29.21252102	 
8	33	17.95189169	 
15	64	29.83994161	 
37	94	3.401615351	 
9	11	3.56373812	 
71	6	22.71824258	 
21	57	36.30007806	 
0	70	43.31753177	 
82	33	39.42022507	 
1	7	14.996189	 
19	40	24.51960854	 
35	89	42.56808821	 
35	59	27.04621457	 
89	60	14.22385561	 
53	41	25.40410099	 
45	62	25.37228624	 
18	23	36.50794071	 
11	66	40.73207775	 
10	86	30.6597683	 
77	88	5.865305551	 
51	36	41.02491276	 
85	12	3.122505668	 
90	42	13.42611629	 
39	27	33.37112511	 
98	99	34.97786174	 
5	55	33.29535978	 
47	79	32.50565713	 
66	50	46.9180121	 
65	63	19.58460711	 
30	94	41.91530964	 
49	4	7.976216772	 
39	83	23.42400829	 
45	78	25.8355816	 
45	66	5.901357282	 
60	38	4.467485135	 
81	76	31.39545768	 
35	2	11.58522176	 
96	83	23.033932	 
9	32	10.44417952	 
4	13	19.60129735	 
55	2	48.14070672	 
73	0	16.5348828	 
0	45	3.605026159	 
29	47	49.56135077	 
67	56	31.225966	 
9	27	12.54909916	 
16	12	31.75174396	 
33	86	49.61738718	 
21	67	49.81460003	 
23	71	40.22719315	 
60	21	35.89778462	 
25	69	33.32947191	 
95	75	8.295942146	 
46	83	23.20366895	 
29	30	47.27289813	 
12	95	5.417775669	 
75	11	34.07006879	 
74	11	23.3525376	 
90	39	4.370531589	 
62	72	41.69518622	 
8	54	46.44780728	 
51	0	42.23328293	 
27	19	49.44447591	 
81	94	13.40034787	 
33	41	37.05868169	 
44	33	7.435512961	 
32	6	30.01016431	 
3	45	17.10135555	 
2	22	41.0097974	 
88	42	40.55960824	 
55	91	34.2237732	 
5	69	24.98573502	 
65	24	16.11091265	 
4	53	11.82173298	 
11	5	42.66325848	 
89	79	4.325930381	 
29	38	43.75886567	 
5	75	5.897973757	 
11	7	23.206947	 
9	3	11.58161958	 
50	80	26.05656262	 
83	2	46.60482714	 
28	5	25.6242556	 
94	75	6.277376493	 
76	9	22.98069444	 
81	43	29.57546551	 
76	7	19.28143397	 
26	36	31.18414926	 
34	7	39.11603016	 
39	17	24.31708268	 
35	16	38.68816576	 
38	55	2.33590749	 
68	12	21.67038025	 
20	81	25.38725194	 
34	24	9.953245476	 
25	18	27.17256788	 
51	60	13.08493047	 
0	67	13.77269057	 
8	41	10.19261447	 
29	20	5.563462375	 
56	92	14.74665939	 
10	12	16.49167618	 
5	67	15.29356502	 
96	4	5.706129111	 
22	24	5.721669431	 
63	46	26.62607063	 
87	82	16.20571489	 
34	42	13.37857583	 
15	37	41.64823903	 
11	8	2.979318501	 
0	57	7.735483821	 
30	25	15.29250388	 
75	53	8.985832989	 
83	66	41.68367237	 
38	24	39.6695898	 
2	27	19.19246311	 
88	6	33.88842401	 
76	25	8.902871425	 
53	47	4.153291372	 
92	61	7.143606739	 
8	90	2.405169255	 
33	94	49.83671766	 
76	66	29.15906364	 
5	43	36.20792385	 
99	86	36.31834893	 
24	81	4.317790987	 
0	20	20.59615414	 
45	24	33.5458519	 
45	27	2.638366137	 
57	29	21.89428938	 
16	84	14.1558088	 
35	45	48.50604539	 
63	75	39.60753293	 
49	67	18.0792775	 
40	86	27.4331846	 
75	38	20.43991803	 
50	74	3.680309811	 
42	83	30.56452478	 
4	23	20.1963926	 
78	66	7.035414451	 
90	8	42.40557002	 
90	36	43.91129753	 
75	13	22.14993683	 
24	11	43.20552956	 
79	48	35.74560862	 
76	80	40.81728698	 
13	75	43.17703094	 
37	39	13.83909393	 
63	28	49.42095578	 
10	1	47.42382083	 
0	96	2.790558826	 
37	85	40.73842336	 
74	67	30.96369478	 
63	37	27.51711518	 
50	52	18.38814405	 
22	73	35.60904667	 
17	93	20.04159157	 
58	66	29.16731685	 
96	43	41.72391696	 
23	70	20.47300158	 
64	4	0.879233702	 
41	22	45.25801067	 
50	17	42.85435334	 
31	69	33.01235074	 
76	46	27.8442104	 
85	93	13.81377687	 
81	32	10.89057822	 
76	50	46.42449451	 
89	25	7.738561142	 
86	44	46.18560317	 
73	77	28.1879371	 
10	45	8.960789395	 
2	41	38.4364753	 
14	18	18.7716092	 
97	25	7.03548375	 
36	8	25.48605985	 
66	52	18.74546067	 
47	40	9.317755694	 
3	35	45.31287588	 
59	11	14.60407815	 
57	67	22.710794	 
3	33	44.73995631	 
56	5	15.35080497	 
86	48	46.61889896	 
76	29	43.30842195	 
92	91	28.93584322	 
8	68	47.03676059	 
98	80	40.81869203	 
79	2	25.76413383	 
52	66	21.74710802	 
11	99	4.937153615	 
46	55	27.6197318	 
48	55	27.86444836	 
46	87	37.41286039	 
30	46	15.46897113	 
36	69	7.163167793	 
49	79	41.92828807	 
67	25	18.68204202	 
3	43	28.18931181	 
57	56	36.13773159	 
9	86	44.91213871	 
43	90	32.69019525	 
3	93	42.7005275	 
41	18	0.281748472	 
22	28	31.05502931	 
37	58	6.705038476	 
6	32	11.33993651	 
25	99	20.5722669	 
53	17	42.86366626	 
44	76	24.04726393	 
68	61	30.52610681	 
71	47	36.14823885	 
14	16	0.753417525	 
35	42	40.93270859	 
43	49	42.2513317	 
48	85	23.02556927	 
70	71	37.95380161	 
10	68	38.67531642	 
92	45	45.27168693	 
23	64	17.81129092	 
16	43	18.4951141	 
88	40	48.12477176	 
43	50	33.12300654	 
80	10	47.04078618	 
63	95	6.704710929	 
46	59	43.21357661	 
58	33	39.6836721	 
21	96	49.18116273	 
59	64	17.34067916	 
11	24	14.42605437	 
99	53	20.47348088	 
37	41	2.999482699	 
20	38	14.29588472	 
19	89	12.42333079	 
42	14	43.31680856	 
15	71	9.428479982	 
59	79	39.53903181	 
43	54	41.76108746	 
66	68	11.65333341	 
56	31	26.50212007	 
35	15	1.94612152	 
41	38	23.57076286	 
65	8	8.872960444	 
83	73	42.96384234	 
50	77	2.670013605	 
25	37	1.028933107	 
94	41	29.19969763	 
33	97	46.42365616	 
54	30	9.802372415	 
59	40	0.760640726	 
88	76	35.55880302	 
64	39	48.25820585	 
27	75	16.55879937	 
88	62	16.04429814	 
12	69	36.18570561	 
86	5	27.33776513	 
50	1	20.87978989	 
98	64	36.24455639	 
34	35	35.1920106	 
74	71	9.301131743	 
71	13	49.30952237	 
87	10	7.139864011	 
56	93	37.14341991	 
25	36	11.15505471	 
42	88	10.1471049	 
68	32	49.42110506	 
77	94	3.187840768	 
17	83	21.83414926	 
73	43	41.70177956	 
39	58	6.348168532	 
77	39	24.98559575	 
48	16	41.90774363	 
67	73	4.33601704	 
56	71	45.152216	 
5	10	6.466843224	 
64	27	21.30129873	 
61	21	4.349986004	 
74	85	46.7158772	 
11	83	20.98468216	 
76	17	0.170264249	 
16	27	38.20948812	 
47	23	40.64803034	 
49	28	37.71840857	 
80	86	35.55710572	 
93	17	20.19857035	 
72	99	26.05569134	 
91	53	15.54030444	 
4	16	47.68895029	 
24	48	12.8499141	 
77	30	45.32380417	 
42	96	21.88028687	 
60	57	24.85076748	 
48	61	12.65107065	 
1	39	45.7564751	 
19	88	48.10511963	 
33	85	29.15777626	 
11	17	27.62156541	 
85	84	21.5454284	 
58	75	33.51584029	 
79	27	1.786066565	 
52	49	20.78374834	 
70	0	17.8218995	 
31	46	7.430278208	 
82	88	2.468248865	 
4	61	8.994197984	 
74	24	5.926153102	 
61	92	35.00561347	 
1	31	11.11708524	 
14	6	17.75558045	 
64	96	9.528091196	 
95	5	23.13762112	 
32	9	7.269378612	 
56	70	30.3280361	 
95	54	27.09770879	 
70	67	34.02062691	 
98	91	48.56695322	 
18	35	8.49802277	 
60	94	8.04972987	 
93	85	45.19768784	 
79	63	49.97996053	 
21	79	11.93115828	 
70	77	36.54259896	 
43	59	37.6036236	 
84	49	17.44584995	 
81	38	4.374956988	 
46	22	25.72130747	 
72	5	34.62138036	 
26	16	26.03695444	 
14	32	46.80142064	 
10	51	23.91795027	 
44	85	49.39178035	 
53	69	24.645332	 
69	88	18.74693507	 
2	52	40.61854991	 
53	45	43.36509947	 
17	76	47.37930814	 
35	19	3.221465261	 
76	30	17.1063507	 
9	97	15.98467949	 
4	38	3.310947578	 
6	58	40.52806081	 
97	98	0.166564067	 
83	31	1.89400525	 
10	53	11.66896962	 
27	10	34.4903885	 
45	98	37.3968599	 
72	35	6.385404619	 
19	2	17.16561815	 
81	3	12.27127853	 
94	99	44.62305061	 
58	72	12.07356912	 
4	45	37.75985501	 
86	93	23.07928192	 
7	83	34.60063484	 
83	48	31.52180225	 
44	68	39.19836467	 
55	6	49.7324754	 
43	93	8.086927963	 
64	20	7.02233381	 
34	53	36.9711985	 
82	23	39.800499	 
38	45	11.80081872	 
22	72	6.046733528	 
98	59	14.68562136	 
16	4	10.31606035	 
56	74	1.445740581	 
53	6	1.136762048	 
64	91	5.948940554	 
31	12	26.80648428	 
7	40	16.59804114	 
66	88	45.3643289	 
16	85	15.09328976	 
67	93	1.036352226	 
8	4	14.0479325	 
40	70	17.53252562	 
23	80	46.18844902	 
23	93	47.23588971	 
71	16	0.28804298	 
66	78	30.25830203	 
45	70	13.36097541	 
65	70	30.31549712	 
30	60	20.79666059	 
26	3	31.33172158	 
71	56	5.508294075	 
32	87	2.799777664	 
13	97	23.80918229	 
77	25	2.026256816	 
23	19	26.98784564	 
97	68	32.86002554	 
55	44	14.26693894	 
31	56	0.5674917	 
13	95	9.428313191	 
4	29	24.53687574	 
35	72	49.79166269	 
85	16	14.50521648	 
60	98	34.33083919	 
70	52	12.14000945	 
12	64	0.540523435	 
33	46	9.064755262	 
93	86	37.63229502	 
45	74	33.97619946	 
81	17	11.21194202	 
44	75	20.43187157	 
31	74	5.648222588	 
78	14	27.18118341	 
67	20	18.22787318	 
83	76	18.11341174	 
24	42	16.62715365	 
79	11	30.41973871	 
48	38	37.41745892	 
85	59	27.96934654	 
37	35	1.010385005	 
91	81	3.623548186	 
33	81	40.89610924	 
64	65	0.532716082	 
26	95	7.535902297	 
2	69	44.03229024	 
82	40	41.81643091	 
97	53	48.52294852	 
73	78	20.41039823	 
38	1	35.12657043	 
2	28	20.64522366	 
19	91	43.10624532	 
54	10	36.64745684	 
47	84	31.48686453	 
75	79	2.068808626	 
91	78	2.451051897	 
63	42	37.15019654	 
54	59	41.22069954	 
7	73	8.866181905	 
62	18	0.225259528	 
15	62	26.61851789	 
97	48	49.36796584	 
51	28	32.61206862	 
16	10	18.72391803	 
62	10	14.09351918	 
97	17	13.08477861	 
13	25	44.54892266	 
26	52	17.54234426	 
88	59	34.5509946	 
24	51	28.0164305	 
58	30	12.50005277	 
59	5	36.90017056	 
17	42	35.30087246	 
24	89	20.28549328	 
31	73	39.44978328	 
69	63	13.7689762	 
79	39	9.289902707	 
14	59	27.56227552	 
74	18	23.57960411	 
43	85	31.48525223	 
87	76	0.15316458	 
41	93	1.566491467	 
27	87	20.43362246	 
49	13	25.68700947	 
15	25	39.44715129	 
6	85	11.21945344	 
13	33	16.91600345	 
9	93	47.06484668	 
42	40	49.90139174	 
1	19	27.32128254	 
35	99	37.83021825	 
99	4	37.17274411	 
13	43	38.90375131	 
12	26	32.59270544	 
69	99	5.172392786	 
2	44	21.21036343	 
29	3	18.92199511	 
30	20	34.16722257	 
84	33	35.59661479	 
16	71	49.04624478	 
85	41	39.64743611	 
5	88	4.85254341	 
63	36	24.95226075	 
89	71	33.54676132	 
57	82	36.20849847	 
40	57	10.81913615	 
6	5	11.78244611	 
5	20	13.57355712	 
15	53	2.478387341	 
11	71	1.532378017	 
44	37	4.742937619	 
66	28	23.67363396	 
62	37	37.08799113	 
20	57	33.70038291	 
63	56	41.55244833	 
16	39	47.64671006	 
86	85	5.623618929	 
74	26	24.51150385	 
26	0	28.31967205	 
87	42	7.266076081	 
32	86	45.71819386	 
24	45	35.5352536	 
7	77	39.70807929	 
75	39	29.70776363	 
49	84	39.0616015	 
67	37	38.73031812	 
81	59	24.25721497	 
10	17	45.463328	 
4	11	0.387985942	 
97	72	45.57697092	 
54	62	1.017498233	 
93	67	0.871613625	 
43	73	11.03300946	 
28	48	8.99035597	 
28	72	48.96763886	 
87	45	4.716784403	 
89	4	36.77989369	 
84	29	36.58211361	 
45	16	16.95725956	 
97	89	15.27374076	 
8	63	25.42222398	 
47	11	17.10854677	 
14	27	31.64640844	 
56	40	30.35280606	 
88	24	30.49800159	 
96	29	19.97101909	 
85	86	44.86003372	 
43	32	16.29145402	 
16	56	40.33631787	 
42	84	45.3952124	 
48	51	37.13717244	 
71	9	36.72063242	 
55	19	32.50127795	 
67	96	28.52520379	 
88	50	25.12189766	 
36	74	22.57148154	 
67	16	38.24464816	 
26	48	25.59848662	 
92	68	8.588135085	 
71	88	49.62353368	 
88	2	30.26664608	 
25	34	4.874044285	 
0	43	26.62700118	 
42	27	14.47266567	 
48	40	25.77750755	 
38	37	4.717424313	 
64	53	4.78595526	 
44	84	47.36737298	 
11	0	41.97453952	 
44	9	9.580018542	 
95	59	0.357113542	 
26	92	46.2530547	 
25	38	39.35238561	 
53	38	38.12901234	 
50	11	41.39201013	 
40	4	10.759646	 
72	66	13.27522432	 
3	73	47.99387508	 
93	12	9.893454353	 
22	92	47.11868713	 
18	43	45.22205118	 
80	39	24.61673946	 
0	39	37.50295752	 
97	66	46.94224195	 
2	92	45.84628789	 
0	63	39.34342501	 
51	6	26.21218523	 
17	57	12.11640531	 
16	91	31.31147055	 
56	34	27.68783829	 
54	83	11.31201112	 
54	28	36.45713921	 
39	51	35.23842152	 
57	22	47.54938374	 
28	93	14.87111837	 
84	42	6.497762196	 
69	0	24.45649272	 
26	80	3.665036986	 
75	81	32.30066584	 
15	38	29.86437361	 
50	19	40.71228369	 
26	99	40.61198272	 
71	21	48.3272433	 
16	87	4.413822805	 
91	54	36.35571419	 
73	18	10.59214768	 
31	39	33.2086299	 
70	25	14.20962826	 
14	0	46.67167931	 
51	59	38.93548619	 
45	85	19.44570589	 
87	91	30.5069106	 
71	67	24.87026	 
53	59	25.40790204	 
37	68	23.93149633	 
53	92	8.349669668	 
58	7	15.12866899	 
33	70	26.40295978	 
60	46	9.49142194	 
95	39	48.27733954	 
26	72	9.872939287	 
74	88	27.89630554	 
31	37	25.72599743	 
38	34	28.12189042	 
15	43	19.95012842	 
45	68	16.69033942	 
86	16	29.55835235	 
13	88	35.97921772	 
26	93	32.50372394	 
41	74	13.04444761	 
38	57	45.2454933	 
14	96	31.10508608	 
36	20	20.14081085	 
91	3	16.72173736	 
87	78	34.85564766	 
49	95	18.90377659	 
90	73	14.76453969	 
91	4	7.156823234	 
22	26	8.194802724	 
22	14	19.20461976	 
53	97	12.42726492	 
34	92	41.26256842	 
56	51	1.24887888	 
1	21	40.46503758	 
23	55	9.972484209	 
71	35	17.60272515	 
96	84	31.06359083	 
84	97	22.20138008	 
70	26	26.49987165	 
59	33	12.14743006	 
43	95	7.927661972	 
33	32	39.77125266	 
89	48	0.663160422	 
97	37	15.56264147	 
81	48	31.88859518	 
42	30	25.06185668	 
74	25	36.65641381	 
32	36	23.23797644	 
73	19	18.11695139	 
54	2	23.94165317	 
19	12	30.73198074	 
76	23	38.40900402	 
62	51	3.283649442	 
51	61	41.83216496	 
64	17	27.39875071	 
52	8	43.51187304	 
6	90	26.17850238	 
96	53	36.58459603	 
23	68	9.042603178	 
7	61	6.936087455	 
38	75	36.63714438	 
10	8	26.19695058	 
1	96	16.53635133	 
4	17	47.78686157	 
25	26	12.90349543	 
23	24	28.38210225	 
8	58	49.58126355	 
95	81	46.23898153	 
58	18	7.463022655	 
94	3	10.07334752	 
45	42	40.94581883	 
46	30	41.96469054	 
12	68	29.99203601	 
62	27	23.30620402	 
4	42	33.53269668	 
11	57	34.73845411	 
47	71	5.773862855	 
62	20	9.346598509	 
53	22	30.53331138	 
54	55	29.86990116	 
67	75	34.29643853	 
58	2	12.08125117	 
40	48	33.67146498	 
37	40	28.22970298	 
38	88	1.454170874	 
61	48	35.03201029	 
54	93	7.133660717	 
79	66	49.73005194	 
41	45	3.663187229	 
79	57	23.09537677	 
65	72	26.02573561	 
4	27	3.363614337	 
89	12	16.71046524	 
46	19	47.76793788	 
93	8	1.61741052	 
64	31	21.44868128	 
31	95	25.04835559	 
40	27	22.36561025	 
84	5	21.48693228	 
61	80	13.71190983	 
75	41	2.422006247	 
46	70	17.78735734	 
29	79	42.52745096	 
12	88	28.52153175	 
93	55	18.88770013	 
36	31	40.41634934	 
85	83	10.10753066	 
19	6	14.72228495	 
67	72	49.26804671	 
71	57	49.66059343	 
60	34	47.66787322	 
80	13	4.017114724	 
37	78	36.20716249	 
41	64	32.87755799	 
3	77	16.90449718	 
40	9	40.01917322	 
47	87	4.915438275	 
60	37	15.23865089	 
60	12	9.070244779	 
43	75	23.99156014	 
13	92	45.70808768	 
1	13	37.79548372	 
77	52	25.82693974	 
89	55	4.191504942	 
39	4	14.42540802	 
4	68	13.99981419	 
67	39	10.60833381	 
63	4	25.33395085	 
59	76	45.10801562	 
69	45	42.77912437	 
78	40	20.96275569	 
11	62	9.450234464	 
53	36	12.16178835	 
58	15	4.274448175	 
60	79	26.43816652	 
68	41	36.3674925	 
32	81	9.222726571	 
41	47	40.7504301	 
23	85	27.33310082	 
2	49	10.45087143	 
66	17	28.76868471	 
31	8	37.46500786	 
13	84	48.80263617	 
66	70	45.77792389	 
58	52	13.07728045	 
4	12	28.51068893	 
33	59	44.83844515	 
77	49	42.45892048	 
58	91	15.32396582	 
39	63	28.9644216	 
19	83	21.0162529	 
55	53	2.911960113	 
41	28	25.23269145	 
42	46	1.877866348	 
53	96	16.35924433	 
90	79	13.26966187	 
71	73	19.93270473	 
50	99	41.29050235	 
66	44	44.47823972	 
34	87	16.47376596	 
14	65	39.07440919	 
33	3	28.25211288	 
54	80	33.20486556	 
23	90	35.71664111	 
65	56	48.88492485	 
84	28	13.98760339	 
88	64	32.30614014	 
91	5	0.441457871	 
84	1	18.32098195	 
19	76	49.8990773	 
37	2	20.80291059	 
46	35	18.52838778	 
2	75	8.415068411	 
95	57	22.02103454	 
94	86	10.23875946	 
43	30	25.99362675	 
34	43	28.52706658	 
65	61	12.72056611	 
61	51	2.642095493	 
66	47	42.26994211	 
29	27	25.56302316	 
70	68	40.07309183	 
40	82	26.84817853	 
39	26	27.16705227	 
59	1	1.923287797	 
78	63	0.027946409	 
16	49	27.8363684	 
92	39	36.67281176	 
96	5	11.40364072	 
14	21	40.60364392	 
5	12	41.96682104	 
13	80	27.65743601	 
89	97	3.122636967	 
51	57	27.54927265	 
78	9	18.61894822	 
58	49	0.085389802	 
46	72	37.93872358	 
93	77	15.35046742	 
32	28	47.24936249	 
59	84	8.205477208	 
63	54	46.25350848	 
18	65	36.33083777	 
13	57	27.27735938	 
41	14	47.16539657	 
10	87	43.60984613	 
50	59	6.053637839	 
12	18	21.74218028	 
84	55	1.149877699	 
99	48	23.8428486	 
10	66	6.869369925	 
19	35	0.226617412	 
54	67	36.77142535	 
41	98	35.46885485	 
9	44	16.08210613	 
31	26	44.9371026	 
93	75	0.221744298	 
86	72	7.32566401	 
1	72	24.84816694	 
54	35	3.831606053	 
83	39	42.62027925	 
1	79	23.07524225	 
79	29	32.62863877	 
31	72	24.32371813	 
50	76	26.56217693	 
16	45	42.28755504	 
46	63	5.693755716	 
11	64	48.38024819	 
32	58	32.10964448	 
80	15	22.16462335	 
98	0	46.18032788	 
5	81	4.871209554	 
60	97	31.91097195	 
58	96	46.71649574	 
87	46	24.43947648	 
46	98	22.52249754	 
31	15	0.335662615	 
68	56	11.8507858	 
89	16	7.79258449	 
64	19	32.86835555	 
24	46	35.40341662	 
43	99	37.71673748	 
48	49	43.33033271	 
9	81	20.6185187	 
49	77	18.80528737	 
2	37	10.07292037	 
85	7	20.75694377	 
18	85	11.84431997	 
98	12	42.22503282	 
73	34	0.436761388	 
21	3	11.3206561	 
80	58	35.50768467	 
18	32	31.92097878	 
16	1	13.74506193	 
22	35	41.65386565	 
67	29	25.80236045	 
32	20	11.80401406	 
82	27	47.91893339	 
29	17	28.26371851	 
6	9	13.42780717	 
37	82	13.45972238	 
80	77	22.56917158	 
35	36	2.157369035	 
98	81	29.3604617	 
5	9	38.57025004	 
98	44	49.62596178	 
37	97	2.707318241	 
52	37	24.00409636	 
14	92	10.85261443	 
98	67	26.6655614	 
94	69	40.18864823	 
16	73	42.90051652	 
82	87	47.12941569	 
25	78	2.432181667	 
91	95	35.43206587	 
14	74	35.84591412	 
54	23	47.92865986	 
63	13	20.61082668	 
30	66	21.10496012	 
12	90	48.32015868	 
93	40	25.55512026	 
27	8	46.34499021	 
6	57	19.09973989	 
23	36	28.7136127	 
88	97	2.010973834	 
52	76	8.636697758	 
79	38	12.43440729	 
70	13	20.81503718	 
95	48	36.61434606	 
93	43	46.18340117	 
39	50	40.77066069	 
87	28	46.22105725	 
79	85	5.39552711	 
82	26	35.72075195	 
26	79	7.733416772	 
57	91	36.71407237	 
45	88	25.21075613	 
21	11	35.26621325	 
73	64	32.76100652	 
90	27	8.384873255	 
61	67	21.58666116	 
65	80	45.84369158	 
61	94	32.43806069	 
59	19	42.72097681	 
56	62	47.47110932	 
42	32	39.00042741	 
76	93	23.5022195	 
30	5	40.34495025	 
53	85	31.51514399	 
95	37	16.72012064	 
60	48	0.326568481	 
52	39	14.52310417	 
95	27	2.688505031	 
98	34	37.16237719	 
82	49	46.78737752	 
83	23	4.529179098	 
36	90	44.66017092	 
90	69	40.75797995	 
21	60	20.38762436	 
48	71	25.91770404	 
58	71	45.45261809	 
88	49	1.721188182	 
65	44	14.49188981	 
88	39	47.9355387	 
24	66	23.90536899	 
6	33	46.74658262	 
79	78	3.737820171	 
18	91	8.322403766	 
89	17	20.1586054	 
8	97	23.35046121	 
75	76	18.54319216	 
19	13	5.942957677	 
87	85	10.97342102	 
80	7	28.48726274	 
47	65	12.99104207	 
71	85	14.97356022	 
56	57	29.46671531	 
6	15	13.89496617	 
57	33	48.4663366	 
12	5	4.820749182	 
67	58	42.29663388	 
66	95	11.66042519	 
51	22	1.077995078	 
72	69	17.0531657	 
66	36	23.03845819	 
98	27	28.96981035	 
80	84	2.933581412	 
17	48	47.13136733	 
77	3	3.704909046	 
47	21	0.20767027	 
36	27	14.76952045	 
47	41	27.01708499	 
47	3	19.49391479	 
80	2	34.29332196	 
15	10	10.49839494	 
58	59	23.68708036	 
19	63	7.857885305	 
80	88	3.932548931	 
95	32	1.89159874	 
61	75	1.674187798	 
95	51	4.778230233	 
32	50	4.765701897	 
22	37	13.34637917	 
48	79	13.4396568	 
55	50	44.30206426	 
26	20	31.00416074	 
5	34	12.2783972	 
66	33	33.6053891	 
54	39	32.95129418	 
28	90	42.13057399	 
15	88	18.86434268	 
22	12	7.299431093	 
99	85	42.79698947	 
25	43	16.73482128	 
48	29	25.5343371	 
68	3	18.24285238	 
96	12	31.89175104	 
69	17	15.29318369	 
70	28	20.52960053	 
74	8	25.0543067	 
4	52	1.620001796	 
82	31	48.10200982	 
72	7	49.80494292	 
7	81	36.03422182	 
96	91	15.64047837	 
6	62	17.81468635	 
65	3	5.254762015	 
49	52	6.29541451	 
67	95	7.98674557	 
50	30	6.593850638	 
28	35	40.95339706	 
37	48	9.785038478	 
87	51	20.13892968	 
62	90	40.11744896	 
80	17	8.109128445	 
67	74	0.553512264	 
16	90	2.034081537	 
36	28	35.56400583	 
17	29	33.13057564	 
97	75	8.046633246	 
33	42	14.97962594	 
42	23	39.87889989	 
8	91	1.623778531	 
11	95	24.59419388	 
88	9	2.982937388	 
98	58	8.837294822	 
24	0	43.51616124	 
93	15	41.1939719	 
28	30	17.34983383	 
80	26	47.27367045	 
32	97	30.12248897	 
75	70	12.42424718	 
21	55	36.69600273	 
40	56	18.04200763	 
50	86	16.03492695	 
75	14	19.05388757	 
19	85	6.393157239	 
13	69	23.53448993	 
74	23	7.071083475	 
44	51	1.575325042	 
48	36	41.89162983	 
15	32	42.54305546	 
12	63	8.166805249	 
29	88	28.03524285	 
58	37	20.85515028	 
72	29	15.46328392	 
66	56	17.22510171	 
22	38	10.25800705	 
80	40	34.48820051	 
44	66	9.365446885	 
77	36	8.889759484	 
17	51	45.768273	 
80	97	5.896058114	 
99	50	41.70194319	 
42	93	3.568021137	 
32	2	19.73780105	 
25	29	9.407181919	 
9	73	41.39675963	 
29	28	39.15370107	 
32	84	8.674832835	 
65	86	25.95833338	 
72	34	21.71037867	 
71	93	16.61932857	 
45	80	35.31037841	 
34	74	42.00920028	 
8	62	23.8035788	 
98	42	24.98714942	 
23	46	45.30102234	 
15	50	41.86035332	 
33	1	27.4358407	 
52	23	11.69446329	 
9	90	24.74308741	 
1	67	24.46307004	 
98	90	14.59947777	 
18	54	26.63701622	 
27	56	48.33038884	 
29	76	30.51207043	 
35	50	43.7050267	 
35	55	44.56298726	 
17	70	9.86587179	 
87	99	35.28286542	 
92	75	18.30939669	 
3	16	22.00797469	 
56	52	19.2924298	 
55	59	30.96699834	 
94	20	40.8722168	 
57	21	28.95557428	 
39	97	17.85342594	 
74	61	30.27662842	 
97	47	49.27045963	 
71	46	43.69172901	 
17	88	3.341887594	 
91	0	30.70440057	 
43	97	29.49263916	 
54	8	45.37404711	 
67	98	23.99706859	 
63	38	39.00122694	 
70	20	38.50022744	 
90	93	19.36331617	 
70	4	41.89868389	 
0	35	31.66224411	 
74	49	17.23955866	 
63	18	21.92996654	 
1	0	25.36284448	 
86	7	0.120339366	 
11	53	1.521508589	 
29	45	2.138565175	 
83	5	45.61687034	 
54	1	41.60835326	 
13	3	29.21742571	 
80	65	43.91103366	 
28	92	18.22942633	 
41	90	13.00870489	 
31	55	16.56712551	 
16	98	40.2943382	 
9	43	8.098445279	 
86	58	25.54484359	 
27	28	25.64677138	 
64	10	46.54889909	 
37	0	29.27874137	 
6	73	26.29959143	 
0	48	23.56965893	 
24	7	20.51333783	 
70	51	32.83560381	 
85	20	7.003583472	 
82	64	26.49874337	 
47	66	10.38376761	 
83	88	32.31915037	 
71	65	33.55779434	 
44	53	3.136951117	 
3	24	25.54734661	 
85	74	39.3654098	 
74	97	0.96363617	 
3	96	18.37617105	 
24	31	15.61422345	 
35	14	34.09329029	 
93	50	9.49287863	 
40	17	20.41913919	 
60	40	39.16710877	 
70	85	9.235578593	 
15	80	44.39159127	 
8	31	4.369818878	 
0	4	49.43491495	 
10	2	29.86694463	 
42	59	23.64414843	 
15	33	1.70076911	 
66	8	8.697699939	 
70	86	20.82549814	 
35	11	4.265533105	 
82	76	8.50985502	 
86	17	18.88182497	 
37	89	43.57267663	 
35	75	40.33162455	 
16	95	11.23044911	 
51	70	2.937811615	 
98	89	39.08722908	 
81	83	31.0940102	 
95	86	10.79778099	 
90	11	34.53475455	 
86	66	16.72896049	 
18	53	26.57303641	 
40	20	31.71825583	 
69	50	40.44474782	 
94	23	13.48733737	 
54	61	2.030913698	 
25	47	5.639749481	 
94	34	20.275577	 
6	71	26.79318186	 
64	83	16.8378545	 
63	66	1.374611664	 
44	83	4.776986005	 
42	26	18.97647019	 
26	68	29.93102024	 
93	57	30.67946706	 
76	70	32.38626002	 
38	63	41.06362876	 
14	52	40.56511527	 
86	89	26.58550936	 
78	79	47.91089847	 
89	77	23.90510786	 
23	28	44.17406786	 
95	31	39.39271098	 
31	7	0.799994833	 
70	79	11.53527155	 
82	72	45.61787161	 
5	36	44.30721852	 
50	89	6.199948062	 
90	75	16.69241544	 
25	65	34.91309582	 
76	96	6.621166211	 
1	89	3.358782206	 
93	56	20.99475491	 
80	76	17.94853476	 
18	58	30.11339703	 
2	46	44.15109329	 
11	82	17.07548277	 
78	75	32.73805816	 
6	56	9.888454325	 
99	93	27.29940317	 
43	89	27.81092049	 
84	82	20.34097921	 
14	22	28.73013249	 
86	22	18.76528266	 
21	12	9.340213004	 
57	43	22.68058267	 
48	64	7.356363684	 
70	6	36.52228005	 
89	87	5.930839611	 
75	46	26.25379452	 
2	12	39.72820393	 
80	68	4.092649673	 
30	76	17.850496	 
42	2	21.73642872	 
50	60	25.2323025	 
5	11	41.12048184	 
24	33	9.986792299	 
53	5	19.99395975	 
40	7	24.80701111	 
92	86	41.62410766	 
95	88	6.337566171	 
54	40	39.31092019	 
18	69	42.74093409	 
18	33	36.97393781	 
7	6	35.62068096	 
15	12	16.17249167	 
45	8	36.04004527	 
0	42	12.38917175	 
21	40	12.62489513	 
58	28	6.430434077	 
21	82	21.93691424	 
93	23	11.16681823	 
61	58	39.96836805	 
13	86	21.9225076	 
30	3	4.937355482	 
14	67	12.17797598	 
38	30	14.02758199	 
60	42	11.80568017	 
22	41	0.66951977	 
23	25	22.5004975	 
92	30	23.15891285	 
82	43	21.91450571	 
50	38	39.71453018	 
34	54	46.0347115	 
62	61	34.82054142	 
77	19	5.45773151	 
20	6	22.60094639	 
62	3	21.38008954	 
52	82	18.52411451	 
63	60	20.46444863	 
29	1	13.82689554	 
32	16	19.9337862	 
1	44	8.148351096	 
53	89	13.35558608	 
98	93	19.0154442	 
93	79	21.06382157	 
27	64	21.07705586	 
29	0	41.18564466	 
18	77	20.71562714	 
25	15	9.619529358	 
67	78	42.33230999	 
91	42	14.60578046	 
51	16	1.876612024	 
17	19	40.34145527	 
1	92	4.398613158	 
78	30	36.56997162	 
37	4	46.82725366	 
72	3	36.9504666	 
84	78	33.09802292	 
1	32	43.96769059	 
71	72	20.68542213	 
94	46	30.88896975	 
94	96	3.254033977	 
83	30	16.79203877	 
96	71	41.65086884	 
36	55	11.20459724	 
48	63	37.33358937	 
57	5	22.41186498	 
65	9	17.60489783	 
90	15	12.26867495	 
0	62	28.51179853	 
82	17	9.939159035	 
71	64	1.447639557	 
27	35	9.555647212	 
17	82	22.59446865	 
80	46	27.42891801	 
93	98	1.317217663	 
39	6	37.61215092	 
22	86	23.81075182	 
76	52	16.6386159	 
69	98	14.66368015	 
59	66	1.397416688	 
54	32	7.104629864	 
32	61	44.32949045	 
92	7	18.70220158	 
22	64	46.7859392	 
82	16	3.077708295	 
72	16	19.21575749	 
70	17	4.071919101	 
61	55	8.310933948	 
26	70	36.44749745	 
63	21	26.11772716	 
65	73	8.264257893	 
27	39	29.63550321	 
30	88	19.30330029	 
88	81	36.22992151	 
49	15	18.07316957	 
91	8	13.47091235	 
51	48	8.285357344	 
67	11	37.37501465	 
86	79	14.75060562	 
0	92	22.88467004	 
56	27	27.60970398	 
13	29	31.19643755	 
6	79	48.96864556	 
23	92	12.7964292	 
24	57	40.30518006	 
69	39	10.83531764	 
92	38	25.81998084	 
38	72	45.00683911	 
86	69	3.126751281	 
99	16	11.85889942	 
2	13	20.09226571	 
32	68	11.16065277	 
44	39	37.02681446	 
52	26	29.39635578	 
54	49	18.57151929	 
21	87	42.3572493	 
77	7	0.338755252	 
19	69	45.78227756	 
48	90	19.82072526	 
6	40	27.48882645	 
47	10	49.80115874	 
62	28	6.503058909	 
59	43	10.43288212	 
45	75	47.62366092	 
78	51	30.14362132	 
72	36	2.679421705	 
98	96	20.94636404	 
14	31	21.65585984	 
2	1	9.164966927	 
27	3	15.86394559	 
63	15	30.29528257	 
93	76	10.5636865	 
66	63	39.81506683	 
27	86	38.96822681	 
23	88	8.708011729	 
59	94	46.15372264	 
36	4	48.20245625	 
52	27	33.75968408	 
59	86	45.01379265	 
82	93	23.19092922	 
25	71	34.76474154	 
10	42	30.35101436	 
28	19	11.30072084	 
10	11	32.20415764	 
85	90	15.72968664	 
92	81	11.06949017	 
56	90	4.0614236	 
98	26	23.88548502	 
55	88	4.184018364	 
93	18	2.085640902	 
84	88	14.34365152	 
60	65	0.272059703	 
1	85	14.66571686	 
81	31	4.658768841	 
96	34	42.32965446	 
65	15	17.62622771	 
6	87	48.1779307	 
6	37	13.68030954	 
86	84	4.261332392	 
80	49	33.40533779	 
32	15	15.63992711	 
72	0	17.22562416	 
5	17	41.58698644	 
54	60	48.41224927	 
26	77	6.876905417	 
6	1	8.747988343	 
15	66	24.44699128	 
73	25	2.711938567	 
39	80	41.50296264	 
18	72	16.78141113	 
72	40	20.47176846	 
15	6	19.26623738	 
33	87	34.33310816	 
71	23	22.07883613	 
22	63	6.355596372	 
70	78	33.4550863	 
54	63	42.29457965	 
15	77	7.378033793	 
42	76	37.43614728	 
45	37	41.97857228	 
82	25	40.06683881	 
62	58	45.31172794	 
89	98	0.612435618	 
22	93	10.37002692	 
7	96	38.24174623	 
75	15	19.17522372	 
5	91	35.96108049	 
54	12	24.68299214	 
25	27	11.04969928	 
74	44	34.07214734	 
92	20	10.34016734	 
0	10	28.95696488	 
3	21	30.07090475	 
54	94	46.25450707	 
92	56	6.945338484	 
86	91	7.807658631	 
23	4	41.45771403	 
90	44	41.63839554	 
35	43	3.383028401	 
89	7	21.12570506	 
23	2	35.13468483	 
38	17	26.1453797	 
67	64	6.543725659	 
90	3	2.51092793	 
39	31	8.489021541	 
34	75	29.5781608	 
17	10	17.4832851	 
2	7	22.91507167	 
2	33	2.219216901	 
86	27	46.55492956	 
36	83	24.49737896	 
40	31	16.98711267	 
87	70	11.70228054	 
24	79	3.330653103	 
87	89	8.519046458	 
47	91	10.83143687	 
38	33	3.116241993	 
15	78	35.24521956	 
8	61	46.15140554	 
62	17	31.50133658	 
94	52	33.61949757	 
24	50	40.0417736	 
39	24	10.44197111	 
41	89	25.97139741	 
2	47	35.65472483	 
77	65	3.783764177	 
48	66	23.88001079	 
46	84	35.81755635	 
30	24	7.202810802	 
60	56	11.12991037	 
97	82	27.87930658	 
94	57	8.487589852	 
55	96	42.728581	 
4	82	41.68762407	 
85	0	33.35344063	 
86	13	25.32027203	 
29	62	41.64233551	 
1	93	3.542788521	 
53	72	41.83491204	 
47	92	39.65342603	 
77	67	23.53872739	 
41	40	46.72146825	 
48	20	39.82199313	 
30	4	39.77186986	 
7	31	1.293361437	 
82	79	32.67392904	 
32	98	4.717266011	 
72	50	24.46186555	 
33	4	49.68296739	 
7	47	40.52493371	 
8	7	11.18972149	 
42	95	9.509640626	 
55	51	2.156381421	 
41	49	9.652319682	 
36	96	47.87690088	 
75	28	37.49591806	 
53	34	14.32327086	 
98	21	31.26720251	 
24	9	17.28163006	 
34	32	37.70311814	 
67	49	6.619849065	 
16	68	32.66759352	 
98	68	9.1019582	 
54	73	6.149734719	 
67	2	31.09933489	 
90	25	25.34624575	 
0	47	45.88677455	 
78	37	48.15723774	 
70	48	12.93280553	 
33	45	29.28195397	 
27	30	10.76567519	 
27	70	26.24558842	 
96	90	26.04544159	 
77	5	35.57542168	 
24	90	15.71116762	 
6	89	15.6297918	 
45	56	26.72601387	 
52	25	11.66075877	 
40	69	3.428138222	 
58	11	29.06033773	 
75	80	28.43951602	 
35	17	30.01206562	 
80	96	6.996616052	 
96	14	14.92531433	 
77	41	43.31526882	 
95	62	21.1451321	 
55	49	45.69014282	 
64	3	14.19243039	 
3	49	47.59638469	 
73	99	40.08228646	 
35	93	26.42698934	 
45	43	36.0981675	 
58	68	21.27060962	 
9	84	9.598214449	 
93	1	14.25270198	 
69	5	23.9383009	 
49	80	33.15599132	 
3	30	24.81600874	 
71	11	18.77735582	 
41	95	21.48122667	 
13	4	22.03660415	 
98	38	9.758673851	 
12	15	2.954574843	 
37	88	38.19037038	 
78	50	31.09062836	 
64	23	49.11073551	 
22	62	46.23606114	 
11	50	11.65736016	 
20	69	30.46809026	 
28	41	27.17358415	 
71	60	10.1484844	 
88	79	31.33798687	 
34	44	29.36756347	 
65	76	11.774017	 
4	87	15.37076595	 
28	55	47.06188213	 
23	61	17.22824861	 
9	21	30.99557842	 
5	70	6.959748199	 
5	46	26.24406565	 
21	8	43.76979879	 
4	32	2.754908205	 
15	28	36.14901698	 
7	79	34.53463092	 
35	61	47.89652577	 
99	94	26.29292287	 
96	75	10.6402909	 
71	86	3.745761779	 
80	90	37.11749544	 
69	10	35.81960297	 
68	91	36.63615072	 
34	89	30.47178784	 
18	92	0.505450072	 
75	26	14.37371236	 
8	26	33.72337365	 
54	87	46.32156232	 
10	78	44.87014562	 
28	8	44.69746184	 
80	81	14.61193363	 
8	47	45.42930694	 
68	98	22.65641732	 
12	14	19.89502883	 
72	92	12.07883613	 
12	1	4.783774646	 
85	38	30.83533719	 
96	50	23.99116215	 
36	85	31.73722861	 
45	82	31.37849587	 
48	96	47.46714445	 
43	57	44.66655127	 
72	37	33.77982978	 
22	45	1.002008116	 
23	21	39.23102289	 
52	65	6.911302829	 
30	98	16.94295117	 
19	49	7.966092818	 
71	87	26.41225617	 
31	75	49.67851523	 
4	26	37.89927197	 
24	12	8.073817944	 
5	40	32.63844914	 
78	29	24.07062059	 
72	2	13.10064921	 
82	36	9.835725986	 
42	57	18.92900736	 
91	62	1.474692042	 
24	16	44.11420171	 
30	77	10.97686985	 
31	36	11.3923059	 
59	71	27.67473151	 
82	5	31.49432249	 
95	19	15.11497535	 
84	37	8.869171493	 
43	88	1.081998434	 
90	41	1.125107193	 
58	63	11.73892993	 
13	83	29.52686534	 
44	54	46.89642106	 
75	23	10.99164798	 
52	3	38.56833612	 
62	89	10.23873879	 
89	61	31.70659276	 
58	1	4.149139363	 
27	11	34.64780957	 
52	75	29.94222348	 
52	9	2.951772573	 
72	64	25.20645102	 
62	88	48.78795956	 
98	95	1.318612019	 
72	58	11.16475862	 
95	1	26.21839369	 
54	88	8.436706255	 
38	70	7.193944304	 
6	3	21.77023323	 
82	99	40.38227	 
18	37	39.36552935	 
90	78	41.9903005	 
1	2	44.68055572	 
45	3	22.88177421	 
88	72	38.29631444	 
51	72	8.819012927	 
13	85	42.96157545	 
38	28	32.2000499	 
93	89	20.2292881	 
14	9	46.17518455	 
51	18	43.36361311	 
85	25	48.57277697	 
3	65	22.27826003	 
56	1	40.96942241	 
93	13	30.42958796	 
32	30	1.738812913	 
36	22	29.24261877	 
86	15	0.975299077	 
8	92	5.410146016	 
43	83	24.07473059	 
91	45	38.4679017	 
58	20	34.43232822	 
44	7	35.02853511	 
83	68	38.44436549	 
10	36	14.20624868	 
81	67	27.35329719	 
69	94	49.65783231	 
53	77	48.08226129	 
68	30	27.04195495	 
9	85	24.11449753	 
58	64	29.97656689	 
61	20	29.66720537	 
49	97	19.58117929	 
90	55	32.11381652	 
9	30	42.42460158	 
95	68	7.135447771	 
36	52	21.10795759	 
72	10	9.500210949	 
7	95	46.16984273	 
16	67	28.64092274	 
1	45	12.01866639	 
52	48	30.0995868	 
4	98	48.65014187	 
98	72	5.210035181	 
34	11	21.81148444	 
36	5	7.961487763	 
42	6	0.894737975	 
94	65	28.08877228	 
20	7	14.12911821	 
7	16	5.102964292	 
46	61	34.08421616	 
80	78	35.42565693	 
34	20	27.809127	 
96	49	39.15811219	 
21	6	37.61099257	 
61	42	15.95977907	 
24	28	12.66711303	 
69	31	38.10405223	 
27	66	19.56290672	 
60	63	15.36486419	 
55	17	5.578374093	 
55	61	13.32855513	 
90	95	22.42773305	 
13	56	11.22087685	 
87	39	28.62004122	 
78	21	7.623583049	 
11	27	11.46254379	 
22	96	27.6339367	 
17	40	45.1592368	 
7	9	3.096709824	 
37	9	22.53838326	 
63	29	42.19463055	 
36	18	40.54844967	 
36	16	25.15478192	 
49	39	40.47054823	 
79	72	30.4501579	 
23	99	16.85272496	 
27	79	12.65896014	 
21	38	49.94328413	 
7	18	17.2654713	 
23	37	39.46048739	 
15	54	38.39338365	 
6	65	34.70299487	 
47	54	28.42244345	 
1	33	17.321367	 
53	79	21.89496644	 
31	66	6.556633289	 
2	94	28.50334457	 
77	11	11.01541966	 
7	62	8.167896676	 
50	36	13.46184975	 
94	73	1.491669796	 
77	74	8.031402422	 
4	83	25.91088943	 
72	55	34.4257794	 
36	61	26.90916149	 
3	52	5.019169227	 
97	18	4.401349095	 
54	34	8.015110613	 
14	64	27.94793332	 
71	7	43.83462145	 
28	53	10.29414387	 
58	89	8.381575958	 
89	37	4.603159127	 
25	23	2.438801079	 
18	2	7.495242504	 
51	8	14.48898804	 
0	60	45.15329359	 
1	46	43.47211135	 
61	63	41.63062914	 
71	76	11.53530941	 
46	25	41.19071224	 
5	33	25.12909233	 
82	70	46.83142277	 
77	37	30.77965164	 
42	39	17.90013929	 
63	97	5.121332553	 
50	87	1.153973773	 
47	74	48.75263293	 
41	94	41.2968689	 
11	88	22.94025572	 
69	79	24.89088976	 
45	79	47.11897294	 
30	90	11.17014306	 
57	53	19.89102333	 
69	22	15.55565821	 
25	32	10.36956814	 
68	54	14.51835678	 
30	49	47.48317589	 
9	83	31.4795762	 
15	79	22.02315765	 
52	61	4.760968767	 
55	89	47.77555644	 
78	97	22.01845385	 
80	12	2.691855759	 
21	61	5.382480659	 
34	59	21.73887507	 
79	43	17.7789367	 
71	52	12.10443582	 
59	18	45.97940096	 
75	4	29.88393708	 
7	12	29.13189971	 
94	24	30.30611113	 
68	87	44.70441653	 
18	60	34.75156821	 
38	27	13.50316556	 
0	17	44.42012454	 
42	36	27.3297855	 
64	98	15.66275915	 
18	56	32.71634413	 
79	46	44.62235041	 
4	43	29.70825721	 
0	53	20.50378256	 
84	95	4.398695601	 
95	97	5.089086042	 
92	18	31.15726273	 
99	0	10.62247898	 
38	39	11.26247144	 
73	80	40.7853106	 
79	58	10.4482166	 
95	55	48.2997669	 
75	20	12.14245855	 
78	45	47.31846004	 
64	49	37.15931662	 
46	39	3.988673427	 
57	28	47.02685224	 
30	35	26.4165874	 
38	93	25.90533404	 
31	43	7.943367928	 
57	62	29.33547418	 
51	63	46.0927901	 
29	93	7.467765007	 
33	99	32.53209225	 
46	23	20.78101059	 
70	90	39.26619247	 
41	78	39.94799255	 
2	80	38.41013435	 
76	74	23.00935798	 
75	97	43.34192068	 
49	87	41.40068406	 
35	20	47.33877667	 
1	25	26.97855492	 
72	56	21.97012096	 
56	61	15.2605791	 
97	46	32.25816283	 
13	5	42.54733032	 
40	67	28.01089121	 
51	97	6.964880566	 
89	44	36.68150642	 
93	32	26.73476064	 
88	18	7.574825637	 
43	27	37.67640969	 
32	79	43.24442395	 
73	4	16.57920807	 
48	11	48.07691901	 
68	67	5.963811423	 
48	70	36.07071794	 
33	58	26.15493009	 
66	99	44.85001662	 
98	40	24.25280442	 
27	67	47.7028699	 
63	48	45.81589579	 
83	59	35.39369888	 
71	41	6.016771854	 
14	58	21.85828503	 
13	12	13.92987481	 
47	16	0.75060659	 
29	55	30.98493107	 
67	87	12.31418604	 
94	90	38.01539728	 
69	61	33.64672561	 
23	60	47.29253165	 
63	64	21.26423889	 
0	51	19.28905508	 
4	14	26.35308168	 
36	91	25.54472166	 
83	85	15.11183944	 
92	54	35.06467234	 
93	91	9.082117941	 
12	27	4.709313752	 
85	67	0.198377822	 
75	9	35.33744706	 
37	36	29.80205231	 
65	2	9.238933531	 
24	43	40.88767613	 
37	83	26.44575535	 
20	66	21.93321247	 
77	31	4.915973576	 
55	4	18.59892591	 
59	27	39.42410348	 
1	52	20.32544349	 
16	83	19.48986097	 
1	70	33.46002984	 
38	94	34.90116415	 
73	46	16.67106465	 
64	67	5.083683288	 
51	82	22.92226758	 
7	8	37.69366854	 
80	83	24.52851801	 
96	0	10.33757228	 
11	48	32.74431838	 
52	95	13.90644795	 
98	63	24.32051154	 
98	84	12.12048763	 
48	73	18.70666783	 
88	96	49.00049399	 
55	45	12.46318302	 
29	92	4.663480888	 
10	85	34.78487156	 
16	22	5.247662792	 
78	49	3.450487841	 
50	23	32.13433527	 
29	68	30.56777246	 
66	85	27.62361179	 
76	16	14.6042455	 
39	77	17.90492296	 
65	39	45.82617474	 
55	60	27.94052164	 
94	60	4.52656912	 
76	39	9.131559293	 
65	57	13.56743452	 
38	71	46.31991659	 
59	10	11.62664646	 
31	17	40.12507161	 
17	79	22.91384881	 
87	35	21.47406681	 
77	93	27.40034418	 
13	68	30.2875628	 
94	5	35.78074853	 
93	36	32.78645688	 
47	48	42.49749636	 
6	7	5.895743417	 
62	68	19.4909606	 
20	10	6.978847215	 
2	6	32.54216396	 
89	85	47.86733762	 
24	39	26.0109603	 
90	97	15.95746911	 
66	86	43.09759659	 
99	36	42.63676911	 
70	95	26.82432699	 
26	37	20.53712664	 
33	50	44.67504423	 
86	82	16.12536635	 
69	67	30.00863116	 
56	9	39.66029333	 
50	45	45.11820815	 
25	6	22.51154597	 
62	55	12.18877682	 
89	72	7.329779736	 
91	15	15.05485083	 
10	47	15.20672659	 
18	47	14.84451089	 
77	26	24.44056384	 
13	76	23.00697908	 
56	69	20.0296066	 
96	48	3.833302147	 
18	71	26.94342512	 
22	15	11.25763178	 
11	79	43.89636995	 
42	20	6.565605511	 
93	24	22.47893382	 
71	32	40.9806514	 
21	97	37.00986233	 
82	37	11.58212276	 
69	95	25.2228812	 
66	38	8.13563858	 
71	36	22.8618563	 
46	45	2.56272947	 
68	76	41.76648129	 
53	43	12.8709849	 
72	61	8.763538034	 
79	95	46.28148476	 
18	0	8.825044982	 
5	97	41.61353071	 
36	2	22.86167825	 
67	12	47.38119819	 
66	15	45.30860549	 
10	20	14.42645162	 
3	63	6.965818231	 
90	24	21.06542422	 
82	80	27.77321763	 
9	47	25.7395106	 
73	70	11.34718292	 
64	95	35.32448565	 
79	70	16.48442235	 
59	34	2.368669804	 
30	65	46.68473235	 
4	0	20.1273789	 
1	35	16.92631073	 
80	45	4.749248636	 
47	80	45.96669683	 
69	70	31.46309745	 
63	19	9.798257131	 
63	81	32.02203529	 
53	64	20.36135861	 
92	88	4.580714684	 
76	33	44.85826472	 
14	34	26.34047176	 
53	11	21.04817935	 
29	16	5.990589898	 
96	15	46.30091272	 
54	65	4.57003023	 
78	62	18.97576595	 
43	9	26.14488152	 
99	61	0.997041324	 
46	94	42.4985937	 
80	60	22.88280098	 
78	11	40.92781514	 
16	58	46.99189116	 
90	54	23.59163928	 
8	51	33.54533842	 
97	80	28.77078127	 
97	95	9.693251164	 
47	78	16.74240328	 
7	29	0.091587853	 
20	82	22.63029357	 
51	43	5.1251856	 
19	66	30.59457198	 
31	6	8.494278913	 
42	80	7.932755344	 
4	51	14.09578331	 
25	88	7.021599896	 
89	6	4.887990128	 
28	38	24.51134574	 
45	59	1.832346424	 
2	16	28.52096785	 
81	66	14.84432693	 
29	10	29.92506326	 
44	61	38.09808995	 
9	37	32.89803173	 
60	5	6.498622776	 
37	3	21.05534781	 
17	41	15.34301083	 
80	11	43.95377837	 
59	21	8.249254581	 
16	82	7.512851149	 
25	14	24.04737986	 
26	62	15.76503638	 
88	52	23.6027728	 
87	88	32.33005963	 
14	79	30.08780454	 
74	38	26.60788439	 
99	11	42.31039371	 
14	71	40.03622066	 
34	88	22.39680453	 
49	66	13.13777963	 
78	5	48.73636254	 
73	15	46.94551794	 
26	39	31.86072909	 
70	9	44.19201238	 
0	56	45.16794599	 
37	12	23.37929306	 
19	80	29.98006104	 
57	96	22.05233781	 
38	32	22.67880961	 
1	34	13.51789682	 
23	26	45.19764937	 
11	98	24.73562032	 
51	93	4.252324983	 
66	29	44.17385744	 
19	52	26.63278295	 
4	21	24.07826353	 
46	28	10.83250218	 
77	71	33.46611773	 
44	2	27.90549446	 
65	26	10.70101828	 
11	61	5.34543727	 
50	62	11.12899116	 
96	44	27.17796296	 
71	0	46.99166467	 
34	56	35.02941779	 
92	24	13.77280819	 
60	0	9.780892417	 
57	47	11.40940889	 
10	28	17.36406278	 
66	39	9.98224882	 
97	81	42.83377597	 
40	77	3.209795192	 
99	74	28.4202043	 
58	69	36.34256685	 
41	7	42.20184209	 
29	65	19.00107554	 
54	74	27.70843709	 
50	47	46.86231103	 
54	58	41.04829071	 
43	35	37.4783565	 
24	8	30.21902049	 
3	75	17.26246518	 
33	91	43.11794439	 
75	50	27.35537385	 
92	65	21.86773076	 
29	49	13.8298275	 
89	59	30.04185757	 
19	79	35.86373622	 
53	81	25.46211251	 
83	70	38.71060307	 
59	75	43.8804332	 
21	71	12.45676359	 
74	50	46.14623307	 
77	91	8.537084075	 
25	56	36.3774634	 
97	19	31.74815088	 
30	6	44.52138	 
20	86	10.5258744	 
50	93	37.45389829	 
83	19	13.69773631	 
8	48	21.86563281	 
60	47	29.17365249	 
48	8	21.14319186	 
51	1	20.41710907	 
49	59	6.265303773	 
28	80	43.37105848	 
81	42	46.91596486	 
65	22	1.91936524	 
83	27	32.89700011	 
84	74	33.90686649	 
35	80	28.19808522	 
14	62	43.9295944	 
92	15	13.72319556	 
61	26	36.1815016	 
96	68	29.10365927	 
97	3	29.10744642	 
97	11	39.9418991	 
86	43	43.38208881	 
7	69	8.738606418	 
9	14	18.55462745	 
57	80	16.16330224	 
55	0	39.47070083	 
28	62	33.24576454	 
77	32	42.18878827	 
49	17	31.72308373	 
42	31	10.79446863	 
26	12	26.36736794	 
23	49	37.9548037	 
32	91	5.990340209	 
61	99	13.03385586	 
28	51	2.039693417	 
90	94	6.228546447	 
59	9	42.75299551	 
56	96	28.96397628	 
92	9	47.07279381	 
16	14	18.88203391	 
55	37	41.90235945	 
35	49	6.958946295	 
40	99	7.617086849	 
77	34	40.9275376	 
91	39	4.30397097	 
54	85	16.01808399	 
70	88	8.883259912	 
92	14	42.51671872	 
55	27	28.1927531	 
13	91	5.32231298	 
43	72	13.76134935	 
12	80	38.83013042	 
64	84	43.07314374	 
11	72	17.02335346	 
67	40	36.81261518	 
37	31	4.661003157	 
12	31	5.468846841	 
87	4	41.21598877	 
52	45	3.234519699	 
99	12	3.574377513	 
99	31	45.54598804	 
80	63	33.47663637	 
91	7	36.04053337	 
44	20	36.30990723	 
40	44	34.06182941	 
60	88	14.15945318	 
63	25	6.320004822	 
85	30	13.54862353	 
66	14	17.31465313	 
52	28	44.68114786	 
6	72	5.866802415	 
24	14	46.68517683	 
42	10	3.308426005	 
4	88	12.56839335	 
86	80	37.15558601	 
79	36	45.1856407	 
55	34	22.04784846	 
10	35	16.49194193	 
67	45	49.81062539	 
72	21	6.013282275	 
23	13	10.96886538	 
77	70	26.06962917	 
14	11	7.065799576	 
60	9	19.58930097	 
39	52	4.931843153	 
36	76	29.1744927	 
5	45	11.09982232	 
93	44	7.906961474	 
95	61	2.962162199	 
33	26	28.04609446	 
22	27	6.927713273	 
82	58	29.03213054	 
1	28	26.37396447	 
85	97	16.99754392	 
30	97	26.59354672	 
52	94	20.99134369	 
94	29	14.99149472	 
37	28	2.005137064	 
52	42	32.16168622	 
52	97	37.63174774	 
34	79	10.33111133	 
70	56	32.16807989	 
22	48	16.99006745	 
78	65	10.49476245	 
45	55	4.039499897	 
69	68	49.2229287	 
75	59	27.69291012	 
70	1	36.12760302	 
84	34	20.61010041	 
84	14	39.00362876	 
53	12	11.09959903	 
22	23	31.27524355	 
50	81	31.02327577	 
19	9	34.02952227	 
12	29	31.1011459	 
53	46	38.08641871	 
98	3	9.656218613	 
42	7	48.21490446	 
51	91	9.240786109	 
64	89	23.74645295	 
36	1	4.311580254	 
55	23	1.162964045	 
88	20	13.47863582	 
31	24	11.60209201	 
16	29	29.44106868	 
29	64	13.83616873	 
76	89	43.78854692	 
90	22	11.23716802	 
2	90	34.16326255	 
48	10	26.62757955	 
55	26	17.21060599	 
66	60	39.12272536	 
86	46	49.13125562	 
51	94	47.64913026	 
48	56	5.186075681	 
56	95	3.543605967	 
65	42	41.62083542	 
31	45	39.49250566	 
41	25	0.251830576	 
22	6	23.65699462	 
94	71	14.29156907	 
45	5	2.359540819	 
84	25	0.858141105	 
17	0	6.627700348	 
91	19	44.09508172	 
89	38	4.658452783	 
36	60	2.298986921	 
85	40	23.04177461	 
15	52	46.14328807	 
82	46	26.82234226	 
78	57	17.9419175	 
62	13	37.10336939	 
47	20	9.72487987	 
40	90	27.71106998	 
49	88	12.64464277	 
81	80	8.730571695	 
46	89	28.87092227	 
11	55	31.47472426	 
73	29	13.14022956	 
8	22	16.90662057	 
78	85	12.53709386	 
72	65	21.38720557	 
95	63	30.25682355	 
1	38	15.63135968	 
31	9	37.01686673	 
92	22	5.731464362	 
63	10	20.84020992	 
1	23	27.11842012	 
95	16	21.73836821	 
12	60	9.747370409	 
69	16	14.59088914	 
34	62	44.62469283	 
27	41	29.38216171	 
50	98	21.86042805	 
29	71	22.74424654	 
60	18	45.41172816	 
87	63	41.16469283	 
84	86	30.61643371	 
83	32	29.90995594	 
36	51	20.10137648	 
31	48	24.35237331	 
42	71	44.95150967	 
80	61	43.7117635	 
20	37	11.81675111	 
70	92	49.91576934	 
80	31	38.29003012	 
73	65	8.177302907	 
0	3	21.19543896	 
54	99	46.90006401	 
68	49	13.21084432	 
44	42	11.25502375	 
58	50	47.71408774	 
48	60	15.96760578	 
13	81	11.81442074	 
10	95	30.77559764	 
14	33	30.86990387	 
27	84	31.23731682	 
89	30	36.69654479	 
51	58	14.9075846	 
90	82	31.14952468	 
37	27	10.57395108	 
12	45	44.77402039	 
47	85	10.67795867	 
1	98	20.77014929	 
60	96	36.74054585	 
49	53	5.264885514	 
83	87	22.482383	 
14	57	40.04795112	 
90	57	37.99786157	 
85	43	23.91917731	 
60	78	7.42761203	 
80	9	30.19903044	 
17	37	41.41191332	 
82	73	36.25969842	 
43	98	0.966062441	 
18	99	49.82494684	 
64	58	6.793590426	 
95	91	39.46035865	 
21	47	20.5144025	 
89	34	39.21778457	 
82	22	39.28031395	 
74	4	49.22722035	 
27	47	38.4875569	 
84	20	43.43518756	 
94	6	2.459527929	 
92	23	45.83076279	 
94	85	13.8296001	 
