Wed Nov 28 15.51.32 CET 2018
Generation 0 Report
Best individual: net.sf.jclec.realarray.RealArrayIndividual@2077d4de[genotype={0.5873122232300145,4.761009372302716,0.9235943044631215,0.4703863415182531,3.0769172934909994,2.086997196337964,3.1880208359861424,1.8830443680936977,2.6308155204676034,2.7874428245223175,3.2771808110840186,3.7347821705261985,1.8547730784513585,4.701453649396482,1.9643585168287376,1.7761723406446157,0.8349396241788227,3.184810210250134,2.830375579255438,2.8048212887411093,1.0144492831167187,1.0814901002974049,1.3498857127001893,2.8511389508121265,1.3062799595203805,0.9889000709182634,0.723712349590311,0.10099886692675687,2.896046569605117,0.49672809285803066},fitness=net.sf.jclec.fitness.SimpleValueFitness@77a567e1[value=400.2008204956897]]
Worst individual: net.sf.jclec.realarray.RealArrayIndividual@4ccabbaa[genotype={3.7033804377023736,4.200649004036286,1.1297595427408345,1.69150436958687,4.690067338031902,3.5604868881800127,1.8932372466178264,0.6751533120118824,4.044992445094702,0.3445496080850371,3.764800603484744,4.57950620258737,2.7876457306595923,4.859602784051453,4.772581602480348,2.3931141170465753,0.3472236489522944,0.4174393767648666,4.238341618665337,4.657542317499696,2.4439734624384037,3.2290122363915987,1.1106991641466706,3.8631183270545786,4.747861447997971,2.2878592661743173,2.640312126122718,4.343484079016344,4.425449282151453,4.2883505964879065},fitness=net.sf.jclec.fitness.SimpleValueFitness@2d38eb89[value=696.3681446279006]]
Median individual: net.sf.jclec.realarray.RealArrayIndividual@26f0a63f[genotype={0.21307154044120424,3.249079001293253,2.2546720070261905,2.7032473895644875,1.7106787885588979,4.449215154324036,1.5319718420833714,4.732185540435692,2.6667499839943507,4.597876933965014,3.8979480375337885,1.151879299088674,0.11484536722405428,1.6183694946801144,1.3405636103762473,4.665481091348128,0.8606580396632925,4.542659697371641,2.0259119705213875,3.6399284329707324,1.0946522724968264,4.544455377943503,4.400686929963611,3.5639634102436117,1.8305560348683148,1.1700286230467993,0.30476266737961577,3.1481585669286005,1.5412024822695056,3.3184609697752383},fitness=net.sf.jclec.fitness.SimpleValueFitness@53bd815b[value=615.5140254433301]]
Average fitness = 555.8069636704488
Fitness variance = 3089.471192557714
Generation 10 Report
Best individual: net.sf.jclec.realarray.RealArrayIndividual@4ca8195f[genotype={2.5079775116642233,5.12,2.67698076749189,1.7742078089908664,1.0447856811781109,1.9424090764639055,1.5328081544231544,0.0,2.558679784012392,4.356134000409293,2.8412161435423777,0.20187044087972164,0.9485568161593713,0.1364581326359092,1.0622470919460127,5.105750387596645,4.118237887613677,1.1237687632609514,0.9891600928724471,1.9957767824224224,0.0,3.4117098848099356,0.44415188715471055,1.04376222954001,2.946851412432855,2.242256741163515,2.2834963852763415,1.1030782167222273,3.1124727934593497,1.5748909200580956},fitness=net.sf.jclec.fitness.SimpleValueFitness@61baa894[value=389.90531963822474]]
Worst individual: net.sf.jclec.realarray.RealArrayIndividual@4ca8195f[genotype={2.5079775116642233,5.12,2.67698076749189,1.7742078089908664,1.0447856811781109,1.9424090764639055,1.5328081544231544,0.0,2.558679784012392,4.356134000409293,2.8412161435423777,0.20187044087972164,0.9485568161593713,0.1364581326359092,1.0622470919460127,5.105750387596645,4.118237887613677,1.1237687632609514,0.9891600928724471,1.9957767824224224,0.0,3.4117098848099356,0.44415188715471055,1.04376222954001,2.946851412432855,2.242256741163515,2.2834963852763415,1.1030782167222273,3.1124727934593497,1.5748909200580956},fitness=net.sf.jclec.fitness.SimpleValueFitness@61baa894[value=389.90531963822474]]
Median individual: net.sf.jclec.realarray.RealArrayIndividual@4ca8195f[genotype={2.5079775116642233,5.12,2.67698076749189,1.7742078089908664,1.0447856811781109,1.9424090764639055,1.5328081544231544,0.0,2.558679784012392,4.356134000409293,2.8412161435423777,0.20187044087972164,0.9485568161593713,0.1364581326359092,1.0622470919460127,5.105750387596645,4.118237887613677,1.1237687632609514,0.9891600928724471,1.9957767824224224,0.0,3.4117098848099356,0.44415188715471055,1.04376222954001,2.946851412432855,2.242256741163515,2.2834963852763415,1.1030782167222273,3.1124727934593497,1.5748909200580956},fitness=net.sf.jclec.fitness.SimpleValueFitness@61baa894[value=389.90531963822474]]
Average fitness = 389.90531963822474
Fitness variance = 0.0
Generation 20 Report
Best individual: net.sf.jclec.realarray.RealArrayIndividual@b065c63[genotype={0.5353726453400034,5.12,0.8942166328964427,1.8753074728627088,1.0447856811781109,1.9586196464706713,1.5328081544231544,0.0,2.3402417772051196,2.9607497815813817,2.8412161435423777,0.20187044087972164,2.3305409466186173,0.1364581326359092,1.0622470919460127,3.2693437718362652,4.118237887613677,1.271920839777803,0.9891600928724471,1.9957767824224224,0.7412075272064342,1.6129862336118483,0.44415188715471055,1.5269650768888232,3.610359890939508,0.9630062768486547,2.7500700745840176,1.1030782167222273,3.1124727934593497,0.0},fitness=net.sf.jclec.fitness.SimpleValueFitness@490d6c15[value=358.72932728209685]]
Worst individual: net.sf.jclec.realarray.RealArrayIndividual@b065c63[genotype={0.5353726453400034,5.12,0.8942166328964427,1.8753074728627088,1.0447856811781109,1.9586196464706713,1.5328081544231544,0.0,2.3402417772051196,2.9607497815813817,2.8412161435423777,0.20187044087972164,2.3305409466186173,0.1364581326359092,1.0622470919460127,3.2693437718362652,4.118237887613677,1.271920839777803,0.9891600928724471,1.9957767824224224,0.7412075272064342,1.6129862336118483,0.44415188715471055,1.5269650768888232,3.610359890939508,0.9630062768486547,2.7500700745840176,1.1030782167222273,3.1124727934593497,0.0},fitness=net.sf.jclec.fitness.SimpleValueFitness@490d6c15[value=358.72932728209685]]
Median individual: net.sf.jclec.realarray.RealArrayIndividual@b065c63[genotype={0.5353726453400034,5.12,0.8942166328964427,1.8753074728627088,1.0447856811781109,1.9586196464706713,1.5328081544231544,0.0,2.3402417772051196,2.9607497815813817,2.8412161435423777,0.20187044087972164,2.3305409466186173,0.1364581326359092,1.0622470919460127,3.2693437718362652,4.118237887613677,1.271920839777803,0.9891600928724471,1.9957767824224224,0.7412075272064342,1.6129862336118483,0.44415188715471055,1.5269650768888232,3.610359890939508,0.9630062768486547,2.7500700745840176,1.1030782167222273,3.1124727934593497,0.0},fitness=net.sf.jclec.fitness.SimpleValueFitness@490d6c15[value=358.72932728209685]]
Average fitness = 358.72932728209685
Fitness variance = 0.0
Generation 30 Report
Best individual: net.sf.jclec.realarray.RealArrayIndividual@7d4793a8[genotype={0.5353726453400034,5.12,0.8942166328964427,1.8753074728627088,1.0447856811781109,1.9586196464706713,1.5328081544231544,0.0,2.3402417772051196,2.9607497815813817,2.8412161435423777,0.20187044087972164,2.3305409466186173,0.1364581326359092,1.0622470919460127,3.2693437718362652,4.118237887613677,1.271920839777803,0.9891600928724471,1.9957767824224224,0.7412075272064342,1.6129862336118483,0.44415188715471055,1.5269650768888232,3.610359890939508,0.9630062768486547,2.7500700745840176,1.1030782167222273,3.1124727934593497,0.0},fitness=net.sf.jclec.fitness.SimpleValueFitness@5479e3f[value=358.72932728209685]]
Worst individual: net.sf.jclec.realarray.RealArrayIndividual@7d4793a8[genotype={0.5353726453400034,5.12,0.8942166328964427,1.8753074728627088,1.0447856811781109,1.9586196464706713,1.5328081544231544,0.0,2.3402417772051196,2.9607497815813817,2.8412161435423777,0.20187044087972164,2.3305409466186173,0.1364581326359092,1.0622470919460127,3.2693437718362652,4.118237887613677,1.271920839777803,0.9891600928724471,1.9957767824224224,0.7412075272064342,1.6129862336118483,0.44415188715471055,1.5269650768888232,3.610359890939508,0.9630062768486547,2.7500700745840176,1.1030782167222273,3.1124727934593497,0.0},fitness=net.sf.jclec.fitness.SimpleValueFitness@5479e3f[value=358.72932728209685]]
Median individual: net.sf.jclec.realarray.RealArrayIndividual@7d4793a8[genotype={0.5353726453400034,5.12,0.8942166328964427,1.8753074728627088,1.0447856811781109,1.9586196464706713,1.5328081544231544,0.0,2.3402417772051196,2.9607497815813817,2.8412161435423777,0.20187044087972164,2.3305409466186173,0.1364581326359092,1.0622470919460127,3.2693437718362652,4.118237887613677,1.271920839777803,0.9891600928724471,1.9957767824224224,0.7412075272064342,1.6129862336118483,0.44415188715471055,1.5269650768888232,3.610359890939508,0.9630062768486547,2.7500700745840176,1.1030782167222273,3.1124727934593497,0.0},fitness=net.sf.jclec.fitness.SimpleValueFitness@5479e3f[value=358.72932728209685]]
Average fitness = 358.72932728209685
Fitness variance = 0.0
Generation 40 Report
Best individual: net.sf.jclec.realarray.RealArrayIndividual@27082746[genotype={0.02364213232259349,5.12,0.9530873193526783,2.240513980103117,0.07106100491491163,1.9586196464706713,1.1040590364087237,0.0,2.3402417772051196,3.410638327321144,3.435606863604683,0.6069219166310305,4.323171568828379,0.1364581326359092,0.0,3.364570545194831,4.118237887613677,0.9380913481576143,2.1016077878315795,1.9957767824224224,0.934248237318811,1.5689298434263337,0.44415188715471055,1.5269650768888232,2.2454501308320163,0.9630062768486547,0.9151473183584113,1.9644495865143052,3.1124727934593497,0.9320789294422394},fitness=net.sf.jclec.fitness.SimpleValueFitness@7bfcd12c[value=350.6463022109273]]
Worst individual: net.sf.jclec.realarray.RealArrayIndividual@27082746[genotype={0.02364213232259349,5.12,0.9530873193526783,2.240513980103117,0.07106100491491163,1.9586196464706713,1.1040590364087237,0.0,2.3402417772051196,3.410638327321144,3.435606863604683,0.6069219166310305,4.323171568828379,0.1364581326359092,0.0,3.364570545194831,4.118237887613677,0.9380913481576143,2.1016077878315795,1.9957767824224224,0.934248237318811,1.5689298434263337,0.44415188715471055,1.5269650768888232,2.2454501308320163,0.9630062768486547,0.9151473183584113,1.9644495865143052,3.1124727934593497,0.9320789294422394},fitness=net.sf.jclec.fitness.SimpleValueFitness@7bfcd12c[value=350.6463022109273]]
Median individual: net.sf.jclec.realarray.RealArrayIndividual@27082746[genotype={0.02364213232259349,5.12,0.9530873193526783,2.240513980103117,0.07106100491491163,1.9586196464706713,1.1040590364087237,0.0,2.3402417772051196,3.410638327321144,3.435606863604683,0.6069219166310305,4.323171568828379,0.1364581326359092,0.0,3.364570545194831,4.118237887613677,0.9380913481576143,2.1016077878315795,1.9957767824224224,0.934248237318811,1.5689298434263337,0.44415188715471055,1.5269650768888232,2.2454501308320163,0.9630062768486547,0.9151473183584113,1.9644495865143052,3.1124727934593497,0.9320789294422394},fitness=net.sf.jclec.fitness.SimpleValueFitness@7bfcd12c[value=350.6463022109273]]
Average fitness = 350.6463022109273
Fitness variance = 0.0
Generation 50 Report
Best individual: net.sf.jclec.realarray.RealArrayIndividual@42f30e0a[genotype={0.02364213232259349,5.12,0.9530873193526783,2.240513980103117,0.07106100491491163,1.9586196464706713,1.1040590364087237,0.0,2.3402417772051196,3.410638327321144,3.435606863604683,0.6069219166310305,4.323171568828379,0.1364581326359092,0.0,3.364570545194831,4.118237887613677,0.9380913481576143,2.1016077878315795,1.9957767824224224,0.934248237318811,1.5689298434263337,0.44415188715471055,1.5269650768888232,2.2454501308320163,0.9630062768486547,0.9151473183584113,1.9644495865143052,3.1124727934593497,0.9320789294422394},fitness=net.sf.jclec.fitness.SimpleValueFitness@5b1d2887[value=350.6463022109273]]
Worst individual: net.sf.jclec.realarray.RealArrayIndividual@42f30e0a[genotype={0.02364213232259349,5.12,0.9530873193526783,2.240513980103117,0.07106100491491163,1.9586196464706713,1.1040590364087237,0.0,2.3402417772051196,3.410638327321144,3.435606863604683,0.6069219166310305,4.323171568828379,0.1364581326359092,0.0,3.364570545194831,4.118237887613677,0.9380913481576143,2.1016077878315795,1.9957767824224224,0.934248237318811,1.5689298434263337,0.44415188715471055,1.5269650768888232,2.2454501308320163,0.9630062768486547,0.9151473183584113,1.9644495865143052,3.1124727934593497,0.9320789294422394},fitness=net.sf.jclec.fitness.SimpleValueFitness@5b1d2887[value=350.6463022109273]]
Median individual: net.sf.jclec.realarray.RealArrayIndividual@42f30e0a[genotype={0.02364213232259349,5.12,0.9530873193526783,2.240513980103117,0.07106100491491163,1.9586196464706713,1.1040590364087237,0.0,2.3402417772051196,3.410638327321144,3.435606863604683,0.6069219166310305,4.323171568828379,0.1364581326359092,0.0,3.364570545194831,4.118237887613677,0.9380913481576143,2.1016077878315795,1.9957767824224224,0.934248237318811,1.5689298434263337,0.44415188715471055,1.5269650768888232,2.2454501308320163,0.9630062768486547,0.9151473183584113,1.9644495865143052,3.1124727934593497,0.9320789294422394},fitness=net.sf.jclec.fitness.SimpleValueFitness@5b1d2887[value=350.6463022109273]]
Average fitness = 350.6463022109273
Fitness variance = 0.0
Generation 60 Report
Best individual: net.sf.jclec.realarray.RealArrayIndividual@46f5f779[genotype={0.02364213232259349,5.12,0.9530873193526783,2.240513980103117,0.07106100491491163,1.9586196464706713,1.1040590364087237,0.0,2.3402417772051196,3.410638327321144,3.435606863604683,0.6069219166310305,4.323171568828379,0.1364581326359092,0.0,3.364570545194831,4.118237887613677,0.9380913481576143,2.1016077878315795,1.9957767824224224,0.934248237318811,1.5689298434263337,0.44415188715471055,1.5269650768888232,2.2454501308320163,0.9630062768486547,0.9151473183584113,1.9644495865143052,3.1124727934593497,0.9320789294422394},fitness=net.sf.jclec.fitness.SimpleValueFitness@18e8568[value=350.6463022109273]]
Worst individual: net.sf.jclec.realarray.RealArrayIndividual@46f5f779[genotype={0.02364213232259349,5.12,0.9530873193526783,2.240513980103117,0.07106100491491163,1.9586196464706713,1.1040590364087237,0.0,2.3402417772051196,3.410638327321144,3.435606863604683,0.6069219166310305,4.323171568828379,0.1364581326359092,0.0,3.364570545194831,4.118237887613677,0.9380913481576143,2.1016077878315795,1.9957767824224224,0.934248237318811,1.5689298434263337,0.44415188715471055,1.5269650768888232,2.2454501308320163,0.9630062768486547,0.9151473183584113,1.9644495865143052,3.1124727934593497,0.9320789294422394},fitness=net.sf.jclec.fitness.SimpleValueFitness@18e8568[value=350.6463022109273]]
Median individual: net.sf.jclec.realarray.RealArrayIndividual@46f5f779[genotype={0.02364213232259349,5.12,0.9530873193526783,2.240513980103117,0.07106100491491163,1.9586196464706713,1.1040590364087237,0.0,2.3402417772051196,3.410638327321144,3.435606863604683,0.6069219166310305,4.323171568828379,0.1364581326359092,0.0,3.364570545194831,4.118237887613677,0.9380913481576143,2.1016077878315795,1.9957767824224224,0.934248237318811,1.5689298434263337,0.44415188715471055,1.5269650768888232,2.2454501308320163,0.9630062768486547,0.9151473183584113,1.9644495865143052,3.1124727934593497,0.9320789294422394},fitness=net.sf.jclec.fitness.SimpleValueFitness@18e8568[value=350.6463022109273]]
Average fitness = 350.6463022109273
Fitness variance = 0.0
Generation 70 Report
Best individual: net.sf.jclec.realarray.RealArrayIndividual@33e5ccce[genotype={0.02364213232259349,5.12,0.9530873193526783,2.240513980103117,0.07106100491491163,1.9586196464706713,1.1040590364087237,0.0,2.3402417772051196,3.410638327321144,3.435606863604683,0.6069219166310305,4.323171568828379,0.1364581326359092,0.0,3.364570545194831,4.118237887613677,0.9380913481576143,2.1016077878315795,1.9957767824224224,0.934248237318811,1.5689298434263337,0.44415188715471055,1.5269650768888232,2.2454501308320163,0.9630062768486547,0.9151473183584113,1.9644495865143052,3.1124727934593497,0.9320789294422394},fitness=net.sf.jclec.fitness.SimpleValueFitness@270421f5[value=350.6463022109273]]
Worst individual: net.sf.jclec.realarray.RealArrayIndividual@33e5ccce[genotype={0.02364213232259349,5.12,0.9530873193526783,2.240513980103117,0.07106100491491163,1.9586196464706713,1.1040590364087237,0.0,2.3402417772051196,3.410638327321144,3.435606863604683,0.6069219166310305,4.323171568828379,0.1364581326359092,0.0,3.364570545194831,4.118237887613677,0.9380913481576143,2.1016077878315795,1.9957767824224224,0.934248237318811,1.5689298434263337,0.44415188715471055,1.5269650768888232,2.2454501308320163,0.9630062768486547,0.9151473183584113,1.9644495865143052,3.1124727934593497,0.9320789294422394},fitness=net.sf.jclec.fitness.SimpleValueFitness@270421f5[value=350.6463022109273]]
Median individual: net.sf.jclec.realarray.RealArrayIndividual@33e5ccce[genotype={0.02364213232259349,5.12,0.9530873193526783,2.240513980103117,0.07106100491491163,1.9586196464706713,1.1040590364087237,0.0,2.3402417772051196,3.410638327321144,3.435606863604683,0.6069219166310305,4.323171568828379,0.1364581326359092,0.0,3.364570545194831,4.118237887613677,0.9380913481576143,2.1016077878315795,1.9957767824224224,0.934248237318811,1.5689298434263337,0.44415188715471055,1.5269650768888232,2.2454501308320163,0.9630062768486547,0.9151473183584113,1.9644495865143052,3.1124727934593497,0.9320789294422394},fitness=net.sf.jclec.fitness.SimpleValueFitness@270421f5[value=350.6463022109273]]
Average fitness = 350.6463022109273
Fitness variance = 0.0
Generation 80 Report
Best individual: net.sf.jclec.realarray.RealArrayIndividual@52d455b8[genotype={0.02364213232259349,5.12,0.0,1.9439937710278417,0.0027172561410417906,0.42609354984472825,0.864075039575293,0.0,2.3402417772051196,3.318774145493567,5.12,2.508438874010163,4.323171568828379,0.1364581326359092,0.2969122018872383,1.808585076750127,4.118237887613677,0.9380913481576143,1.311864183152732,1.9957767824224224,0.934248237318811,1.5689298434263337,0.0,0.0,2.2454501308320163,0.0,0.9151473183584113,1.9644495865143052,3.1124727934593497,0.0},fitness=net.sf.jclec.fitness.SimpleValueFitness@18ef96[value=314.39211983010307]]
Worst individual: net.sf.jclec.realarray.RealArrayIndividual@52d455b8[genotype={0.02364213232259349,5.12,0.0,1.9439937710278417,0.0027172561410417906,0.42609354984472825,0.864075039575293,0.0,2.3402417772051196,3.318774145493567,5.12,2.508438874010163,4.323171568828379,0.1364581326359092,0.2969122018872383,1.808585076750127,4.118237887613677,0.9380913481576143,1.311864183152732,1.9957767824224224,0.934248237318811,1.5689298434263337,0.0,0.0,2.2454501308320163,0.0,0.9151473183584113,1.9644495865143052,3.1124727934593497,0.0},fitness=net.sf.jclec.fitness.SimpleValueFitness@18ef96[value=314.39211983010307]]
Median individual: net.sf.jclec.realarray.RealArrayIndividual@52d455b8[genotype={0.02364213232259349,5.12,0.0,1.9439937710278417,0.0027172561410417906,0.42609354984472825,0.864075039575293,0.0,2.3402417772051196,3.318774145493567,5.12,2.508438874010163,4.323171568828379,0.1364581326359092,0.2969122018872383,1.808585076750127,4.118237887613677,0.9380913481576143,1.311864183152732,1.9957767824224224,0.934248237318811,1.5689298434263337,0.0,0.0,2.2454501308320163,0.0,0.9151473183584113,1.9644495865143052,3.1124727934593497,0.0},fitness=net.sf.jclec.fitness.SimpleValueFitness@18ef96[value=314.39211983010307]]
Average fitness = 314.39211983010307
Fitness variance = 0.0
Generation 90 Report
Best individual: net.sf.jclec.realarray.RealArrayIndividual@6956de9[genotype={0.02364213232259349,5.12,0.0,1.9439937710278417,0.0027172561410417906,0.42609354984472825,0.864075039575293,0.0,2.3402417772051196,3.318774145493567,5.12,2.508438874010163,4.323171568828379,0.1364581326359092,0.2969122018872383,1.808585076750127,4.118237887613677,0.9380913481576143,1.311864183152732,1.9957767824224224,0.934248237318811,1.5689298434263337,0.0,0.0,2.2454501308320163,0.0,0.9151473183584113,1.9644495865143052,3.1124727934593497,0.0},fitness=net.sf.jclec.fitness.SimpleValueFitness@6aceb1a5[value=314.39211983010307]]
Worst individual: net.sf.jclec.realarray.RealArrayIndividual@6956de9[genotype={0.02364213232259349,5.12,0.0,1.9439937710278417,0.0027172561410417906,0.42609354984472825,0.864075039575293,0.0,2.3402417772051196,3.318774145493567,5.12,2.508438874010163,4.323171568828379,0.1364581326359092,0.2969122018872383,1.808585076750127,4.118237887613677,0.9380913481576143,1.311864183152732,1.9957767824224224,0.934248237318811,1.5689298434263337,0.0,0.0,2.2454501308320163,0.0,0.9151473183584113,1.9644495865143052,3.1124727934593497,0.0},fitness=net.sf.jclec.fitness.SimpleValueFitness@6aceb1a5[value=314.39211983010307]]
Median individual: net.sf.jclec.realarray.RealArrayIndividual@6956de9[genotype={0.02364213232259349,5.12,0.0,1.9439937710278417,0.0027172561410417906,0.42609354984472825,0.864075039575293,0.0,2.3402417772051196,3.318774145493567,5.12,2.508438874010163,4.323171568828379,0.1364581326359092,0.2969122018872383,1.808585076750127,4.118237887613677,0.9380913481576143,1.311864183152732,1.9957767824224224,0.934248237318811,1.5689298434263337,0.0,0.0,2.2454501308320163,0.0,0.9151473183584113,1.9644495865143052,3.1124727934593497,0.0},fitness=net.sf.jclec.fitness.SimpleValueFitness@6aceb1a5[value=314.39211983010307]]
Average fitness = 314.39211983010307
Fitness variance = 0.0
Generation 100 Report
Best individual: net.sf.jclec.realarray.RealArrayIndividual@2d6d8735[genotype={0.02364213232259349,5.12,0.0,1.9439937710278417,0.0027172561410417906,0.42609354984472825,0.864075039575293,0.0,2.3402417772051196,3.318774145493567,5.12,2.508438874010163,4.323171568828379,0.1364581326359092,0.2969122018872383,1.808585076750127,4.118237887613677,0.9380913481576143,1.311864183152732,1.9957767824224224,0.934248237318811,1.5689298434263337,0.0,0.0,2.2454501308320163,0.0,0.9151473183584113,1.9644495865143052,3.1124727934593497,0.0},fitness=net.sf.jclec.fitness.SimpleValueFitness@12bc6874[value=314.39211983010307]]
Worst individual: net.sf.jclec.realarray.RealArrayIndividual@2d6d8735[genotype={0.02364213232259349,5.12,0.0,1.9439937710278417,0.0027172561410417906,0.42609354984472825,0.864075039575293,0.0,2.3402417772051196,3.318774145493567,5.12,2.508438874010163,4.323171568828379,0.1364581326359092,0.2969122018872383,1.808585076750127,4.118237887613677,0.9380913481576143,1.311864183152732,1.9957767824224224,0.934248237318811,1.5689298434263337,0.0,0.0,2.2454501308320163,0.0,0.9151473183584113,1.9644495865143052,3.1124727934593497,0.0},fitness=net.sf.jclec.fitness.SimpleValueFitness@12bc6874[value=314.39211983010307]]
Median individual: net.sf.jclec.realarray.RealArrayIndividual@2d6d8735[genotype={0.02364213232259349,5.12,0.0,1.9439937710278417,0.0027172561410417906,0.42609354984472825,0.864075039575293,0.0,2.3402417772051196,3.318774145493567,5.12,2.508438874010163,4.323171568828379,0.1364581326359092,0.2969122018872383,1.808585076750127,4.118237887613677,0.9380913481576143,1.311864183152732,1.9957767824224224,0.934248237318811,1.5689298434263337,0.0,0.0,2.2454501308320163,0.0,0.9151473183584113,1.9644495865143052,3.1124727934593497,0.0},fitness=net.sf.jclec.fitness.SimpleValueFitness@12bc6874[value=314.39211983010307]]
Average fitness = 314.39211983010307
Fitness variance = 0.0
Generation 110 Report
Best individual: net.sf.jclec.realarray.RealArrayIndividual@de0a01f[genotype={0.02364213232259349,5.12,0.0,1.9439937710278417,0.0027172561410417906,0.42609354984472825,0.864075039575293,0.0,2.3402417772051196,3.318774145493567,5.12,2.508438874010163,4.323171568828379,0.1364581326359092,0.2969122018872383,1.808585076750127,4.118237887613677,0.9380913481576143,1.311864183152732,1.9957767824224224,0.934248237318811,1.5689298434263337,0.0,0.0,2.2454501308320163,0.0,0.9151473183584113,1.9644495865143052,3.1124727934593497,0.0},fitness=net.sf.jclec.fitness.SimpleValueFitness@1ef7fe8e[value=314.39211983010307]]
Worst individual: net.sf.jclec.realarray.RealArrayIndividual@de0a01f[genotype={0.02364213232259349,5.12,0.0,1.9439937710278417,0.0027172561410417906,0.42609354984472825,0.864075039575293,0.0,2.3402417772051196,3.318774145493567,5.12,2.508438874010163,4.323171568828379,0.1364581326359092,0.2969122018872383,1.808585076750127,4.118237887613677,0.9380913481576143,1.311864183152732,1.9957767824224224,0.934248237318811,1.5689298434263337,0.0,0.0,2.2454501308320163,0.0,0.9151473183584113,1.9644495865143052,3.1124727934593497,0.0},fitness=net.sf.jclec.fitness.SimpleValueFitness@1ef7fe8e[value=314.39211983010307]]
Median individual: net.sf.jclec.realarray.RealArrayIndividual@de0a01f[genotype={0.02364213232259349,5.12,0.0,1.9439937710278417,0.0027172561410417906,0.42609354984472825,0.864075039575293,0.0,2.3402417772051196,3.318774145493567,5.12,2.508438874010163,4.323171568828379,0.1364581326359092,0.2969122018872383,1.808585076750127,4.118237887613677,0.9380913481576143,1.311864183152732,1.9957767824224224,0.934248237318811,1.5689298434263337,0.0,0.0,2.2454501308320163,0.0,0.9151473183584113,1.9644495865143052,3.1124727934593497,0.0},fitness=net.sf.jclec.fitness.SimpleValueFitness@1ef7fe8e[value=314.39211983010307]]
Average fitness = 314.39211983010307
Fitness variance = 0.0
Generation 120 Report
Best individual: net.sf.jclec.realarray.RealArrayIndividual@6f79caec[genotype={0.02364213232259349,5.12,0.0,1.9439937710278417,0.0027172561410417906,0.42609354984472825,0.864075039575293,0.0,2.3402417772051196,3.318774145493567,5.12,2.508438874010163,4.323171568828379,0.1364581326359092,0.2969122018872383,1.808585076750127,4.118237887613677,0.9380913481576143,1.311864183152732,1.9957767824224224,0.934248237318811,1.5689298434263337,0.0,0.0,2.2454501308320163,0.0,0.9151473183584113,1.9644495865143052,3.1124727934593497,0.0},fitness=net.sf.jclec.fitness.SimpleValueFitness@5d3411d[value=314.39211983010307]]
Worst individual: net.sf.jclec.realarray.RealArrayIndividual@6f79caec[genotype={0.02364213232259349,5.12,0.0,1.9439937710278417,0.0027172561410417906,0.42609354984472825,0.864075039575293,0.0,2.3402417772051196,3.318774145493567,5.12,2.508438874010163,4.323171568828379,0.1364581326359092,0.2969122018872383,1.808585076750127,4.118237887613677,0.9380913481576143,1.311864183152732,1.9957767824224224,0.934248237318811,1.5689298434263337,0.0,0.0,2.2454501308320163,0.0,0.9151473183584113,1.9644495865143052,3.1124727934593497,0.0},fitness=net.sf.jclec.fitness.SimpleValueFitness@5d3411d[value=314.39211983010307]]
Median individual: net.sf.jclec.realarray.RealArrayIndividual@6f79caec[genotype={0.02364213232259349,5.12,0.0,1.9439937710278417,0.0027172561410417906,0.42609354984472825,0.864075039575293,0.0,2.3402417772051196,3.318774145493567,5.12,2.508438874010163,4.323171568828379,0.1364581326359092,0.2969122018872383,1.808585076750127,4.118237887613677,0.9380913481576143,1.311864183152732,1.9957767824224224,0.934248237318811,1.5689298434263337,0.0,0.0,2.2454501308320163,0.0,0.9151473183584113,1.9644495865143052,3.1124727934593497,0.0},fitness=net.sf.jclec.fitness.SimpleValueFitness@5d3411d[value=314.39211983010307]]
Average fitness = 314.39211983010307
Fitness variance = 0.0
Generation 130 Report
Best individual: net.sf.jclec.realarray.RealArrayIndividual@2471cca7[genotype={0.02364213232259349,5.12,0.0,1.9439937710278417,0.0027172561410417906,0.42609354984472825,0.864075039575293,0.0,2.3402417772051196,3.318774145493567,5.12,2.508438874010163,4.323171568828379,0.1364581326359092,0.2969122018872383,1.808585076750127,4.118237887613677,0.9380913481576143,1.311864183152732,1.9957767824224224,0.934248237318811,1.5689298434263337,0.0,0.0,2.2454501308320163,0.0,0.9151473183584113,1.9644495865143052,3.1124727934593497,0.0},fitness=net.sf.jclec.fitness.SimpleValueFitness@6979e8cb[value=314.39211983010307]]
Worst individual: net.sf.jclec.realarray.RealArrayIndividual@2471cca7[genotype={0.02364213232259349,5.12,0.0,1.9439937710278417,0.0027172561410417906,0.42609354984472825,0.864075039575293,0.0,2.3402417772051196,3.318774145493567,5.12,2.508438874010163,4.323171568828379,0.1364581326359092,0.2969122018872383,1.808585076750127,4.118237887613677,0.9380913481576143,1.311864183152732,1.9957767824224224,0.934248237318811,1.5689298434263337,0.0,0.0,2.2454501308320163,0.0,0.9151473183584113,1.9644495865143052,3.1124727934593497,0.0},fitness=net.sf.jclec.fitness.SimpleValueFitness@6979e8cb[value=314.39211983010307]]
Median individual: net.sf.jclec.realarray.RealArrayIndividual@2471cca7[genotype={0.02364213232259349,5.12,0.0,1.9439937710278417,0.0027172561410417906,0.42609354984472825,0.864075039575293,0.0,2.3402417772051196,3.318774145493567,5.12,2.508438874010163,4.323171568828379,0.1364581326359092,0.2969122018872383,1.808585076750127,4.118237887613677,0.9380913481576143,1.311864183152732,1.9957767824224224,0.934248237318811,1.5689298434263337,0.0,0.0,2.2454501308320163,0.0,0.9151473183584113,1.9644495865143052,3.1124727934593497,0.0},fitness=net.sf.jclec.fitness.SimpleValueFitness@6979e8cb[value=314.39211983010307]]
Average fitness = 314.39211983010307
Fitness variance = 0.0
Generation 140 Report
Best individual: net.sf.jclec.realarray.RealArrayIndividual@763d9750[genotype={0.0,5.12,1.9773429226152128,1.352887949702588,0.0,1.2784266838943972,0.0,0.0,1.98732720612934,1.8820572839226117,5.12,3.9072058326021915,5.12,0.0,0.2507397908751676,5.12,2.151787944721826,0.8981397753701159,3.1044399792827413,3.161747205361289,0.21464086685321915,1.3763937212664206,0.0,0.0,2.2454501308320163,0.8044282831953908,0.0,1.9644495865143052,3.1348372526342643,0.9384666928378342},fitness=net.sf.jclec.fitness.SimpleValueFitness@2be94b0f[value=294.0758264108178]]
Worst individual: net.sf.jclec.realarray.RealArrayIndividual@763d9750[genotype={0.0,5.12,1.9773429226152128,1.352887949702588,0.0,1.2784266838943972,0.0,0.0,1.98732720612934,1.8820572839226117,5.12,3.9072058326021915,5.12,0.0,0.2507397908751676,5.12,2.151787944721826,0.8981397753701159,3.1044399792827413,3.161747205361289,0.21464086685321915,1.3763937212664206,0.0,0.0,2.2454501308320163,0.8044282831953908,0.0,1.9644495865143052,3.1348372526342643,0.9384666928378342},fitness=net.sf.jclec.fitness.SimpleValueFitness@2be94b0f[value=294.0758264108178]]
Median individual: net.sf.jclec.realarray.RealArrayIndividual@763d9750[genotype={0.0,5.12,1.9773429226152128,1.352887949702588,0.0,1.2784266838943972,0.0,0.0,1.98732720612934,1.8820572839226117,5.12,3.9072058326021915,5.12,0.0,0.2507397908751676,5.12,2.151787944721826,0.8981397753701159,3.1044399792827413,3.161747205361289,0.21464086685321915,1.3763937212664206,0.0,0.0,2.2454501308320163,0.8044282831953908,0.0,1.9644495865143052,3.1348372526342643,0.9384666928378342},fitness=net.sf.jclec.fitness.SimpleValueFitness@2be94b0f[value=294.0758264108178]]
Average fitness = 294.0758264108178
Fitness variance = 0.0
Generation 150 Report
Best individual: net.sf.jclec.realarray.RealArrayIndividual@d70c109[genotype={0.0,5.12,1.9773429226152128,1.352887949702588,0.0,1.2784266838943972,0.0,0.0,1.98732720612934,1.8820572839226117,5.12,3.9072058326021915,5.12,0.0,0.2507397908751676,5.12,2.151787944721826,0.8981397753701159,3.1044399792827413,3.161747205361289,0.21464086685321915,1.3763937212664206,0.0,0.0,2.2454501308320163,0.8044282831953908,0.0,1.9644495865143052,3.1348372526342643,0.9384666928378342},fitness=net.sf.jclec.fitness.SimpleValueFitness@50675690[value=294.0758264108178]]
Worst individual: net.sf.jclec.realarray.RealArrayIndividual@d70c109[genotype={0.0,5.12,1.9773429226152128,1.352887949702588,0.0,1.2784266838943972,0.0,0.0,1.98732720612934,1.8820572839226117,5.12,3.9072058326021915,5.12,0.0,0.2507397908751676,5.12,2.151787944721826,0.8981397753701159,3.1044399792827413,3.161747205361289,0.21464086685321915,1.3763937212664206,0.0,0.0,2.2454501308320163,0.8044282831953908,0.0,1.9644495865143052,3.1348372526342643,0.9384666928378342},fitness=net.sf.jclec.fitness.SimpleValueFitness@50675690[value=294.0758264108178]]
Median individual: net.sf.jclec.realarray.RealArrayIndividual@d70c109[genotype={0.0,5.12,1.9773429226152128,1.352887949702588,0.0,1.2784266838943972,0.0,0.0,1.98732720612934,1.8820572839226117,5.12,3.9072058326021915,5.12,0.0,0.2507397908751676,5.12,2.151787944721826,0.8981397753701159,3.1044399792827413,3.161747205361289,0.21464086685321915,1.3763937212664206,0.0,0.0,2.2454501308320163,0.8044282831953908,0.0,1.9644495865143052,3.1348372526342643,0.9384666928378342},fitness=net.sf.jclec.fitness.SimpleValueFitness@50675690[value=294.0758264108178]]
Average fitness = 294.0758264108178
Fitness variance = 0.0
Generation 160 Report
Best individual: net.sf.jclec.realarray.RealArrayIndividual@31b7dea0[genotype={0.0,5.12,1.9773429226152128,1.352887949702588,0.0,1.2784266838943972,0.0,0.0,1.98732720612934,1.8820572839226117,5.12,3.9072058326021915,5.12,0.0,0.2507397908751676,5.12,2.151787944721826,0.8981397753701159,3.1044399792827413,3.161747205361289,0.21464086685321915,1.3763937212664206,0.0,0.0,2.2454501308320163,0.8044282831953908,0.0,1.9644495865143052,3.1348372526342643,0.9384666928378342},fitness=net.sf.jclec.fitness.SimpleValueFitness@47d384ee[value=294.0758264108178]]
Worst individual: net.sf.jclec.realarray.RealArrayIndividual@31b7dea0[genotype={0.0,5.12,1.9773429226152128,1.352887949702588,0.0,1.2784266838943972,0.0,0.0,1.98732720612934,1.8820572839226117,5.12,3.9072058326021915,5.12,0.0,0.2507397908751676,5.12,2.151787944721826,0.8981397753701159,3.1044399792827413,3.161747205361289,0.21464086685321915,1.3763937212664206,0.0,0.0,2.2454501308320163,0.8044282831953908,0.0,1.9644495865143052,3.1348372526342643,0.9384666928378342},fitness=net.sf.jclec.fitness.SimpleValueFitness@47d384ee[value=294.0758264108178]]
Median individual: net.sf.jclec.realarray.RealArrayIndividual@31b7dea0[genotype={0.0,5.12,1.9773429226152128,1.352887949702588,0.0,1.2784266838943972,0.0,0.0,1.98732720612934,1.8820572839226117,5.12,3.9072058326021915,5.12,0.0,0.2507397908751676,5.12,2.151787944721826,0.8981397753701159,3.1044399792827413,3.161747205361289,0.21464086685321915,1.3763937212664206,0.0,0.0,2.2454501308320163,0.8044282831953908,0.0,1.9644495865143052,3.1348372526342643,0.9384666928378342},fitness=net.sf.jclec.fitness.SimpleValueFitness@47d384ee[value=294.0758264108178]]
Average fitness = 294.0758264108178
Fitness variance = 0.0
Generation 170 Report
Best individual: net.sf.jclec.realarray.RealArrayIndividual@2d6a9952[genotype={0.0,4.044165210730352,1.9773429226152128,0.23899054035011158,1.8850763120707512,0.1369370785919164,1.1087531288917067,0.03399506539817132,1.98732720612934,1.6391102823746357,4.640006776307771,5.12,5.12,0.0,0.2507397908751676,5.12,0.8128200750544938,0.0,3.1044399792827413,3.161747205361289,0.0,2.8826144499974995,0.2110003425813578,0.0,1.9892663231266292,0.8044282831953908,0.0,0.9619295535353234,3.1348372526342643,0.0},fitness=net.sf.jclec.fitness.SimpleValueFitness@3930015a[value=278.7144009126102]]
Worst individual: net.sf.jclec.realarray.RealArrayIndividual@2d6a9952[genotype={0.0,4.044165210730352,1.9773429226152128,0.23899054035011158,1.8850763120707512,0.1369370785919164,1.1087531288917067,0.03399506539817132,1.98732720612934,1.6391102823746357,4.640006776307771,5.12,5.12,0.0,0.2507397908751676,5.12,0.8128200750544938,0.0,3.1044399792827413,3.161747205361289,0.0,2.8826144499974995,0.2110003425813578,0.0,1.9892663231266292,0.8044282831953908,0.0,0.9619295535353234,3.1348372526342643,0.0},fitness=net.sf.jclec.fitness.SimpleValueFitness@3930015a[value=278.7144009126102]]
Median individual: net.sf.jclec.realarray.RealArrayIndividual@2d6a9952[genotype={0.0,4.044165210730352,1.9773429226152128,0.23899054035011158,1.8850763120707512,0.1369370785919164,1.1087531288917067,0.03399506539817132,1.98732720612934,1.6391102823746357,4.640006776307771,5.12,5.12,0.0,0.2507397908751676,5.12,0.8128200750544938,0.0,3.1044399792827413,3.161747205361289,0.0,2.8826144499974995,0.2110003425813578,0.0,1.9892663231266292,0.8044282831953908,0.0,0.9619295535353234,3.1348372526342643,0.0},fitness=net.sf.jclec.fitness.SimpleValueFitness@3930015a[value=278.7144009126102]]
Average fitness = 278.7144009126102
Fitness variance = 0.0
Generation 180 Report
Best individual: net.sf.jclec.realarray.RealArrayIndividual@629f0666[genotype={0.0,4.044165210730352,1.9773429226152128,0.23899054035011158,1.8850763120707512,0.1369370785919164,1.1087531288917067,0.03399506539817132,1.98732720612934,1.6391102823746357,4.640006776307771,5.12,5.12,0.0,0.2507397908751676,5.12,0.8128200750544938,0.0,3.1044399792827413,3.161747205361289,0.0,2.8826144499974995,0.2110003425813578,0.0,1.9892663231266292,0.8044282831953908,0.0,0.9619295535353234,3.1348372526342643,0.0},fitness=net.sf.jclec.fitness.SimpleValueFitness@1ff8b8f[value=278.7144009126102]]
Worst individual: net.sf.jclec.realarray.RealArrayIndividual@629f0666[genotype={0.0,4.044165210730352,1.9773429226152128,0.23899054035011158,1.8850763120707512,0.1369370785919164,1.1087531288917067,0.03399506539817132,1.98732720612934,1.6391102823746357,4.640006776307771,5.12,5.12,0.0,0.2507397908751676,5.12,0.8128200750544938,0.0,3.1044399792827413,3.161747205361289,0.0,2.8826144499974995,0.2110003425813578,0.0,1.9892663231266292,0.8044282831953908,0.0,0.9619295535353234,3.1348372526342643,0.0},fitness=net.sf.jclec.fitness.SimpleValueFitness@1ff8b8f[value=278.7144009126102]]
Median individual: net.sf.jclec.realarray.RealArrayIndividual@629f0666[genotype={0.0,4.044165210730352,1.9773429226152128,0.23899054035011158,1.8850763120707512,0.1369370785919164,1.1087531288917067,0.03399506539817132,1.98732720612934,1.6391102823746357,4.640006776307771,5.12,5.12,0.0,0.2507397908751676,5.12,0.8128200750544938,0.0,3.1044399792827413,3.161747205361289,0.0,2.8826144499974995,0.2110003425813578,0.0,1.9892663231266292,0.8044282831953908,0.0,0.9619295535353234,3.1348372526342643,0.0},fitness=net.sf.jclec.fitness.SimpleValueFitness@1ff8b8f[value=278.7144009126102]]
Average fitness = 278.7144009126102
Fitness variance = 0.0
Generation 190 Report
Best individual: net.sf.jclec.realarray.RealArrayIndividual@387c703b[genotype={0.0,4.044165210730352,1.9773429226152128,0.23899054035011158,1.8850763120707512,0.1369370785919164,1.1087531288917067,0.03399506539817132,1.98732720612934,1.6391102823746357,4.640006776307771,5.12,5.12,0.0,0.2507397908751676,5.12,0.8128200750544938,0.0,3.1044399792827413,3.161747205361289,0.0,2.8826144499974995,0.2110003425813578,0.0,1.9892663231266292,0.8044282831953908,0.0,0.9619295535353234,3.1348372526342643,0.0},fitness=net.sf.jclec.fitness.SimpleValueFitness@c39f790[value=278.7144009126102]]
Worst individual: net.sf.jclec.realarray.RealArrayIndividual@387c703b[genotype={0.0,4.044165210730352,1.9773429226152128,0.23899054035011158,1.8850763120707512,0.1369370785919164,1.1087531288917067,0.03399506539817132,1.98732720612934,1.6391102823746357,4.640006776307771,5.12,5.12,0.0,0.2507397908751676,5.12,0.8128200750544938,0.0,3.1044399792827413,3.161747205361289,0.0,2.8826144499974995,0.2110003425813578,0.0,1.9892663231266292,0.8044282831953908,0.0,0.9619295535353234,3.1348372526342643,0.0},fitness=net.sf.jclec.fitness.SimpleValueFitness@c39f790[value=278.7144009126102]]
Median individual: net.sf.jclec.realarray.RealArrayIndividual@387c703b[genotype={0.0,4.044165210730352,1.9773429226152128,0.23899054035011158,1.8850763120707512,0.1369370785919164,1.1087531288917067,0.03399506539817132,1.98732720612934,1.6391102823746357,4.640006776307771,5.12,5.12,0.0,0.2507397908751676,5.12,0.8128200750544938,0.0,3.1044399792827413,3.161747205361289,0.0,2.8826144499974995,0.2110003425813578,0.0,1.9892663231266292,0.8044282831953908,0.0,0.9619295535353234,3.1348372526342643,0.0},fitness=net.sf.jclec.fitness.SimpleValueFitness@c39f790[value=278.7144009126102]]
Average fitness = 278.7144009126102
Fitness variance = 0.0
Generation 200 Report
Best individual: net.sf.jclec.realarray.RealArrayIndividual@71e7a66b[genotype={0.0,4.044165210730352,1.9773429226152128,0.23899054035011158,1.8850763120707512,0.1369370785919164,1.1087531288917067,0.03399506539817132,1.98732720612934,1.6391102823746357,4.640006776307771,5.12,5.12,0.0,0.2507397908751676,5.12,0.8128200750544938,0.0,3.1044399792827413,3.161747205361289,0.0,2.8826144499974995,0.2110003425813578,0.0,1.9892663231266292,0.8044282831953908,0.0,0.9619295535353234,3.1348372526342643,0.0},fitness=net.sf.jclec.fitness.SimpleValueFitness@5f150435[value=278.7144009126102]]
Worst individual: net.sf.jclec.realarray.RealArrayIndividual@71e7a66b[genotype={0.0,4.044165210730352,1.9773429226152128,0.23899054035011158,1.8850763120707512,0.1369370785919164,1.1087531288917067,0.03399506539817132,1.98732720612934,1.6391102823746357,4.640006776307771,5.12,5.12,0.0,0.2507397908751676,5.12,0.8128200750544938,0.0,3.1044399792827413,3.161747205361289,0.0,2.8826144499974995,0.2110003425813578,0.0,1.9892663231266292,0.8044282831953908,0.0,0.9619295535353234,3.1348372526342643,0.0},fitness=net.sf.jclec.fitness.SimpleValueFitness@5f150435[value=278.7144009126102]]
Median individual: net.sf.jclec.realarray.RealArrayIndividual@71e7a66b[genotype={0.0,4.044165210730352,1.9773429226152128,0.23899054035011158,1.8850763120707512,0.1369370785919164,1.1087531288917067,0.03399506539817132,1.98732720612934,1.6391102823746357,4.640006776307771,5.12,5.12,0.0,0.2507397908751676,5.12,0.8128200750544938,0.0,3.1044399792827413,3.161747205361289,0.0,2.8826144499974995,0.2110003425813578,0.0,1.9892663231266292,0.8044282831953908,0.0,0.9619295535353234,3.1348372526342643,0.0},fitness=net.sf.jclec.fitness.SimpleValueFitness@5f150435[value=278.7144009126102]]
Average fitness = 278.7144009126102
Fitness variance = 0.0
Generation 210 Report
Best individual: net.sf.jclec.realarray.RealArrayIndividual@1c53fd30[genotype={0.0,4.044165210730352,1.9773429226152128,0.23899054035011158,1.8850763120707512,0.1369370785919164,1.1087531288917067,0.03399506539817132,1.98732720612934,1.6391102823746357,4.640006776307771,5.12,5.12,0.0,0.2507397908751676,5.12,0.8128200750544938,0.0,3.1044399792827413,3.161747205361289,0.0,2.8826144499974995,0.2110003425813578,0.0,1.9892663231266292,0.8044282831953908,0.0,0.9619295535353234,3.1348372526342643,0.0},fitness=net.sf.jclec.fitness.SimpleValueFitness@75412c2f[value=278.7144009126102]]
Worst individual: net.sf.jclec.realarray.RealArrayIndividual@1c53fd30[genotype={0.0,4.044165210730352,1.9773429226152128,0.23899054035011158,1.8850763120707512,0.1369370785919164,1.1087531288917067,0.03399506539817132,1.98732720612934,1.6391102823746357,4.640006776307771,5.12,5.12,0.0,0.2507397908751676,5.12,0.8128200750544938,0.0,3.1044399792827413,3.161747205361289,0.0,2.8826144499974995,0.2110003425813578,0.0,1.9892663231266292,0.8044282831953908,0.0,0.9619295535353234,3.1348372526342643,0.0},fitness=net.sf.jclec.fitness.SimpleValueFitness@75412c2f[value=278.7144009126102]]
Median individual: net.sf.jclec.realarray.RealArrayIndividual@1c53fd30[genotype={0.0,4.044165210730352,1.9773429226152128,0.23899054035011158,1.8850763120707512,0.1369370785919164,1.1087531288917067,0.03399506539817132,1.98732720612934,1.6391102823746357,4.640006776307771,5.12,5.12,0.0,0.2507397908751676,5.12,0.8128200750544938,0.0,3.1044399792827413,3.161747205361289,0.0,2.8826144499974995,0.2110003425813578,0.0,1.9892663231266292,0.8044282831953908,0.0,0.9619295535353234,3.1348372526342643,0.0},fitness=net.sf.jclec.fitness.SimpleValueFitness@75412c2f[value=278.7144009126102]]
Average fitness = 278.7144009126102
Fitness variance = 0.0
Generation 220 Report
Best individual: net.sf.jclec.realarray.RealArrayIndividual@282ba1e[genotype={0.0,4.044165210730352,1.9773429226152128,0.23899054035011158,1.8850763120707512,0.1369370785919164,1.1087531288917067,0.03399506539817132,1.98732720612934,1.6391102823746357,4.640006776307771,5.12,5.12,0.0,0.2507397908751676,5.12,0.8128200750544938,0.0,3.1044399792827413,3.161747205361289,0.0,2.8826144499974995,0.2110003425813578,0.0,1.9892663231266292,0.8044282831953908,0.0,0.9619295535353234,3.1348372526342643,0.0},fitness=net.sf.jclec.fitness.SimpleValueFitness@f5f2bb7[value=278.7144009126102]]
Worst individual: net.sf.jclec.realarray.RealArrayIndividual@282ba1e[genotype={0.0,4.044165210730352,1.9773429226152128,0.23899054035011158,1.8850763120707512,0.1369370785919164,1.1087531288917067,0.03399506539817132,1.98732720612934,1.6391102823746357,4.640006776307771,5.12,5.12,0.0,0.2507397908751676,5.12,0.8128200750544938,0.0,3.1044399792827413,3.161747205361289,0.0,2.8826144499974995,0.2110003425813578,0.0,1.9892663231266292,0.8044282831953908,0.0,0.9619295535353234,3.1348372526342643,0.0},fitness=net.sf.jclec.fitness.SimpleValueFitness@f5f2bb7[value=278.7144009126102]]
Median individual: net.sf.jclec.realarray.RealArrayIndividual@282ba1e[genotype={0.0,4.044165210730352,1.9773429226152128,0.23899054035011158,1.8850763120707512,0.1369370785919164,1.1087531288917067,0.03399506539817132,1.98732720612934,1.6391102823746357,4.640006776307771,5.12,5.12,0.0,0.2507397908751676,5.12,0.8128200750544938,0.0,3.1044399792827413,3.161747205361289,0.0,2.8826144499974995,0.2110003425813578,0.0,1.9892663231266292,0.8044282831953908,0.0,0.9619295535353234,3.1348372526342643,0.0},fitness=net.sf.jclec.fitness.SimpleValueFitness@f5f2bb7[value=278.7144009126102]]
Average fitness = 278.7144009126102
Fitness variance = 0.0
Generation 230 Report
Best individual: net.sf.jclec.realarray.RealArrayIndividual@73035e27[genotype={0.0,4.044165210730352,1.9773429226152128,0.23899054035011158,1.8850763120707512,0.1369370785919164,1.1087531288917067,0.03399506539817132,1.98732720612934,1.6391102823746357,4.640006776307771,5.12,5.12,0.0,0.2507397908751676,5.12,0.8128200750544938,0.0,3.1044399792827413,3.161747205361289,0.0,2.8826144499974995,0.2110003425813578,0.0,1.9892663231266292,0.8044282831953908,0.0,0.9619295535353234,3.1348372526342643,0.0},fitness=net.sf.jclec.fitness.SimpleValueFitness@3ecf72fd[value=278.7144009126102]]
Worst individual: net.sf.jclec.realarray.RealArrayIndividual@73035e27[genotype={0.0,4.044165210730352,1.9773429226152128,0.23899054035011158,1.8850763120707512,0.1369370785919164,1.1087531288917067,0.03399506539817132,1.98732720612934,1.6391102823746357,4.640006776307771,5.12,5.12,0.0,0.2507397908751676,5.12,0.8128200750544938,0.0,3.1044399792827413,3.161747205361289,0.0,2.8826144499974995,0.2110003425813578,0.0,1.9892663231266292,0.8044282831953908,0.0,0.9619295535353234,3.1348372526342643,0.0},fitness=net.sf.jclec.fitness.SimpleValueFitness@3ecf72fd[value=278.7144009126102]]
Median individual: net.sf.jclec.realarray.RealArrayIndividual@73035e27[genotype={0.0,4.044165210730352,1.9773429226152128,0.23899054035011158,1.8850763120707512,0.1369370785919164,1.1087531288917067,0.03399506539817132,1.98732720612934,1.6391102823746357,4.640006776307771,5.12,5.12,0.0,0.2507397908751676,5.12,0.8128200750544938,0.0,3.1044399792827413,3.161747205361289,0.0,2.8826144499974995,0.2110003425813578,0.0,1.9892663231266292,0.8044282831953908,0.0,0.9619295535353234,3.1348372526342643,0.0},fitness=net.sf.jclec.fitness.SimpleValueFitness@3ecf72fd[value=278.7144009126102]]
Average fitness = 278.7144009126102
Fitness variance = 0.0
Generation 240 Report
Best individual: net.sf.jclec.realarray.RealArrayIndividual@483bf400[genotype={0.0,4.044165210730352,1.9773429226152128,0.23899054035011158,1.8850763120707512,0.1369370785919164,1.1087531288917067,0.03399506539817132,1.98732720612934,1.6391102823746357,4.640006776307771,5.12,5.12,0.0,0.2507397908751676,5.12,0.8128200750544938,0.0,3.1044399792827413,3.161747205361289,0.0,2.8826144499974995,0.2110003425813578,0.0,1.9892663231266292,0.8044282831953908,0.0,0.9619295535353234,3.1348372526342643,0.0},fitness=net.sf.jclec.fitness.SimpleValueFitness@77f03bb1[value=278.7144009126102]]
Worst individual: net.sf.jclec.realarray.RealArrayIndividual@483bf400[genotype={0.0,4.044165210730352,1.9773429226152128,0.23899054035011158,1.8850763120707512,0.1369370785919164,1.1087531288917067,0.03399506539817132,1.98732720612934,1.6391102823746357,4.640006776307771,5.12,5.12,0.0,0.2507397908751676,5.12,0.8128200750544938,0.0,3.1044399792827413,3.161747205361289,0.0,2.8826144499974995,0.2110003425813578,0.0,1.9892663231266292,0.8044282831953908,0.0,0.9619295535353234,3.1348372526342643,0.0},fitness=net.sf.jclec.fitness.SimpleValueFitness@77f03bb1[value=278.7144009126102]]
Median individual: net.sf.jclec.realarray.RealArrayIndividual@483bf400[genotype={0.0,4.044165210730352,1.9773429226152128,0.23899054035011158,1.8850763120707512,0.1369370785919164,1.1087531288917067,0.03399506539817132,1.98732720612934,1.6391102823746357,4.640006776307771,5.12,5.12,0.0,0.2507397908751676,5.12,0.8128200750544938,0.0,3.1044399792827413,3.161747205361289,0.0,2.8826144499974995,0.2110003425813578,0.0,1.9892663231266292,0.8044282831953908,0.0,0.9619295535353234,3.1348372526342643,0.0},fitness=net.sf.jclec.fitness.SimpleValueFitness@77f03bb1[value=278.7144009126102]]
Average fitness = 278.7144009126102
Fitness variance = 0.0
Generation 250 Report
Best individual: net.sf.jclec.realarray.RealArrayIndividual@326de728[genotype={0.0,4.044165210730352,1.9773429226152128,0.23899054035011158,1.8850763120707512,0.1369370785919164,1.1087531288917067,0.03399506539817132,1.98732720612934,1.6391102823746357,4.640006776307771,5.12,5.12,0.0,0.2507397908751676,5.12,0.8128200750544938,0.0,3.1044399792827413,3.161747205361289,0.0,2.8826144499974995,0.2110003425813578,0.0,1.9892663231266292,0.8044282831953908,0.0,0.9619295535353234,3.1348372526342643,0.0},fitness=net.sf.jclec.fitness.SimpleValueFitness@7a92922[value=278.7144009126102]]
Worst individual: net.sf.jclec.realarray.RealArrayIndividual@326de728[genotype={0.0,4.044165210730352,1.9773429226152128,0.23899054035011158,1.8850763120707512,0.1369370785919164,1.1087531288917067,0.03399506539817132,1.98732720612934,1.6391102823746357,4.640006776307771,5.12,5.12,0.0,0.2507397908751676,5.12,0.8128200750544938,0.0,3.1044399792827413,3.161747205361289,0.0,2.8826144499974995,0.2110003425813578,0.0,1.9892663231266292,0.8044282831953908,0.0,0.9619295535353234,3.1348372526342643,0.0},fitness=net.sf.jclec.fitness.SimpleValueFitness@7a92922[value=278.7144009126102]]
Median individual: net.sf.jclec.realarray.RealArrayIndividual@326de728[genotype={0.0,4.044165210730352,1.9773429226152128,0.23899054035011158,1.8850763120707512,0.1369370785919164,1.1087531288917067,0.03399506539817132,1.98732720612934,1.6391102823746357,4.640006776307771,5.12,5.12,0.0,0.2507397908751676,5.12,0.8128200750544938,0.0,3.1044399792827413,3.161747205361289,0.0,2.8826144499974995,0.2110003425813578,0.0,1.9892663231266292,0.8044282831953908,0.0,0.9619295535353234,3.1348372526342643,0.0},fitness=net.sf.jclec.fitness.SimpleValueFitness@7a92922[value=278.7144009126102]]
Average fitness = 278.7144009126102
Fitness variance = 0.0
Generation 260 Report
Best individual: net.sf.jclec.realarray.RealArrayIndividual@71f2a7d5[genotype={0.0,4.044165210730352,1.9773429226152128,0.23899054035011158,1.8850763120707512,0.1369370785919164,1.1087531288917067,0.03399506539817132,1.98732720612934,1.6391102823746357,4.640006776307771,5.12,5.12,0.0,0.2507397908751676,5.12,0.8128200750544938,0.0,3.1044399792827413,3.161747205361289,0.0,2.8826144499974995,0.2110003425813578,0.0,1.9892663231266292,0.8044282831953908,0.0,0.9619295535353234,3.1348372526342643,0.0},fitness=net.sf.jclec.fitness.SimpleValueFitness@5474c6c[value=278.7144009126102]]
Worst individual: net.sf.jclec.realarray.RealArrayIndividual@71f2a7d5[genotype={0.0,4.044165210730352,1.9773429226152128,0.23899054035011158,1.8850763120707512,0.1369370785919164,1.1087531288917067,0.03399506539817132,1.98732720612934,1.6391102823746357,4.640006776307771,5.12,5.12,0.0,0.2507397908751676,5.12,0.8128200750544938,0.0,3.1044399792827413,3.161747205361289,0.0,2.8826144499974995,0.2110003425813578,0.0,1.9892663231266292,0.8044282831953908,0.0,0.9619295535353234,3.1348372526342643,0.0},fitness=net.sf.jclec.fitness.SimpleValueFitness@5474c6c[value=278.7144009126102]]
Median individual: net.sf.jclec.realarray.RealArrayIndividual@71f2a7d5[genotype={0.0,4.044165210730352,1.9773429226152128,0.23899054035011158,1.8850763120707512,0.1369370785919164,1.1087531288917067,0.03399506539817132,1.98732720612934,1.6391102823746357,4.640006776307771,5.12,5.12,0.0,0.2507397908751676,5.12,0.8128200750544938,0.0,3.1044399792827413,3.161747205361289,0.0,2.8826144499974995,0.2110003425813578,0.0,1.9892663231266292,0.8044282831953908,0.0,0.9619295535353234,3.1348372526342643,0.0},fitness=net.sf.jclec.fitness.SimpleValueFitness@5474c6c[value=278.7144009126102]]
Average fitness = 278.7144009126102
Fitness variance = 0.0
Generation 270 Report
Best individual: net.sf.jclec.realarray.RealArrayIndividual@4b6995df[genotype={0.0,4.044165210730352,1.9773429226152128,0.23899054035011158,1.8850763120707512,0.1369370785919164,1.1087531288917067,0.03399506539817132,1.98732720612934,1.6391102823746357,4.640006776307771,5.12,5.12,0.0,0.2507397908751676,5.12,0.8128200750544938,0.0,3.1044399792827413,3.161747205361289,0.0,2.8826144499974995,0.2110003425813578,0.0,1.9892663231266292,0.8044282831953908,0.0,0.9619295535353234,3.1348372526342643,0.0},fitness=net.sf.jclec.fitness.SimpleValueFitness@591f989e[value=278.7144009126102]]
Worst individual: net.sf.jclec.realarray.RealArrayIndividual@4b6995df[genotype={0.0,4.044165210730352,1.9773429226152128,0.23899054035011158,1.8850763120707512,0.1369370785919164,1.1087531288917067,0.03399506539817132,1.98732720612934,1.6391102823746357,4.640006776307771,5.12,5.12,0.0,0.2507397908751676,5.12,0.8128200750544938,0.0,3.1044399792827413,3.161747205361289,0.0,2.8826144499974995,0.2110003425813578,0.0,1.9892663231266292,0.8044282831953908,0.0,0.9619295535353234,3.1348372526342643,0.0},fitness=net.sf.jclec.fitness.SimpleValueFitness@591f989e[value=278.7144009126102]]
Median individual: net.sf.jclec.realarray.RealArrayIndividual@4b6995df[genotype={0.0,4.044165210730352,1.9773429226152128,0.23899054035011158,1.8850763120707512,0.1369370785919164,1.1087531288917067,0.03399506539817132,1.98732720612934,1.6391102823746357,4.640006776307771,5.12,5.12,0.0,0.2507397908751676,5.12,0.8128200750544938,0.0,3.1044399792827413,3.161747205361289,0.0,2.8826144499974995,0.2110003425813578,0.0,1.9892663231266292,0.8044282831953908,0.0,0.9619295535353234,3.1348372526342643,0.0},fitness=net.sf.jclec.fitness.SimpleValueFitness@591f989e[value=278.7144009126102]]
Average fitness = 278.7144009126102
Fitness variance = 0.0
Generation 280 Report
Best individual: net.sf.jclec.realarray.RealArrayIndividual@66048bfd[genotype={0.0,4.044165210730352,1.9773429226152128,0.23899054035011158,1.8850763120707512,0.1369370785919164,1.1087531288917067,0.03399506539817132,1.98732720612934,1.6391102823746357,4.640006776307771,5.12,5.12,0.0,0.2507397908751676,5.12,0.8128200750544938,0.0,3.1044399792827413,3.161747205361289,0.0,2.8826144499974995,0.2110003425813578,0.0,1.9892663231266292,0.8044282831953908,0.0,0.9619295535353234,3.1348372526342643,0.0},fitness=net.sf.jclec.fitness.SimpleValueFitness@445b84c0[value=278.7144009126102]]
Worst individual: net.sf.jclec.realarray.RealArrayIndividual@66048bfd[genotype={0.0,4.044165210730352,1.9773429226152128,0.23899054035011158,1.8850763120707512,0.1369370785919164,1.1087531288917067,0.03399506539817132,1.98732720612934,1.6391102823746357,4.640006776307771,5.12,5.12,0.0,0.2507397908751676,5.12,0.8128200750544938,0.0,3.1044399792827413,3.161747205361289,0.0,2.8826144499974995,0.2110003425813578,0.0,1.9892663231266292,0.8044282831953908,0.0,0.9619295535353234,3.1348372526342643,0.0},fitness=net.sf.jclec.fitness.SimpleValueFitness@445b84c0[value=278.7144009126102]]
Median individual: net.sf.jclec.realarray.RealArrayIndividual@66048bfd[genotype={0.0,4.044165210730352,1.9773429226152128,0.23899054035011158,1.8850763120707512,0.1369370785919164,1.1087531288917067,0.03399506539817132,1.98732720612934,1.6391102823746357,4.640006776307771,5.12,5.12,0.0,0.2507397908751676,5.12,0.8128200750544938,0.0,3.1044399792827413,3.161747205361289,0.0,2.8826144499974995,0.2110003425813578,0.0,1.9892663231266292,0.8044282831953908,0.0,0.9619295535353234,3.1348372526342643,0.0},fitness=net.sf.jclec.fitness.SimpleValueFitness@445b84c0[value=278.7144009126102]]
Average fitness = 278.7144009126102
Fitness variance = 0.0
Generation 290 Report
Best individual: net.sf.jclec.realarray.RealArrayIndividual@61a52fbd[genotype={0.0,4.044165210730352,1.9773429226152128,0.23899054035011158,1.8850763120707512,0.1369370785919164,1.1087531288917067,0.03399506539817132,1.98732720612934,1.6391102823746357,4.640006776307771,5.12,5.12,0.0,0.2507397908751676,5.12,0.8128200750544938,0.0,3.1044399792827413,3.161747205361289,0.0,2.8826144499974995,0.2110003425813578,0.0,1.9892663231266292,0.8044282831953908,0.0,0.9619295535353234,3.1348372526342643,0.0},fitness=net.sf.jclec.fitness.SimpleValueFitness@63d4e2ba[value=278.7144009126102]]
Worst individual: net.sf.jclec.realarray.RealArrayIndividual@61a52fbd[genotype={0.0,4.044165210730352,1.9773429226152128,0.23899054035011158,1.8850763120707512,0.1369370785919164,1.1087531288917067,0.03399506539817132,1.98732720612934,1.6391102823746357,4.640006776307771,5.12,5.12,0.0,0.2507397908751676,5.12,0.8128200750544938,0.0,3.1044399792827413,3.161747205361289,0.0,2.8826144499974995,0.2110003425813578,0.0,1.9892663231266292,0.8044282831953908,0.0,0.9619295535353234,3.1348372526342643,0.0},fitness=net.sf.jclec.fitness.SimpleValueFitness@63d4e2ba[value=278.7144009126102]]
Median individual: net.sf.jclec.realarray.RealArrayIndividual@61a52fbd[genotype={0.0,4.044165210730352,1.9773429226152128,0.23899054035011158,1.8850763120707512,0.1369370785919164,1.1087531288917067,0.03399506539817132,1.98732720612934,1.6391102823746357,4.640006776307771,5.12,5.12,0.0,0.2507397908751676,5.12,0.8128200750544938,0.0,3.1044399792827413,3.161747205361289,0.0,2.8826144499974995,0.2110003425813578,0.0,1.9892663231266292,0.8044282831953908,0.0,0.9619295535353234,3.1348372526342643,0.0},fitness=net.sf.jclec.fitness.SimpleValueFitness@63d4e2ba[value=278.7144009126102]]
Average fitness = 278.7144009126102
Fitness variance = 0.0
Generation 300 Report
Best individual: net.sf.jclec.realarray.RealArrayIndividual@7bb11784[genotype={0.0,4.044165210730352,1.9773429226152128,0.23899054035011158,1.8850763120707512,0.1369370785919164,1.1087531288917067,0.03399506539817132,1.98732720612934,1.6391102823746357,4.640006776307771,5.12,5.12,0.0,0.2507397908751676,5.12,0.8128200750544938,0.0,3.1044399792827413,3.161747205361289,0.0,2.8826144499974995,0.2110003425813578,0.0,1.9892663231266292,0.8044282831953908,0.0,0.9619295535353234,3.1348372526342643,0.0},fitness=net.sf.jclec.fitness.SimpleValueFitness@7006c658[value=278.7144009126102]]
Worst individual: net.sf.jclec.realarray.RealArrayIndividual@7bb11784[genotype={0.0,4.044165210730352,1.9773429226152128,0.23899054035011158,1.8850763120707512,0.1369370785919164,1.1087531288917067,0.03399506539817132,1.98732720612934,1.6391102823746357,4.640006776307771,5.12,5.12,0.0,0.2507397908751676,5.12,0.8128200750544938,0.0,3.1044399792827413,3.161747205361289,0.0,2.8826144499974995,0.2110003425813578,0.0,1.9892663231266292,0.8044282831953908,0.0,0.9619295535353234,3.1348372526342643,0.0},fitness=net.sf.jclec.fitness.SimpleValueFitness@7006c658[value=278.7144009126102]]
Median individual: net.sf.jclec.realarray.RealArrayIndividual@7bb11784[genotype={0.0,4.044165210730352,1.9773429226152128,0.23899054035011158,1.8850763120707512,0.1369370785919164,1.1087531288917067,0.03399506539817132,1.98732720612934,1.6391102823746357,4.640006776307771,5.12,5.12,0.0,0.2507397908751676,5.12,0.8128200750544938,0.0,3.1044399792827413,3.161747205361289,0.0,2.8826144499974995,0.2110003425813578,0.0,1.9892663231266292,0.8044282831953908,0.0,0.9619295535353234,3.1348372526342643,0.0},fitness=net.sf.jclec.fitness.SimpleValueFitness@7006c658[value=278.7144009126102]]
Average fitness = 278.7144009126102
Fitness variance = 0.0
Generation 310 Report
Best individual: net.sf.jclec.realarray.RealArrayIndividual@34033bd0[genotype={0.0,4.044165210730352,1.9773429226152128,0.23899054035011158,1.8850763120707512,0.1369370785919164,1.1087531288917067,0.03399506539817132,1.98732720612934,1.6391102823746357,4.640006776307771,5.12,5.12,0.0,0.2507397908751676,5.12,0.8128200750544938,0.0,3.1044399792827413,3.161747205361289,0.0,2.8826144499974995,0.2110003425813578,0.0,1.9892663231266292,0.8044282831953908,0.0,0.9619295535353234,3.1348372526342643,0.0},fitness=net.sf.jclec.fitness.SimpleValueFitness@7cdbc5d3[value=278.7144009126102]]
Worst individual: net.sf.jclec.realarray.RealArrayIndividual@34033bd0[genotype={0.0,4.044165210730352,1.9773429226152128,0.23899054035011158,1.8850763120707512,0.1369370785919164,1.1087531288917067,0.03399506539817132,1.98732720612934,1.6391102823746357,4.640006776307771,5.12,5.12,0.0,0.2507397908751676,5.12,0.8128200750544938,0.0,3.1044399792827413,3.161747205361289,0.0,2.8826144499974995,0.2110003425813578,0.0,1.9892663231266292,0.8044282831953908,0.0,0.9619295535353234,3.1348372526342643,0.0},fitness=net.sf.jclec.fitness.SimpleValueFitness@7cdbc5d3[value=278.7144009126102]]
Median individual: net.sf.jclec.realarray.RealArrayIndividual@34033bd0[genotype={0.0,4.044165210730352,1.9773429226152128,0.23899054035011158,1.8850763120707512,0.1369370785919164,1.1087531288917067,0.03399506539817132,1.98732720612934,1.6391102823746357,4.640006776307771,5.12,5.12,0.0,0.2507397908751676,5.12,0.8128200750544938,0.0,3.1044399792827413,3.161747205361289,0.0,2.8826144499974995,0.2110003425813578,0.0,1.9892663231266292,0.8044282831953908,0.0,0.9619295535353234,3.1348372526342643,0.0},fitness=net.sf.jclec.fitness.SimpleValueFitness@7cdbc5d3[value=278.7144009126102]]
Average fitness = 278.7144009126102
Fitness variance = 0.0
Generation 320 Report
Best individual: net.sf.jclec.realarray.RealArrayIndividual@3aa9e816[genotype={0.0,4.044165210730352,1.9773429226152128,0.23899054035011158,1.8850763120707512,0.1369370785919164,1.1087531288917067,0.03399506539817132,1.98732720612934,1.6391102823746357,4.640006776307771,5.12,5.12,0.0,0.2507397908751676,5.12,0.8128200750544938,0.0,3.1044399792827413,3.161747205361289,0.0,2.8826144499974995,0.2110003425813578,0.0,1.9892663231266292,0.8044282831953908,0.0,0.9619295535353234,3.1348372526342643,0.0},fitness=net.sf.jclec.fitness.SimpleValueFitness@3834d63f[value=278.7144009126102]]
Worst individual: net.sf.jclec.realarray.RealArrayIndividual@3aa9e816[genotype={0.0,4.044165210730352,1.9773429226152128,0.23899054035011158,1.8850763120707512,0.1369370785919164,1.1087531288917067,0.03399506539817132,1.98732720612934,1.6391102823746357,4.640006776307771,5.12,5.12,0.0,0.2507397908751676,5.12,0.8128200750544938,0.0,3.1044399792827413,3.161747205361289,0.0,2.8826144499974995,0.2110003425813578,0.0,1.9892663231266292,0.8044282831953908,0.0,0.9619295535353234,3.1348372526342643,0.0},fitness=net.sf.jclec.fitness.SimpleValueFitness@3834d63f[value=278.7144009126102]]
Median individual: net.sf.jclec.realarray.RealArrayIndividual@3aa9e816[genotype={0.0,4.044165210730352,1.9773429226152128,0.23899054035011158,1.8850763120707512,0.1369370785919164,1.1087531288917067,0.03399506539817132,1.98732720612934,1.6391102823746357,4.640006776307771,5.12,5.12,0.0,0.2507397908751676,5.12,0.8128200750544938,0.0,3.1044399792827413,3.161747205361289,0.0,2.8826144499974995,0.2110003425813578,0.0,1.9892663231266292,0.8044282831953908,0.0,0.9619295535353234,3.1348372526342643,0.0},fitness=net.sf.jclec.fitness.SimpleValueFitness@3834d63f[value=278.7144009126102]]
Average fitness = 278.7144009126102
Fitness variance = 0.0
Generation 330 Report
Best individual: net.sf.jclec.realarray.RealArrayIndividual@1ae369b7[genotype={0.0,4.044165210730352,1.9773429226152128,0.23899054035011158,1.8850763120707512,0.1369370785919164,1.1087531288917067,0.03399506539817132,1.98732720612934,1.6391102823746357,4.640006776307771,5.12,5.12,0.0,0.2507397908751676,5.12,0.8128200750544938,0.0,3.1044399792827413,3.161747205361289,0.0,2.8826144499974995,0.2110003425813578,0.0,1.9892663231266292,0.8044282831953908,0.0,0.9619295535353234,3.1348372526342643,0.0},fitness=net.sf.jclec.fitness.SimpleValueFitness@34340fab[value=278.7144009126102]]
Worst individual: net.sf.jclec.realarray.RealArrayIndividual@1ae369b7[genotype={0.0,4.044165210730352,1.9773429226152128,0.23899054035011158,1.8850763120707512,0.1369370785919164,1.1087531288917067,0.03399506539817132,1.98732720612934,1.6391102823746357,4.640006776307771,5.12,5.12,0.0,0.2507397908751676,5.12,0.8128200750544938,0.0,3.1044399792827413,3.161747205361289,0.0,2.8826144499974995,0.2110003425813578,0.0,1.9892663231266292,0.8044282831953908,0.0,0.9619295535353234,3.1348372526342643,0.0},fitness=net.sf.jclec.fitness.SimpleValueFitness@34340fab[value=278.7144009126102]]
Median individual: net.sf.jclec.realarray.RealArrayIndividual@1ae369b7[genotype={0.0,4.044165210730352,1.9773429226152128,0.23899054035011158,1.8850763120707512,0.1369370785919164,1.1087531288917067,0.03399506539817132,1.98732720612934,1.6391102823746357,4.640006776307771,5.12,5.12,0.0,0.2507397908751676,5.12,0.8128200750544938,0.0,3.1044399792827413,3.161747205361289,0.0,2.8826144499974995,0.2110003425813578,0.0,1.9892663231266292,0.8044282831953908,0.0,0.9619295535353234,3.1348372526342643,0.0},fitness=net.sf.jclec.fitness.SimpleValueFitness@34340fab[value=278.7144009126102]]
Average fitness = 278.7144009126102
Fitness variance = 0.0
Generation 340 Report
Best individual: net.sf.jclec.realarray.RealArrayIndividual@2aafb23c[genotype={0.0,4.283484849579341,1.9773429226152128,0.23899054035011158,0.0,0.1369370785919164,1.1087531288917067,1.378957276626024,1.98732720612934,0.8494420235567735,4.088823484039546,3.228783609404881,5.12,0.0,0.0,5.12,0.8128200750544938,0.0412357260841314,3.1044399792827413,3.987881863510429,1.8413016651020544,3.8101403611778273,0.2110003425813578,0.0,1.9892663231266292,0.8044282831953908,0.0,1.8560872991327066,1.2991087403095254,0.0},fitness=net.sf.jclec.fitness.SimpleValueFitness@3ab39c39[value=278.43325843530965]]
Worst individual: net.sf.jclec.realarray.RealArrayIndividual@2aafb23c[genotype={0.0,4.283484849579341,1.9773429226152128,0.23899054035011158,0.0,0.1369370785919164,1.1087531288917067,1.378957276626024,1.98732720612934,0.8494420235567735,4.088823484039546,3.228783609404881,5.12,0.0,0.0,5.12,0.8128200750544938,0.0412357260841314,3.1044399792827413,3.987881863510429,1.8413016651020544,3.8101403611778273,0.2110003425813578,0.0,1.9892663231266292,0.8044282831953908,0.0,1.8560872991327066,1.2991087403095254,0.0},fitness=net.sf.jclec.fitness.SimpleValueFitness@3ab39c39[value=278.43325843530965]]
Median individual: net.sf.jclec.realarray.RealArrayIndividual@2aafb23c[genotype={0.0,4.283484849579341,1.9773429226152128,0.23899054035011158,0.0,0.1369370785919164,1.1087531288917067,1.378957276626024,1.98732720612934,0.8494420235567735,4.088823484039546,3.228783609404881,5.12,0.0,0.0,5.12,0.8128200750544938,0.0412357260841314,3.1044399792827413,3.987881863510429,1.8413016651020544,3.8101403611778273,0.2110003425813578,0.0,1.9892663231266292,0.8044282831953908,0.0,1.8560872991327066,1.2991087403095254,0.0},fitness=net.sf.jclec.fitness.SimpleValueFitness@3ab39c39[value=278.43325843530965]]
Average fitness = 278.43325843530965
Fitness variance = 0.0
Generation 350 Report
Best individual: net.sf.jclec.realarray.RealArrayIndividual@2eee9593[genotype={0.0,4.283484849579341,1.9773429226152128,0.23899054035011158,0.0,0.1369370785919164,1.1087531288917067,1.378957276626024,1.98732720612934,0.8494420235567735,4.088823484039546,3.228783609404881,5.12,0.0,0.0,5.12,0.8128200750544938,0.0412357260841314,3.1044399792827413,3.987881863510429,1.8413016651020544,3.8101403611778273,0.2110003425813578,0.0,1.9892663231266292,0.8044282831953908,0.0,1.8560872991327066,1.2991087403095254,0.0},fitness=net.sf.jclec.fitness.SimpleValueFitness@546a03af[value=278.43325843530965]]
Worst individual: net.sf.jclec.realarray.RealArrayIndividual@2eee9593[genotype={0.0,4.283484849579341,1.9773429226152128,0.23899054035011158,0.0,0.1369370785919164,1.1087531288917067,1.378957276626024,1.98732720612934,0.8494420235567735,4.088823484039546,3.228783609404881,5.12,0.0,0.0,5.12,0.8128200750544938,0.0412357260841314,3.1044399792827413,3.987881863510429,1.8413016651020544,3.8101403611778273,0.2110003425813578,0.0,1.9892663231266292,0.8044282831953908,0.0,1.8560872991327066,1.2991087403095254,0.0},fitness=net.sf.jclec.fitness.SimpleValueFitness@546a03af[value=278.43325843530965]]
Median individual: net.sf.jclec.realarray.RealArrayIndividual@2eee9593[genotype={0.0,4.283484849579341,1.9773429226152128,0.23899054035011158,0.0,0.1369370785919164,1.1087531288917067,1.378957276626024,1.98732720612934,0.8494420235567735,4.088823484039546,3.228783609404881,5.12,0.0,0.0,5.12,0.8128200750544938,0.0412357260841314,3.1044399792827413,3.987881863510429,1.8413016651020544,3.8101403611778273,0.2110003425813578,0.0,1.9892663231266292,0.8044282831953908,0.0,1.8560872991327066,1.2991087403095254,0.0},fitness=net.sf.jclec.fitness.SimpleValueFitness@546a03af[value=278.43325843530965]]
Average fitness = 278.43325843530965
Fitness variance = 0.0
Generation 360 Report
Best individual: net.sf.jclec.realarray.RealArrayIndividual@721e0f4f[genotype={0.0,4.283484849579341,1.9773429226152128,0.23899054035011158,0.0,0.1369370785919164,1.1087531288917067,1.378957276626024,1.98732720612934,0.8494420235567735,4.088823484039546,3.228783609404881,5.12,0.0,0.0,5.12,0.8128200750544938,0.0412357260841314,3.1044399792827413,3.987881863510429,1.8413016651020544,3.8101403611778273,0.2110003425813578,0.0,1.9892663231266292,0.8044282831953908,0.0,1.8560872991327066,1.2991087403095254,0.0},fitness=net.sf.jclec.fitness.SimpleValueFitness@6ea6d14e[value=278.43325843530965]]
Worst individual: net.sf.jclec.realarray.RealArrayIndividual@721e0f4f[genotype={0.0,4.283484849579341,1.9773429226152128,0.23899054035011158,0.0,0.1369370785919164,1.1087531288917067,1.378957276626024,1.98732720612934,0.8494420235567735,4.088823484039546,3.228783609404881,5.12,0.0,0.0,5.12,0.8128200750544938,0.0412357260841314,3.1044399792827413,3.987881863510429,1.8413016651020544,3.8101403611778273,0.2110003425813578,0.0,1.9892663231266292,0.8044282831953908,0.0,1.8560872991327066,1.2991087403095254,0.0},fitness=net.sf.jclec.fitness.SimpleValueFitness@6ea6d14e[value=278.43325843530965]]
Median individual: net.sf.jclec.realarray.RealArrayIndividual@721e0f4f[genotype={0.0,4.283484849579341,1.9773429226152128,0.23899054035011158,0.0,0.1369370785919164,1.1087531288917067,1.378957276626024,1.98732720612934,0.8494420235567735,4.088823484039546,3.228783609404881,5.12,0.0,0.0,5.12,0.8128200750544938,0.0412357260841314,3.1044399792827413,3.987881863510429,1.8413016651020544,3.8101403611778273,0.2110003425813578,0.0,1.9892663231266292,0.8044282831953908,0.0,1.8560872991327066,1.2991087403095254,0.0},fitness=net.sf.jclec.fitness.SimpleValueFitness@6ea6d14e[value=278.43325843530965]]
Average fitness = 278.43325843530965
Fitness variance = 0.0
Generation 370 Report
Best individual: net.sf.jclec.realarray.RealArrayIndividual@6ad5c04e[genotype={0.0,4.283484849579341,1.9773429226152128,0.23899054035011158,0.0,0.1369370785919164,1.1087531288917067,1.378957276626024,1.98732720612934,0.8494420235567735,4.088823484039546,3.228783609404881,5.12,0.0,0.0,5.12,0.8128200750544938,0.0412357260841314,3.1044399792827413,3.987881863510429,1.8413016651020544,3.8101403611778273,0.2110003425813578,0.0,1.9892663231266292,0.8044282831953908,0.0,1.8560872991327066,1.2991087403095254,0.0},fitness=net.sf.jclec.fitness.SimpleValueFitness@725bef66[value=278.43325843530965]]
Worst individual: net.sf.jclec.realarray.RealArrayIndividual@6ad5c04e[genotype={0.0,4.283484849579341,1.9773429226152128,0.23899054035011158,0.0,0.1369370785919164,1.1087531288917067,1.378957276626024,1.98732720612934,0.8494420235567735,4.088823484039546,3.228783609404881,5.12,0.0,0.0,5.12,0.8128200750544938,0.0412357260841314,3.1044399792827413,3.987881863510429,1.8413016651020544,3.8101403611778273,0.2110003425813578,0.0,1.9892663231266292,0.8044282831953908,0.0,1.8560872991327066,1.2991087403095254,0.0},fitness=net.sf.jclec.fitness.SimpleValueFitness@725bef66[value=278.43325843530965]]
Median individual: net.sf.jclec.realarray.RealArrayIndividual@6ad5c04e[genotype={0.0,4.283484849579341,1.9773429226152128,0.23899054035011158,0.0,0.1369370785919164,1.1087531288917067,1.378957276626024,1.98732720612934,0.8494420235567735,4.088823484039546,3.228783609404881,5.12,0.0,0.0,5.12,0.8128200750544938,0.0412357260841314,3.1044399792827413,3.987881863510429,1.8413016651020544,3.8101403611778273,0.2110003425813578,0.0,1.9892663231266292,0.8044282831953908,0.0,1.8560872991327066,1.2991087403095254,0.0},fitness=net.sf.jclec.fitness.SimpleValueFitness@725bef66[value=278.43325843530965]]
Average fitness = 278.43325843530965
Fitness variance = 0.0
Generation 380 Report
Best individual: net.sf.jclec.realarray.RealArrayIndividual@2aaf7cc2[genotype={0.0,4.283484849579341,1.9773429226152128,0.23899054035011158,0.0,0.1369370785919164,1.1087531288917067,1.378957276626024,1.98732720612934,0.8494420235567735,4.088823484039546,3.228783609404881,5.12,0.0,0.0,5.12,0.8128200750544938,0.0412357260841314,3.1044399792827413,3.987881863510429,1.8413016651020544,3.8101403611778273,0.2110003425813578,0.0,1.9892663231266292,0.8044282831953908,0.0,1.8560872991327066,1.2991087403095254,0.0},fitness=net.sf.jclec.fitness.SimpleValueFitness@1888ff2c[value=278.43325843530965]]
Worst individual: net.sf.jclec.realarray.RealArrayIndividual@2aaf7cc2[genotype={0.0,4.283484849579341,1.9773429226152128,0.23899054035011158,0.0,0.1369370785919164,1.1087531288917067,1.378957276626024,1.98732720612934,0.8494420235567735,4.088823484039546,3.228783609404881,5.12,0.0,0.0,5.12,0.8128200750544938,0.0412357260841314,3.1044399792827413,3.987881863510429,1.8413016651020544,3.8101403611778273,0.2110003425813578,0.0,1.9892663231266292,0.8044282831953908,0.0,1.8560872991327066,1.2991087403095254,0.0},fitness=net.sf.jclec.fitness.SimpleValueFitness@1888ff2c[value=278.43325843530965]]
Median individual: net.sf.jclec.realarray.RealArrayIndividual@2aaf7cc2[genotype={0.0,4.283484849579341,1.9773429226152128,0.23899054035011158,0.0,0.1369370785919164,1.1087531288917067,1.378957276626024,1.98732720612934,0.8494420235567735,4.088823484039546,3.228783609404881,5.12,0.0,0.0,5.12,0.8128200750544938,0.0412357260841314,3.1044399792827413,3.987881863510429,1.8413016651020544,3.8101403611778273,0.2110003425813578,0.0,1.9892663231266292,0.8044282831953908,0.0,1.8560872991327066,1.2991087403095254,0.0},fitness=net.sf.jclec.fitness.SimpleValueFitness@1888ff2c[value=278.43325843530965]]
Average fitness = 278.43325843530965
Fitness variance = 0.0
Generation 390 Report
Best individual: net.sf.jclec.realarray.RealArrayIndividual@35851384[genotype={0.0,4.283484849579341,1.9773429226152128,0.23899054035011158,0.0,0.1369370785919164,1.1087531288917067,1.378957276626024,1.98732720612934,0.8494420235567735,4.088823484039546,3.228783609404881,5.12,0.0,0.0,5.12,0.8128200750544938,0.0412357260841314,3.1044399792827413,3.987881863510429,1.8413016651020544,3.8101403611778273,0.2110003425813578,0.0,1.9892663231266292,0.8044282831953908,0.0,1.8560872991327066,1.2991087403095254,0.0},fitness=net.sf.jclec.fitness.SimpleValueFitness@6adca536[value=278.43325843530965]]
Worst individual: net.sf.jclec.realarray.RealArrayIndividual@35851384[genotype={0.0,4.283484849579341,1.9773429226152128,0.23899054035011158,0.0,0.1369370785919164,1.1087531288917067,1.378957276626024,1.98732720612934,0.8494420235567735,4.088823484039546,3.228783609404881,5.12,0.0,0.0,5.12,0.8128200750544938,0.0412357260841314,3.1044399792827413,3.987881863510429,1.8413016651020544,3.8101403611778273,0.2110003425813578,0.0,1.9892663231266292,0.8044282831953908,0.0,1.8560872991327066,1.2991087403095254,0.0},fitness=net.sf.jclec.fitness.SimpleValueFitness@6adca536[value=278.43325843530965]]
Median individual: net.sf.jclec.realarray.RealArrayIndividual@35851384[genotype={0.0,4.283484849579341,1.9773429226152128,0.23899054035011158,0.0,0.1369370785919164,1.1087531288917067,1.378957276626024,1.98732720612934,0.8494420235567735,4.088823484039546,3.228783609404881,5.12,0.0,0.0,5.12,0.8128200750544938,0.0412357260841314,3.1044399792827413,3.987881863510429,1.8413016651020544,3.8101403611778273,0.2110003425813578,0.0,1.9892663231266292,0.8044282831953908,0.0,1.8560872991327066,1.2991087403095254,0.0},fitness=net.sf.jclec.fitness.SimpleValueFitness@6adca536[value=278.43325843530965]]
Average fitness = 278.43325843530965
Fitness variance = 0.0
Generation 400 Report
Best individual: net.sf.jclec.realarray.RealArrayIndividual@357246de[genotype={0.0,4.283484849579341,1.9773429226152128,0.23899054035011158,0.0,0.1369370785919164,1.1087531288917067,1.378957276626024,1.98732720612934,0.8494420235567735,4.088823484039546,3.228783609404881,5.12,0.0,0.0,5.12,0.8128200750544938,0.0412357260841314,3.1044399792827413,3.987881863510429,1.8413016651020544,3.8101403611778273,0.2110003425813578,0.0,1.9892663231266292,0.8044282831953908,0.0,1.8560872991327066,1.2991087403095254,0.0},fitness=net.sf.jclec.fitness.SimpleValueFitness@256216b3[value=278.43325843530965]]
Worst individual: net.sf.jclec.realarray.RealArrayIndividual@357246de[genotype={0.0,4.283484849579341,1.9773429226152128,0.23899054035011158,0.0,0.1369370785919164,1.1087531288917067,1.378957276626024,1.98732720612934,0.8494420235567735,4.088823484039546,3.228783609404881,5.12,0.0,0.0,5.12,0.8128200750544938,0.0412357260841314,3.1044399792827413,3.987881863510429,1.8413016651020544,3.8101403611778273,0.2110003425813578,0.0,1.9892663231266292,0.8044282831953908,0.0,1.8560872991327066,1.2991087403095254,0.0},fitness=net.sf.jclec.fitness.SimpleValueFitness@256216b3[value=278.43325843530965]]
Median individual: net.sf.jclec.realarray.RealArrayIndividual@357246de[genotype={0.0,4.283484849579341,1.9773429226152128,0.23899054035011158,0.0,0.1369370785919164,1.1087531288917067,1.378957276626024,1.98732720612934,0.8494420235567735,4.088823484039546,3.228783609404881,5.12,0.0,0.0,5.12,0.8128200750544938,0.0412357260841314,3.1044399792827413,3.987881863510429,1.8413016651020544,3.8101403611778273,0.2110003425813578,0.0,1.9892663231266292,0.8044282831953908,0.0,1.8560872991327066,1.2991087403095254,0.0},fitness=net.sf.jclec.fitness.SimpleValueFitness@256216b3[value=278.43325843530965]]
Average fitness = 278.43325843530965
Fitness variance = 0.0
Generation 410 Report
Best individual: net.sf.jclec.realarray.RealArrayIndividual@2a18f23c[genotype={0.0,4.283484849579341,1.9773429226152128,0.23899054035011158,0.0,0.1369370785919164,1.1087531288917067,1.378957276626024,1.98732720612934,0.8494420235567735,4.088823484039546,3.228783609404881,5.12,0.0,0.0,5.12,0.8128200750544938,0.0412357260841314,3.1044399792827413,3.987881863510429,1.8413016651020544,3.8101403611778273,0.2110003425813578,0.0,1.9892663231266292,0.8044282831953908,0.0,1.8560872991327066,1.2991087403095254,0.0},fitness=net.sf.jclec.fitness.SimpleValueFitness@16c0663d[value=278.43325843530965]]
Worst individual: net.sf.jclec.realarray.RealArrayIndividual@2a18f23c[genotype={0.0,4.283484849579341,1.9773429226152128,0.23899054035011158,0.0,0.1369370785919164,1.1087531288917067,1.378957276626024,1.98732720612934,0.8494420235567735,4.088823484039546,3.228783609404881,5.12,0.0,0.0,5.12,0.8128200750544938,0.0412357260841314,3.1044399792827413,3.987881863510429,1.8413016651020544,3.8101403611778273,0.2110003425813578,0.0,1.9892663231266292,0.8044282831953908,0.0,1.8560872991327066,1.2991087403095254,0.0},fitness=net.sf.jclec.fitness.SimpleValueFitness@16c0663d[value=278.43325843530965]]
Median individual: net.sf.jclec.realarray.RealArrayIndividual@2a18f23c[genotype={0.0,4.283484849579341,1.9773429226152128,0.23899054035011158,0.0,0.1369370785919164,1.1087531288917067,1.378957276626024,1.98732720612934,0.8494420235567735,4.088823484039546,3.228783609404881,5.12,0.0,0.0,5.12,0.8128200750544938,0.0412357260841314,3.1044399792827413,3.987881863510429,1.8413016651020544,3.8101403611778273,0.2110003425813578,0.0,1.9892663231266292,0.8044282831953908,0.0,1.8560872991327066,1.2991087403095254,0.0},fitness=net.sf.jclec.fitness.SimpleValueFitness@16c0663d[value=278.43325843530965]]
Average fitness = 278.43325843530965
Fitness variance = 0.0
Generation 420 Report
Best individual: net.sf.jclec.realarray.RealArrayIndividual@23223dd8[genotype={0.0,4.283484849579341,1.9773429226152128,0.23899054035011158,0.0,0.1369370785919164,1.1087531288917067,1.378957276626024,1.98732720612934,0.8494420235567735,4.088823484039546,3.228783609404881,5.12,0.0,0.0,5.12,0.8128200750544938,0.0412357260841314,3.1044399792827413,3.987881863510429,1.8413016651020544,3.8101403611778273,0.2110003425813578,0.0,1.9892663231266292,0.8044282831953908,0.0,1.8560872991327066,1.2991087403095254,0.0},fitness=net.sf.jclec.fitness.SimpleValueFitness@1b40d5f0[value=278.43325843530965]]
Worst individual: net.sf.jclec.realarray.RealArrayIndividual@23223dd8[genotype={0.0,4.283484849579341,1.9773429226152128,0.23899054035011158,0.0,0.1369370785919164,1.1087531288917067,1.378957276626024,1.98732720612934,0.8494420235567735,4.088823484039546,3.228783609404881,5.12,0.0,0.0,5.12,0.8128200750544938,0.0412357260841314,3.1044399792827413,3.987881863510429,1.8413016651020544,3.8101403611778273,0.2110003425813578,0.0,1.9892663231266292,0.8044282831953908,0.0,1.8560872991327066,1.2991087403095254,0.0},fitness=net.sf.jclec.fitness.SimpleValueFitness@1b40d5f0[value=278.43325843530965]]
Median individual: net.sf.jclec.realarray.RealArrayIndividual@23223dd8[genotype={0.0,4.283484849579341,1.9773429226152128,0.23899054035011158,0.0,0.1369370785919164,1.1087531288917067,1.378957276626024,1.98732720612934,0.8494420235567735,4.088823484039546,3.228783609404881,5.12,0.0,0.0,5.12,0.8128200750544938,0.0412357260841314,3.1044399792827413,3.987881863510429,1.8413016651020544,3.8101403611778273,0.2110003425813578,0.0,1.9892663231266292,0.8044282831953908,0.0,1.8560872991327066,1.2991087403095254,0.0},fitness=net.sf.jclec.fitness.SimpleValueFitness@1b40d5f0[value=278.43325843530965]]
Average fitness = 278.43325843530965
Fitness variance = 0.0
Generation 430 Report
Best individual: net.sf.jclec.realarray.RealArrayIndividual@ea4a92b[genotype={0.0,4.283484849579341,1.9773429226152128,0.23899054035011158,0.0,0.1369370785919164,1.1087531288917067,1.378957276626024,1.98732720612934,0.8494420235567735,4.088823484039546,3.228783609404881,5.12,0.0,0.0,5.12,0.8128200750544938,0.0412357260841314,3.1044399792827413,3.987881863510429,1.8413016651020544,3.8101403611778273,0.2110003425813578,0.0,1.9892663231266292,0.8044282831953908,0.0,1.8560872991327066,1.2991087403095254,0.0},fitness=net.sf.jclec.fitness.SimpleValueFitness@47f37ef1[value=278.43325843530965]]
Worst individual: net.sf.jclec.realarray.RealArrayIndividual@ea4a92b[genotype={0.0,4.283484849579341,1.9773429226152128,0.23899054035011158,0.0,0.1369370785919164,1.1087531288917067,1.378957276626024,1.98732720612934,0.8494420235567735,4.088823484039546,3.228783609404881,5.12,0.0,0.0,5.12,0.8128200750544938,0.0412357260841314,3.1044399792827413,3.987881863510429,1.8413016651020544,3.8101403611778273,0.2110003425813578,0.0,1.9892663231266292,0.8044282831953908,0.0,1.8560872991327066,1.2991087403095254,0.0},fitness=net.sf.jclec.fitness.SimpleValueFitness@47f37ef1[value=278.43325843530965]]
Median individual: net.sf.jclec.realarray.RealArrayIndividual@ea4a92b[genotype={0.0,4.283484849579341,1.9773429226152128,0.23899054035011158,0.0,0.1369370785919164,1.1087531288917067,1.378957276626024,1.98732720612934,0.8494420235567735,4.088823484039546,3.228783609404881,5.12,0.0,0.0,5.12,0.8128200750544938,0.0412357260841314,3.1044399792827413,3.987881863510429,1.8413016651020544,3.8101403611778273,0.2110003425813578,0.0,1.9892663231266292,0.8044282831953908,0.0,1.8560872991327066,1.2991087403095254,0.0},fitness=net.sf.jclec.fitness.SimpleValueFitness@47f37ef1[value=278.43325843530965]]
Average fitness = 278.43325843530965
Fitness variance = 0.0
Generation 440 Report
Best individual: net.sf.jclec.realarray.RealArrayIndividual@5a01ccaa[genotype={0.0,4.283484849579341,1.9773429226152128,0.23899054035011158,0.0,0.1369370785919164,1.1087531288917067,1.378957276626024,1.98732720612934,0.8494420235567735,4.088823484039546,3.228783609404881,5.12,0.0,0.0,5.12,0.8128200750544938,0.0412357260841314,3.1044399792827413,3.987881863510429,1.8413016651020544,3.8101403611778273,0.2110003425813578,0.0,1.9892663231266292,0.8044282831953908,0.0,1.8560872991327066,1.2991087403095254,0.0},fitness=net.sf.jclec.fitness.SimpleValueFitness@19bb089b[value=278.43325843530965]]
Worst individual: net.sf.jclec.realarray.RealArrayIndividual@5a01ccaa[genotype={0.0,4.283484849579341,1.9773429226152128,0.23899054035011158,0.0,0.1369370785919164,1.1087531288917067,1.378957276626024,1.98732720612934,0.8494420235567735,4.088823484039546,3.228783609404881,5.12,0.0,0.0,5.12,0.8128200750544938,0.0412357260841314,3.1044399792827413,3.987881863510429,1.8413016651020544,3.8101403611778273,0.2110003425813578,0.0,1.9892663231266292,0.8044282831953908,0.0,1.8560872991327066,1.2991087403095254,0.0},fitness=net.sf.jclec.fitness.SimpleValueFitness@19bb089b[value=278.43325843530965]]
Median individual: net.sf.jclec.realarray.RealArrayIndividual@5a01ccaa[genotype={0.0,4.283484849579341,1.9773429226152128,0.23899054035011158,0.0,0.1369370785919164,1.1087531288917067,1.378957276626024,1.98732720612934,0.8494420235567735,4.088823484039546,3.228783609404881,5.12,0.0,0.0,5.12,0.8128200750544938,0.0412357260841314,3.1044399792827413,3.987881863510429,1.8413016651020544,3.8101403611778273,0.2110003425813578,0.0,1.9892663231266292,0.8044282831953908,0.0,1.8560872991327066,1.2991087403095254,0.0},fitness=net.sf.jclec.fitness.SimpleValueFitness@19bb089b[value=278.43325843530965]]
Average fitness = 278.43325843530965
Fitness variance = 0.0
Generation 450 Report
Best individual: net.sf.jclec.realarray.RealArrayIndividual@4563e9ab[genotype={0.0,4.283484849579341,1.9773429226152128,0.23899054035011158,0.0,0.1369370785919164,1.1087531288917067,1.378957276626024,1.98732720612934,0.8494420235567735,4.088823484039546,3.228783609404881,5.12,0.0,0.0,5.12,0.8128200750544938,0.0412357260841314,3.1044399792827413,3.987881863510429,1.8413016651020544,3.8101403611778273,0.2110003425813578,0.0,1.9892663231266292,0.8044282831953908,0.0,1.8560872991327066,1.2991087403095254,0.0},fitness=net.sf.jclec.fitness.SimpleValueFitness@5e025e70[value=278.43325843530965]]
Worst individual: net.sf.jclec.realarray.RealArrayIndividual@4563e9ab[genotype={0.0,4.283484849579341,1.9773429226152128,0.23899054035011158,0.0,0.1369370785919164,1.1087531288917067,1.378957276626024,1.98732720612934,0.8494420235567735,4.088823484039546,3.228783609404881,5.12,0.0,0.0,5.12,0.8128200750544938,0.0412357260841314,3.1044399792827413,3.987881863510429,1.8413016651020544,3.8101403611778273,0.2110003425813578,0.0,1.9892663231266292,0.8044282831953908,0.0,1.8560872991327066,1.2991087403095254,0.0},fitness=net.sf.jclec.fitness.SimpleValueFitness@5e025e70[value=278.43325843530965]]
Median individual: net.sf.jclec.realarray.RealArrayIndividual@4563e9ab[genotype={0.0,4.283484849579341,1.9773429226152128,0.23899054035011158,0.0,0.1369370785919164,1.1087531288917067,1.378957276626024,1.98732720612934,0.8494420235567735,4.088823484039546,3.228783609404881,5.12,0.0,0.0,5.12,0.8128200750544938,0.0412357260841314,3.1044399792827413,3.987881863510429,1.8413016651020544,3.8101403611778273,0.2110003425813578,0.0,1.9892663231266292,0.8044282831953908,0.0,1.8560872991327066,1.2991087403095254,0.0},fitness=net.sf.jclec.fitness.SimpleValueFitness@5e025e70[value=278.43325843530965]]
Average fitness = 278.43325843530965
Fitness variance = 0.0
Generation 460 Report
Best individual: net.sf.jclec.realarray.RealArrayIndividual@1fbc7afb[genotype={0.0,4.283484849579341,1.9773429226152128,0.23899054035011158,0.0,0.1369370785919164,1.1087531288917067,1.378957276626024,1.98732720612934,0.8494420235567735,4.088823484039546,3.228783609404881,5.12,0.0,0.0,5.12,0.8128200750544938,0.0412357260841314,3.1044399792827413,3.987881863510429,1.8413016651020544,3.8101403611778273,0.2110003425813578,0.0,1.9892663231266292,0.8044282831953908,0.0,1.8560872991327066,1.2991087403095254,0.0},fitness=net.sf.jclec.fitness.SimpleValueFitness@4cdbe50f[value=278.43325843530965]]
Worst individual: net.sf.jclec.realarray.RealArrayIndividual@1fbc7afb[genotype={0.0,4.283484849579341,1.9773429226152128,0.23899054035011158,0.0,0.1369370785919164,1.1087531288917067,1.378957276626024,1.98732720612934,0.8494420235567735,4.088823484039546,3.228783609404881,5.12,0.0,0.0,5.12,0.8128200750544938,0.0412357260841314,3.1044399792827413,3.987881863510429,1.8413016651020544,3.8101403611778273,0.2110003425813578,0.0,1.9892663231266292,0.8044282831953908,0.0,1.8560872991327066,1.2991087403095254,0.0},fitness=net.sf.jclec.fitness.SimpleValueFitness@4cdbe50f[value=278.43325843530965]]
Median individual: net.sf.jclec.realarray.RealArrayIndividual@1fbc7afb[genotype={0.0,4.283484849579341,1.9773429226152128,0.23899054035011158,0.0,0.1369370785919164,1.1087531288917067,1.378957276626024,1.98732720612934,0.8494420235567735,4.088823484039546,3.228783609404881,5.12,0.0,0.0,5.12,0.8128200750544938,0.0412357260841314,3.1044399792827413,3.987881863510429,1.8413016651020544,3.8101403611778273,0.2110003425813578,0.0,1.9892663231266292,0.8044282831953908,0.0,1.8560872991327066,1.2991087403095254,0.0},fitness=net.sf.jclec.fitness.SimpleValueFitness@4cdbe50f[value=278.43325843530965]]
Average fitness = 278.43325843530965
Fitness variance = 0.0
Generation 470 Report
Best individual: net.sf.jclec.realarray.RealArrayIndividual@66d33a[genotype={0.0,4.283484849579341,1.9773429226152128,0.23899054035011158,0.0,0.1369370785919164,1.1087531288917067,1.378957276626024,1.98732720612934,0.8494420235567735,4.088823484039546,3.228783609404881,5.12,0.0,0.0,5.12,0.8128200750544938,0.0412357260841314,3.1044399792827413,3.987881863510429,1.8413016651020544,3.8101403611778273,0.2110003425813578,0.0,1.9892663231266292,0.8044282831953908,0.0,1.8560872991327066,1.2991087403095254,0.0},fitness=net.sf.jclec.fitness.SimpleValueFitness@7e0babb1[value=278.43325843530965]]
Worst individual: net.sf.jclec.realarray.RealArrayIndividual@66d33a[genotype={0.0,4.283484849579341,1.9773429226152128,0.23899054035011158,0.0,0.1369370785919164,1.1087531288917067,1.378957276626024,1.98732720612934,0.8494420235567735,4.088823484039546,3.228783609404881,5.12,0.0,0.0,5.12,0.8128200750544938,0.0412357260841314,3.1044399792827413,3.987881863510429,1.8413016651020544,3.8101403611778273,0.2110003425813578,0.0,1.9892663231266292,0.8044282831953908,0.0,1.8560872991327066,1.2991087403095254,0.0},fitness=net.sf.jclec.fitness.SimpleValueFitness@7e0babb1[value=278.43325843530965]]
Median individual: net.sf.jclec.realarray.RealArrayIndividual@66d33a[genotype={0.0,4.283484849579341,1.9773429226152128,0.23899054035011158,0.0,0.1369370785919164,1.1087531288917067,1.378957276626024,1.98732720612934,0.8494420235567735,4.088823484039546,3.228783609404881,5.12,0.0,0.0,5.12,0.8128200750544938,0.0412357260841314,3.1044399792827413,3.987881863510429,1.8413016651020544,3.8101403611778273,0.2110003425813578,0.0,1.9892663231266292,0.8044282831953908,0.0,1.8560872991327066,1.2991087403095254,0.0},fitness=net.sf.jclec.fitness.SimpleValueFitness@7e0babb1[value=278.43325843530965]]
Average fitness = 278.43325843530965
Fitness variance = 0.0
Generation 480 Report
Best individual: net.sf.jclec.realarray.RealArrayIndividual@6debcae2[genotype={0.0,4.283484849579341,1.9773429226152128,0.23899054035011158,0.0,0.1369370785919164,1.1087531288917067,1.378957276626024,1.98732720612934,0.8494420235567735,4.088823484039546,3.228783609404881,5.12,0.0,0.0,5.12,0.8128200750544938,0.0412357260841314,3.1044399792827413,3.987881863510429,1.8413016651020544,3.8101403611778273,0.2110003425813578,0.0,1.9892663231266292,0.8044282831953908,0.0,1.8560872991327066,1.2991087403095254,0.0},fitness=net.sf.jclec.fitness.SimpleValueFitness@2ff4f00f[value=278.43325843530965]]
Worst individual: net.sf.jclec.realarray.RealArrayIndividual@6debcae2[genotype={0.0,4.283484849579341,1.9773429226152128,0.23899054035011158,0.0,0.1369370785919164,1.1087531288917067,1.378957276626024,1.98732720612934,0.8494420235567735,4.088823484039546,3.228783609404881,5.12,0.0,0.0,5.12,0.8128200750544938,0.0412357260841314,3.1044399792827413,3.987881863510429,1.8413016651020544,3.8101403611778273,0.2110003425813578,0.0,1.9892663231266292,0.8044282831953908,0.0,1.8560872991327066,1.2991087403095254,0.0},fitness=net.sf.jclec.fitness.SimpleValueFitness@2ff4f00f[value=278.43325843530965]]
Median individual: net.sf.jclec.realarray.RealArrayIndividual@6debcae2[genotype={0.0,4.283484849579341,1.9773429226152128,0.23899054035011158,0.0,0.1369370785919164,1.1087531288917067,1.378957276626024,1.98732720612934,0.8494420235567735,4.088823484039546,3.228783609404881,5.12,0.0,0.0,5.12,0.8128200750544938,0.0412357260841314,3.1044399792827413,3.987881863510429,1.8413016651020544,3.8101403611778273,0.2110003425813578,0.0,1.9892663231266292,0.8044282831953908,0.0,1.8560872991327066,1.2991087403095254,0.0},fitness=net.sf.jclec.fitness.SimpleValueFitness@2ff4f00f[value=278.43325843530965]]
Average fitness = 278.43325843530965
Fitness variance = 0.0
Generation 490 Report
Best individual: net.sf.jclec.realarray.RealArrayIndividual@c818063[genotype={0.0,4.283484849579341,1.9773429226152128,0.23899054035011158,0.0,0.1369370785919164,1.1087531288917067,1.378957276626024,1.98732720612934,0.8494420235567735,4.088823484039546,3.228783609404881,5.12,0.0,0.0,5.12,0.8128200750544938,0.0412357260841314,3.1044399792827413,3.987881863510429,1.8413016651020544,3.8101403611778273,0.2110003425813578,0.0,1.9892663231266292,0.8044282831953908,0.0,1.8560872991327066,1.2991087403095254,0.0},fitness=net.sf.jclec.fitness.SimpleValueFitness@75bd9247[value=278.43325843530965]]
Worst individual: net.sf.jclec.realarray.RealArrayIndividual@c818063[genotype={0.0,4.283484849579341,1.9773429226152128,0.23899054035011158,0.0,0.1369370785919164,1.1087531288917067,1.378957276626024,1.98732720612934,0.8494420235567735,4.088823484039546,3.228783609404881,5.12,0.0,0.0,5.12,0.8128200750544938,0.0412357260841314,3.1044399792827413,3.987881863510429,1.8413016651020544,3.8101403611778273,0.2110003425813578,0.0,1.9892663231266292,0.8044282831953908,0.0,1.8560872991327066,1.2991087403095254,0.0},fitness=net.sf.jclec.fitness.SimpleValueFitness@75bd9247[value=278.43325843530965]]
Median individual: net.sf.jclec.realarray.RealArrayIndividual@c818063[genotype={0.0,4.283484849579341,1.9773429226152128,0.23899054035011158,0.0,0.1369370785919164,1.1087531288917067,1.378957276626024,1.98732720612934,0.8494420235567735,4.088823484039546,3.228783609404881,5.12,0.0,0.0,5.12,0.8128200750544938,0.0412357260841314,3.1044399792827413,3.987881863510429,1.8413016651020544,3.8101403611778273,0.2110003425813578,0.0,1.9892663231266292,0.8044282831953908,0.0,1.8560872991327066,1.2991087403095254,0.0},fitness=net.sf.jclec.fitness.SimpleValueFitness@75bd9247[value=278.43325843530965]]
Average fitness = 278.43325843530965
Fitness variance = 0.0
Generation 500 Report
Best individual: net.sf.jclec.realarray.RealArrayIndividual@7d417077[genotype={0.0,4.283484849579341,1.9773429226152128,0.23899054035011158,0.0,0.1369370785919164,1.1087531288917067,1.378957276626024,1.98732720612934,0.8494420235567735,4.088823484039546,3.228783609404881,5.12,0.0,0.0,5.12,0.8128200750544938,0.0412357260841314,3.1044399792827413,3.987881863510429,1.8413016651020544,3.8101403611778273,0.2110003425813578,0.0,1.9892663231266292,0.8044282831953908,0.0,1.8560872991327066,1.2991087403095254,0.0},fitness=net.sf.jclec.fitness.SimpleValueFitness@35bbe5e8[value=278.43325843530965]]
Worst individual: net.sf.jclec.realarray.RealArrayIndividual@7d417077[genotype={0.0,4.283484849579341,1.9773429226152128,0.23899054035011158,0.0,0.1369370785919164,1.1087531288917067,1.378957276626024,1.98732720612934,0.8494420235567735,4.088823484039546,3.228783609404881,5.12,0.0,0.0,5.12,0.8128200750544938,0.0412357260841314,3.1044399792827413,3.987881863510429,1.8413016651020544,3.8101403611778273,0.2110003425813578,0.0,1.9892663231266292,0.8044282831953908,0.0,1.8560872991327066,1.2991087403095254,0.0},fitness=net.sf.jclec.fitness.SimpleValueFitness@35bbe5e8[value=278.43325843530965]]
Median individual: net.sf.jclec.realarray.RealArrayIndividual@7d417077[genotype={0.0,4.283484849579341,1.9773429226152128,0.23899054035011158,0.0,0.1369370785919164,1.1087531288917067,1.378957276626024,1.98732720612934,0.8494420235567735,4.088823484039546,3.228783609404881,5.12,0.0,0.0,5.12,0.8128200750544938,0.0412357260841314,3.1044399792827413,3.987881863510429,1.8413016651020544,3.8101403611778273,0.2110003425813578,0.0,1.9892663231266292,0.8044282831953908,0.0,1.8560872991327066,1.2991087403095254,0.0},fitness=net.sf.jclec.fitness.SimpleValueFitness@35bbe5e8[value=278.43325843530965]]
Average fitness = 278.43325843530965
Fitness variance = 0.0
