Wed Nov 28 15.56.13 CET 2018
Generation 0 Report
Best individual: net.sf.jclec.realarray.RealArrayIndividual@c2e1f26[genotype={0.8059055905658036,2.9704838465668724,0.7089324381462037,3.3978390904538167,2.615728561648031,1.8575909977824676,0.27827714248016383,0.6344096285168646,2.617648863614587,3.9256598088236276,0.08570474381397095,2.6502480823948185,2.2935149126526277,1.5688706301107374,0.8622613068998324,1.6734587171823208,3.755099661180841,1.0845894179325404,3.7807557206684335,3.6674417398615464,0.7913014007718411,1.8289893243535047,1.995991208120619,1.4613833182019835,0.03325084061653453,2.5874154390806625,1.9405833177210854,0.24984330381453415,0.9261651982976906,4.313359962251359},fitness=net.sf.jclec.fitness.SimpleValueFitness@6d9c638[value=439.3679098300821]]
Worst individual: net.sf.jclec.realarray.RealArrayIndividual@65ae6ba4[genotype={3.0303290287095126,4.608563553538062,2.6239896631190796,4.4860569769987455,4.24551547893396,4.925022884139318,0.39985962288681015,2.66472485891245,3.379940749740752,0.18081437126898997,2.044459374839332,4.6978692739173145,4.070530427777776,3.6908564810621876,4.287090225245362,5.053401560238255,1.4002522516439544,0.7074226929840512,4.738897233428687,3.928243009825586,3.4574337733411244,2.362500982304853,4.039874339543671,1.4704639835610318,2.608141157190127,3.389162201274597,4.306474936562447,1.7531675864279583,3.8034788929987537,2.199184203485135},fitness=net.sf.jclec.fitness.SimpleValueFitness@59f95c5d[value=688.5371897201267]]
Median individual: net.sf.jclec.realarray.RealArrayIndividual@26f0a63f[genotype={4.768626555241962,2.487518395037026,0.31010200868878235,3.6078363901267188,0.4617583257648958,0.4967029659232942,0.07549630847713179,0.8165362604493686,0.6661276688940191,2.4096592820826506,3.418894040788136,3.956638434488703,2.875755278768846,1.2035210365268214,5.106237216890768,0.7100747135107426,0.5495556408944476,3.3119227549134975,2.058562711557967,4.073028344067478,1.416499138340143,4.93064090339645,2.313973690161097,3.916580640733297,3.843871807918079,1.6074035415079917,2.5835442698848774,2.584762390969867,2.8624163311091313,0.5726367438947717},fitness=net.sf.jclec.fitness.SimpleValueFitness@53bd815b[value=567.5091593468146]]
Average fitness = 567.3025116753512
Fitness variance = 2888.0305862195673
Generation 10 Report
Best individual: net.sf.jclec.realarray.RealArrayIndividual@4ca8195f[genotype={0.019902147517420456,4.397536143653317,0.27462624172700795,0.9127265709924552,3.8865321365551195,1.5889839314634355,4.041011377439565,0.7968770393522036,3.570553876349845,2.8990470483529207,0.9011974805963922,1.9127876022323886,0.9449847550469116,1.317028583437709,1.8923029859784852,1.0946671223685533,2.219925717845132,0.9298633676149961,4.091321191085008,2.2024865521255226,1.9852109694654774,1.2609687028910672,1.8780196761962327,1.6838300997014883,2.6510619320908493,0.38470031524916215,1.2179113510507824,0.883142314428438,4.082528554413606,1.7089507338145462},fitness=net.sf.jclec.fitness.SimpleValueFitness@61baa894[value=361.56419102001337]]
Worst individual: net.sf.jclec.realarray.RealArrayIndividual@4ca8195f[genotype={0.019902147517420456,4.397536143653317,0.27462624172700795,0.9127265709924552,3.8865321365551195,1.5889839314634355,4.041011377439565,0.7968770393522036,3.570553876349845,2.8990470483529207,0.9011974805963922,1.9127876022323886,0.9449847550469116,1.317028583437709,1.8923029859784852,1.0946671223685533,2.219925717845132,0.9298633676149961,4.091321191085008,2.2024865521255226,1.9852109694654774,1.2609687028910672,1.8780196761962327,1.6838300997014883,2.6510619320908493,0.38470031524916215,1.2179113510507824,0.883142314428438,4.082528554413606,1.7089507338145462},fitness=net.sf.jclec.fitness.SimpleValueFitness@61baa894[value=361.56419102001337]]
Median individual: net.sf.jclec.realarray.RealArrayIndividual@4ca8195f[genotype={0.019902147517420456,4.397536143653317,0.27462624172700795,0.9127265709924552,3.8865321365551195,1.5889839314634355,4.041011377439565,0.7968770393522036,3.570553876349845,2.8990470483529207,0.9011974805963922,1.9127876022323886,0.9449847550469116,1.317028583437709,1.8923029859784852,1.0946671223685533,2.219925717845132,0.9298633676149961,4.091321191085008,2.2024865521255226,1.9852109694654774,1.2609687028910672,1.8780196761962327,1.6838300997014883,2.6510619320908493,0.38470031524916215,1.2179113510507824,0.883142314428438,4.082528554413606,1.7089507338145462},fitness=net.sf.jclec.fitness.SimpleValueFitness@61baa894[value=361.56419102001337]]
Average fitness = 361.56419102001337
Fitness variance = 0.0
Generation 20 Report
Best individual: net.sf.jclec.realarray.RealArrayIndividual@b065c63[genotype={0.019902147517420456,4.397536143653317,0.27462624172700795,0.9127265709924552,3.8865321365551195,1.5889839314634355,4.041011377439565,0.7968770393522036,3.570553876349845,2.8990470483529207,0.9011974805963922,1.9127876022323886,0.9449847550469116,1.317028583437709,1.8923029859784852,1.0946671223685533,2.219925717845132,0.9298633676149961,4.091321191085008,2.2024865521255226,1.9852109694654774,1.2609687028910672,1.8780196761962327,1.6838300997014883,2.6510619320908493,0.38470031524916215,1.2179113510507824,0.883142314428438,4.082528554413606,1.7089507338145462},fitness=net.sf.jclec.fitness.SimpleValueFitness@490d6c15[value=361.56419102001337]]
Worst individual: net.sf.jclec.realarray.RealArrayIndividual@b065c63[genotype={0.019902147517420456,4.397536143653317,0.27462624172700795,0.9127265709924552,3.8865321365551195,1.5889839314634355,4.041011377439565,0.7968770393522036,3.570553876349845,2.8990470483529207,0.9011974805963922,1.9127876022323886,0.9449847550469116,1.317028583437709,1.8923029859784852,1.0946671223685533,2.219925717845132,0.9298633676149961,4.091321191085008,2.2024865521255226,1.9852109694654774,1.2609687028910672,1.8780196761962327,1.6838300997014883,2.6510619320908493,0.38470031524916215,1.2179113510507824,0.883142314428438,4.082528554413606,1.7089507338145462},fitness=net.sf.jclec.fitness.SimpleValueFitness@490d6c15[value=361.56419102001337]]
Median individual: net.sf.jclec.realarray.RealArrayIndividual@b065c63[genotype={0.019902147517420456,4.397536143653317,0.27462624172700795,0.9127265709924552,3.8865321365551195,1.5889839314634355,4.041011377439565,0.7968770393522036,3.570553876349845,2.8990470483529207,0.9011974805963922,1.9127876022323886,0.9449847550469116,1.317028583437709,1.8923029859784852,1.0946671223685533,2.219925717845132,0.9298633676149961,4.091321191085008,2.2024865521255226,1.9852109694654774,1.2609687028910672,1.8780196761962327,1.6838300997014883,2.6510619320908493,0.38470031524916215,1.2179113510507824,0.883142314428438,4.082528554413606,1.7089507338145462},fitness=net.sf.jclec.fitness.SimpleValueFitness@490d6c15[value=361.56419102001337]]
Average fitness = 361.56419102001337
Fitness variance = 0.0
Generation 30 Report
Best individual: net.sf.jclec.realarray.RealArrayIndividual@7d4793a8[genotype={0.019902147517420456,4.397536143653317,0.27462624172700795,0.9127265709924552,3.8865321365551195,1.5889839314634355,4.041011377439565,0.7968770393522036,3.570553876349845,2.8990470483529207,0.9011974805963922,1.9127876022323886,0.9449847550469116,1.317028583437709,1.8923029859784852,1.0946671223685533,2.219925717845132,0.9298633676149961,4.091321191085008,2.2024865521255226,1.9852109694654774,1.2609687028910672,1.8780196761962327,1.6838300997014883,2.6510619320908493,0.38470031524916215,1.2179113510507824,0.883142314428438,4.082528554413606,1.7089507338145462},fitness=net.sf.jclec.fitness.SimpleValueFitness@5479e3f[value=361.56419102001337]]
Worst individual: net.sf.jclec.realarray.RealArrayIndividual@7d4793a8[genotype={0.019902147517420456,4.397536143653317,0.27462624172700795,0.9127265709924552,3.8865321365551195,1.5889839314634355,4.041011377439565,0.7968770393522036,3.570553876349845,2.8990470483529207,0.9011974805963922,1.9127876022323886,0.9449847550469116,1.317028583437709,1.8923029859784852,1.0946671223685533,2.219925717845132,0.9298633676149961,4.091321191085008,2.2024865521255226,1.9852109694654774,1.2609687028910672,1.8780196761962327,1.6838300997014883,2.6510619320908493,0.38470031524916215,1.2179113510507824,0.883142314428438,4.082528554413606,1.7089507338145462},fitness=net.sf.jclec.fitness.SimpleValueFitness@5479e3f[value=361.56419102001337]]
Median individual: net.sf.jclec.realarray.RealArrayIndividual@7d4793a8[genotype={0.019902147517420456,4.397536143653317,0.27462624172700795,0.9127265709924552,3.8865321365551195,1.5889839314634355,4.041011377439565,0.7968770393522036,3.570553876349845,2.8990470483529207,0.9011974805963922,1.9127876022323886,0.9449847550469116,1.317028583437709,1.8923029859784852,1.0946671223685533,2.219925717845132,0.9298633676149961,4.091321191085008,2.2024865521255226,1.9852109694654774,1.2609687028910672,1.8780196761962327,1.6838300997014883,2.6510619320908493,0.38470031524916215,1.2179113510507824,0.883142314428438,4.082528554413606,1.7089507338145462},fitness=net.sf.jclec.fitness.SimpleValueFitness@5479e3f[value=361.56419102001337]]
Average fitness = 361.56419102001337
Fitness variance = 0.0
Generation 40 Report
Best individual: net.sf.jclec.realarray.RealArrayIndividual@27082746[genotype={0.019902147517420456,3.3356325528089945,0.27462624172700795,1.836782795122998,5.12,1.5889839314634355,4.041011377439565,0.7968770393522036,3.768247038312845,2.8990470483529207,0.9011974805963922,3.704272184435785,0.9449847550469116,1.317028583437709,1.8923029859784852,0.950805251456097,2.219925717845132,0.9298633676149961,4.091321191085008,0.41258913647725026,1.9852109694654774,1.9716642372136564,1.8780196761962327,3.0340151848339483,4.217076928228579,0.38470031524916215,0.0,0.0,4.082528554413606,1.7089507338145462},fitness=net.sf.jclec.fitness.SimpleValueFitness@7bfcd12c[value=360.07487799893016]]
Worst individual: net.sf.jclec.realarray.RealArrayIndividual@27082746[genotype={0.019902147517420456,3.3356325528089945,0.27462624172700795,1.836782795122998,5.12,1.5889839314634355,4.041011377439565,0.7968770393522036,3.768247038312845,2.8990470483529207,0.9011974805963922,3.704272184435785,0.9449847550469116,1.317028583437709,1.8923029859784852,0.950805251456097,2.219925717845132,0.9298633676149961,4.091321191085008,0.41258913647725026,1.9852109694654774,1.9716642372136564,1.8780196761962327,3.0340151848339483,4.217076928228579,0.38470031524916215,0.0,0.0,4.082528554413606,1.7089507338145462},fitness=net.sf.jclec.fitness.SimpleValueFitness@7bfcd12c[value=360.07487799893016]]
Median individual: net.sf.jclec.realarray.RealArrayIndividual@27082746[genotype={0.019902147517420456,3.3356325528089945,0.27462624172700795,1.836782795122998,5.12,1.5889839314634355,4.041011377439565,0.7968770393522036,3.768247038312845,2.8990470483529207,0.9011974805963922,3.704272184435785,0.9449847550469116,1.317028583437709,1.8923029859784852,0.950805251456097,2.219925717845132,0.9298633676149961,4.091321191085008,0.41258913647725026,1.9852109694654774,1.9716642372136564,1.8780196761962327,3.0340151848339483,4.217076928228579,0.38470031524916215,0.0,0.0,4.082528554413606,1.7089507338145462},fitness=net.sf.jclec.fitness.SimpleValueFitness@7bfcd12c[value=360.07487799893016]]
Average fitness = 360.07487799893016
Fitness variance = 0.0
Generation 50 Report
Best individual: net.sf.jclec.realarray.RealArrayIndividual@42f30e0a[genotype={0.019902147517420456,4.040168809330871,0.27462624172700795,1.1384416006710394,5.12,1.5889839314634355,4.041011377439565,2.118179594110875,3.7566493902298914,1.3380788624371815,0.9011974805963922,3.7891907700584473,0.9487410105568507,2.312819921520026,1.6288335365682034,0.0,2.219925717845132,1.1303061217187513,4.091321191085008,0.3614511964840499,1.9852109694654774,1.9716642372136564,1.9180682695765314,3.0340151848339483,3.0277862889608214,0.38470031524916215,0.0,0.0,4.082528554413606,1.7089507338145462},fitness=net.sf.jclec.fitness.SimpleValueFitness@5b1d2887[value=347.6452564568706]]
Worst individual: net.sf.jclec.realarray.RealArrayIndividual@42f30e0a[genotype={0.019902147517420456,4.040168809330871,0.27462624172700795,1.1384416006710394,5.12,1.5889839314634355,4.041011377439565,2.118179594110875,3.7566493902298914,1.3380788624371815,0.9011974805963922,3.7891907700584473,0.9487410105568507,2.312819921520026,1.6288335365682034,0.0,2.219925717845132,1.1303061217187513,4.091321191085008,0.3614511964840499,1.9852109694654774,1.9716642372136564,1.9180682695765314,3.0340151848339483,3.0277862889608214,0.38470031524916215,0.0,0.0,4.082528554413606,1.7089507338145462},fitness=net.sf.jclec.fitness.SimpleValueFitness@5b1d2887[value=347.6452564568706]]
Median individual: net.sf.jclec.realarray.RealArrayIndividual@42f30e0a[genotype={0.019902147517420456,4.040168809330871,0.27462624172700795,1.1384416006710394,5.12,1.5889839314634355,4.041011377439565,2.118179594110875,3.7566493902298914,1.3380788624371815,0.9011974805963922,3.7891907700584473,0.9487410105568507,2.312819921520026,1.6288335365682034,0.0,2.219925717845132,1.1303061217187513,4.091321191085008,0.3614511964840499,1.9852109694654774,1.9716642372136564,1.9180682695765314,3.0340151848339483,3.0277862889608214,0.38470031524916215,0.0,0.0,4.082528554413606,1.7089507338145462},fitness=net.sf.jclec.fitness.SimpleValueFitness@5b1d2887[value=347.6452564568706]]
Average fitness = 347.6452564568706
Fitness variance = 0.0
Generation 60 Report
Best individual: net.sf.jclec.realarray.RealArrayIndividual@46f5f779[genotype={0.019902147517420456,4.040168809330871,0.27462624172700795,1.1384416006710394,5.12,1.5889839314634355,4.041011377439565,2.118179594110875,3.7566493902298914,1.3380788624371815,0.9011974805963922,3.7891907700584473,0.9487410105568507,2.312819921520026,1.6288335365682034,0.0,2.219925717845132,1.1303061217187513,4.091321191085008,0.3614511964840499,1.9852109694654774,1.9716642372136564,1.9180682695765314,3.0340151848339483,3.0277862889608214,0.38470031524916215,0.0,0.0,4.082528554413606,1.7089507338145462},fitness=net.sf.jclec.fitness.SimpleValueFitness@18e8568[value=347.6452564568706]]
Worst individual: net.sf.jclec.realarray.RealArrayIndividual@46f5f779[genotype={0.019902147517420456,4.040168809330871,0.27462624172700795,1.1384416006710394,5.12,1.5889839314634355,4.041011377439565,2.118179594110875,3.7566493902298914,1.3380788624371815,0.9011974805963922,3.7891907700584473,0.9487410105568507,2.312819921520026,1.6288335365682034,0.0,2.219925717845132,1.1303061217187513,4.091321191085008,0.3614511964840499,1.9852109694654774,1.9716642372136564,1.9180682695765314,3.0340151848339483,3.0277862889608214,0.38470031524916215,0.0,0.0,4.082528554413606,1.7089507338145462},fitness=net.sf.jclec.fitness.SimpleValueFitness@18e8568[value=347.6452564568706]]
Median individual: net.sf.jclec.realarray.RealArrayIndividual@46f5f779[genotype={0.019902147517420456,4.040168809330871,0.27462624172700795,1.1384416006710394,5.12,1.5889839314634355,4.041011377439565,2.118179594110875,3.7566493902298914,1.3380788624371815,0.9011974805963922,3.7891907700584473,0.9487410105568507,2.312819921520026,1.6288335365682034,0.0,2.219925717845132,1.1303061217187513,4.091321191085008,0.3614511964840499,1.9852109694654774,1.9716642372136564,1.9180682695765314,3.0340151848339483,3.0277862889608214,0.38470031524916215,0.0,0.0,4.082528554413606,1.7089507338145462},fitness=net.sf.jclec.fitness.SimpleValueFitness@18e8568[value=347.6452564568706]]
Average fitness = 347.6452564568706
Fitness variance = 0.0
Generation 70 Report
Best individual: net.sf.jclec.realarray.RealArrayIndividual@33e5ccce[genotype={0.019902147517420456,4.040168809330871,0.27462624172700795,1.1384416006710394,5.12,1.5889839314634355,4.041011377439565,2.118179594110875,3.7566493902298914,1.3380788624371815,0.9011974805963922,3.7891907700584473,0.9487410105568507,2.312819921520026,1.6288335365682034,0.0,2.219925717845132,1.1303061217187513,4.091321191085008,0.3614511964840499,1.9852109694654774,1.9716642372136564,1.9180682695765314,3.0340151848339483,3.0277862889608214,0.38470031524916215,0.0,0.0,4.082528554413606,1.7089507338145462},fitness=net.sf.jclec.fitness.SimpleValueFitness@270421f5[value=347.6452564568706]]
Worst individual: net.sf.jclec.realarray.RealArrayIndividual@33e5ccce[genotype={0.019902147517420456,4.040168809330871,0.27462624172700795,1.1384416006710394,5.12,1.5889839314634355,4.041011377439565,2.118179594110875,3.7566493902298914,1.3380788624371815,0.9011974805963922,3.7891907700584473,0.9487410105568507,2.312819921520026,1.6288335365682034,0.0,2.219925717845132,1.1303061217187513,4.091321191085008,0.3614511964840499,1.9852109694654774,1.9716642372136564,1.9180682695765314,3.0340151848339483,3.0277862889608214,0.38470031524916215,0.0,0.0,4.082528554413606,1.7089507338145462},fitness=net.sf.jclec.fitness.SimpleValueFitness@270421f5[value=347.6452564568706]]
Median individual: net.sf.jclec.realarray.RealArrayIndividual@33e5ccce[genotype={0.019902147517420456,4.040168809330871,0.27462624172700795,1.1384416006710394,5.12,1.5889839314634355,4.041011377439565,2.118179594110875,3.7566493902298914,1.3380788624371815,0.9011974805963922,3.7891907700584473,0.9487410105568507,2.312819921520026,1.6288335365682034,0.0,2.219925717845132,1.1303061217187513,4.091321191085008,0.3614511964840499,1.9852109694654774,1.9716642372136564,1.9180682695765314,3.0340151848339483,3.0277862889608214,0.38470031524916215,0.0,0.0,4.082528554413606,1.7089507338145462},fitness=net.sf.jclec.fitness.SimpleValueFitness@270421f5[value=347.6452564568706]]
Average fitness = 347.6452564568706
Fitness variance = 0.0
Generation 80 Report
Best individual: net.sf.jclec.realarray.RealArrayIndividual@52d455b8[genotype={0.019902147517420456,0.7552526011380716,0.2112879145111406,0.0,5.12,0.17238646554789394,5.12,1.9285166560878668,4.053766455645587,1.8987256604085445,0.024216092626044294,3.330474282651968,0.0,4.021190290941812,0.9344108149005175,0.9632672804631728,0.0,2.61586881741426,3.408065448349137,0.0,1.244748451039891,2.3486212510114903,2.0270273728164887,3.766519358919702,3.0277862889608214,0.38470031524916215,0.0,0.9278660078421055,2.9302882024636374,0.0},fitness=net.sf.jclec.fitness.SimpleValueFitness@18ef96[value=306.237642748787]]
Worst individual: net.sf.jclec.realarray.RealArrayIndividual@52d455b8[genotype={0.019902147517420456,0.7552526011380716,0.2112879145111406,0.0,5.12,0.17238646554789394,5.12,1.9285166560878668,4.053766455645587,1.8987256604085445,0.024216092626044294,3.330474282651968,0.0,4.021190290941812,0.9344108149005175,0.9632672804631728,0.0,2.61586881741426,3.408065448349137,0.0,1.244748451039891,2.3486212510114903,2.0270273728164887,3.766519358919702,3.0277862889608214,0.38470031524916215,0.0,0.9278660078421055,2.9302882024636374,0.0},fitness=net.sf.jclec.fitness.SimpleValueFitness@18ef96[value=306.237642748787]]
Median individual: net.sf.jclec.realarray.RealArrayIndividual@52d455b8[genotype={0.019902147517420456,0.7552526011380716,0.2112879145111406,0.0,5.12,0.17238646554789394,5.12,1.9285166560878668,4.053766455645587,1.8987256604085445,0.024216092626044294,3.330474282651968,0.0,4.021190290941812,0.9344108149005175,0.9632672804631728,0.0,2.61586881741426,3.408065448349137,0.0,1.244748451039891,2.3486212510114903,2.0270273728164887,3.766519358919702,3.0277862889608214,0.38470031524916215,0.0,0.9278660078421055,2.9302882024636374,0.0},fitness=net.sf.jclec.fitness.SimpleValueFitness@18ef96[value=306.237642748787]]
Average fitness = 306.237642748787
Fitness variance = 0.0
Generation 90 Report
Best individual: net.sf.jclec.realarray.RealArrayIndividual@6956de9[genotype={0.019902147517420456,0.7552526011380716,0.2112879145111406,0.0,5.12,0.17238646554789394,5.12,1.9285166560878668,4.053766455645587,1.8987256604085445,0.024216092626044294,3.330474282651968,0.0,4.021190290941812,0.9344108149005175,0.9632672804631728,0.0,2.61586881741426,3.408065448349137,0.0,1.244748451039891,2.3486212510114903,2.0270273728164887,3.766519358919702,3.0277862889608214,0.38470031524916215,0.0,0.9278660078421055,2.9302882024636374,0.0},fitness=net.sf.jclec.fitness.SimpleValueFitness@6aceb1a5[value=306.237642748787]]
Worst individual: net.sf.jclec.realarray.RealArrayIndividual@6956de9[genotype={0.019902147517420456,0.7552526011380716,0.2112879145111406,0.0,5.12,0.17238646554789394,5.12,1.9285166560878668,4.053766455645587,1.8987256604085445,0.024216092626044294,3.330474282651968,0.0,4.021190290941812,0.9344108149005175,0.9632672804631728,0.0,2.61586881741426,3.408065448349137,0.0,1.244748451039891,2.3486212510114903,2.0270273728164887,3.766519358919702,3.0277862889608214,0.38470031524916215,0.0,0.9278660078421055,2.9302882024636374,0.0},fitness=net.sf.jclec.fitness.SimpleValueFitness@6aceb1a5[value=306.237642748787]]
Median individual: net.sf.jclec.realarray.RealArrayIndividual@6956de9[genotype={0.019902147517420456,0.7552526011380716,0.2112879145111406,0.0,5.12,0.17238646554789394,5.12,1.9285166560878668,4.053766455645587,1.8987256604085445,0.024216092626044294,3.330474282651968,0.0,4.021190290941812,0.9344108149005175,0.9632672804631728,0.0,2.61586881741426,3.408065448349137,0.0,1.244748451039891,2.3486212510114903,2.0270273728164887,3.766519358919702,3.0277862889608214,0.38470031524916215,0.0,0.9278660078421055,2.9302882024636374,0.0},fitness=net.sf.jclec.fitness.SimpleValueFitness@6aceb1a5[value=306.237642748787]]
Average fitness = 306.237642748787
Fitness variance = 0.0
Generation 100 Report
Best individual: net.sf.jclec.realarray.RealArrayIndividual@2d6d8735[genotype={0.0,2.3188794290843635,0.2112879145111406,0.0,5.050286566254181,0.0,5.12,1.9285166560878668,2.151452212607315,1.8987256604085445,0.024216092626044294,2.7783986734368766,0.0,2.9731288491810934,0.0,2.1179712424527373,0.0,1.2896949602994594,1.58823420861239,1.2408923328380301,1.470761933725382,2.3486212510114903,1.6582985616543091,2.877110214047789,3.0277862889608214,0.38470031524916215,0.0,0.9278660078421055,2.9302882024636374,0.0},fitness=net.sf.jclec.fitness.SimpleValueFitness@12bc6874[value=290.49435464291844]]
Worst individual: net.sf.jclec.realarray.RealArrayIndividual@2d6d8735[genotype={0.0,2.3188794290843635,0.2112879145111406,0.0,5.050286566254181,0.0,5.12,1.9285166560878668,2.151452212607315,1.8987256604085445,0.024216092626044294,2.7783986734368766,0.0,2.9731288491810934,0.0,2.1179712424527373,0.0,1.2896949602994594,1.58823420861239,1.2408923328380301,1.470761933725382,2.3486212510114903,1.6582985616543091,2.877110214047789,3.0277862889608214,0.38470031524916215,0.0,0.9278660078421055,2.9302882024636374,0.0},fitness=net.sf.jclec.fitness.SimpleValueFitness@12bc6874[value=290.49435464291844]]
Median individual: net.sf.jclec.realarray.RealArrayIndividual@2d6d8735[genotype={0.0,2.3188794290843635,0.2112879145111406,0.0,5.050286566254181,0.0,5.12,1.9285166560878668,2.151452212607315,1.8987256604085445,0.024216092626044294,2.7783986734368766,0.0,2.9731288491810934,0.0,2.1179712424527373,0.0,1.2896949602994594,1.58823420861239,1.2408923328380301,1.470761933725382,2.3486212510114903,1.6582985616543091,2.877110214047789,3.0277862889608214,0.38470031524916215,0.0,0.9278660078421055,2.9302882024636374,0.0},fitness=net.sf.jclec.fitness.SimpleValueFitness@12bc6874[value=290.49435464291844]]
Average fitness = 290.49435464291844
Fitness variance = 0.0
Generation 110 Report
Best individual: net.sf.jclec.realarray.RealArrayIndividual@de0a01f[genotype={0.0,2.3188794290843635,0.2112879145111406,0.0,5.050286566254181,0.0,5.12,1.9285166560878668,2.151452212607315,1.8987256604085445,0.024216092626044294,2.7783986734368766,0.0,2.9731288491810934,0.0,2.1179712424527373,0.0,1.2896949602994594,1.58823420861239,1.2408923328380301,1.470761933725382,2.3486212510114903,1.6582985616543091,2.877110214047789,3.0277862889608214,0.38470031524916215,0.0,0.9278660078421055,2.9302882024636374,0.0},fitness=net.sf.jclec.fitness.SimpleValueFitness@1ef7fe8e[value=290.49435464291844]]
Worst individual: net.sf.jclec.realarray.RealArrayIndividual@de0a01f[genotype={0.0,2.3188794290843635,0.2112879145111406,0.0,5.050286566254181,0.0,5.12,1.9285166560878668,2.151452212607315,1.8987256604085445,0.024216092626044294,2.7783986734368766,0.0,2.9731288491810934,0.0,2.1179712424527373,0.0,1.2896949602994594,1.58823420861239,1.2408923328380301,1.470761933725382,2.3486212510114903,1.6582985616543091,2.877110214047789,3.0277862889608214,0.38470031524916215,0.0,0.9278660078421055,2.9302882024636374,0.0},fitness=net.sf.jclec.fitness.SimpleValueFitness@1ef7fe8e[value=290.49435464291844]]
Median individual: net.sf.jclec.realarray.RealArrayIndividual@de0a01f[genotype={0.0,2.3188794290843635,0.2112879145111406,0.0,5.050286566254181,0.0,5.12,1.9285166560878668,2.151452212607315,1.8987256604085445,0.024216092626044294,2.7783986734368766,0.0,2.9731288491810934,0.0,2.1179712424527373,0.0,1.2896949602994594,1.58823420861239,1.2408923328380301,1.470761933725382,2.3486212510114903,1.6582985616543091,2.877110214047789,3.0277862889608214,0.38470031524916215,0.0,0.9278660078421055,2.9302882024636374,0.0},fitness=net.sf.jclec.fitness.SimpleValueFitness@1ef7fe8e[value=290.49435464291844]]
Average fitness = 290.49435464291844
Fitness variance = 0.0
Generation 120 Report
Best individual: net.sf.jclec.realarray.RealArrayIndividual@6f79caec[genotype={0.0,2.3188794290843635,0.2112879145111406,0.0,5.050286566254181,0.0,5.12,1.9285166560878668,2.151452212607315,1.8987256604085445,0.024216092626044294,2.7783986734368766,0.0,2.9731288491810934,0.0,2.1179712424527373,0.0,1.2896949602994594,1.58823420861239,1.2408923328380301,1.470761933725382,2.3486212510114903,1.6582985616543091,2.877110214047789,3.0277862889608214,0.38470031524916215,0.0,0.9278660078421055,2.9302882024636374,0.0},fitness=net.sf.jclec.fitness.SimpleValueFitness@5d3411d[value=290.49435464291844]]
Worst individual: net.sf.jclec.realarray.RealArrayIndividual@6f79caec[genotype={0.0,2.3188794290843635,0.2112879145111406,0.0,5.050286566254181,0.0,5.12,1.9285166560878668,2.151452212607315,1.8987256604085445,0.024216092626044294,2.7783986734368766,0.0,2.9731288491810934,0.0,2.1179712424527373,0.0,1.2896949602994594,1.58823420861239,1.2408923328380301,1.470761933725382,2.3486212510114903,1.6582985616543091,2.877110214047789,3.0277862889608214,0.38470031524916215,0.0,0.9278660078421055,2.9302882024636374,0.0},fitness=net.sf.jclec.fitness.SimpleValueFitness@5d3411d[value=290.49435464291844]]
Median individual: net.sf.jclec.realarray.RealArrayIndividual@6f79caec[genotype={0.0,2.3188794290843635,0.2112879145111406,0.0,5.050286566254181,0.0,5.12,1.9285166560878668,2.151452212607315,1.8987256604085445,0.024216092626044294,2.7783986734368766,0.0,2.9731288491810934,0.0,2.1179712424527373,0.0,1.2896949602994594,1.58823420861239,1.2408923328380301,1.470761933725382,2.3486212510114903,1.6582985616543091,2.877110214047789,3.0277862889608214,0.38470031524916215,0.0,0.9278660078421055,2.9302882024636374,0.0},fitness=net.sf.jclec.fitness.SimpleValueFitness@5d3411d[value=290.49435464291844]]
Average fitness = 290.49435464291844
Fitness variance = 0.0
Generation 130 Report
Best individual: net.sf.jclec.realarray.RealArrayIndividual@2471cca7[genotype={0.0,2.3188794290843635,0.2112879145111406,0.0,5.050286566254181,0.0,5.12,1.9285166560878668,2.151452212607315,1.8987256604085445,0.024216092626044294,2.7783986734368766,0.0,2.9731288491810934,0.0,2.1179712424527373,0.0,1.2896949602994594,1.58823420861239,1.2408923328380301,1.470761933725382,2.3486212510114903,1.6582985616543091,2.877110214047789,3.0277862889608214,0.38470031524916215,0.0,0.9278660078421055,2.9302882024636374,0.0},fitness=net.sf.jclec.fitness.SimpleValueFitness@6979e8cb[value=290.49435464291844]]
Worst individual: net.sf.jclec.realarray.RealArrayIndividual@2471cca7[genotype={0.0,2.3188794290843635,0.2112879145111406,0.0,5.050286566254181,0.0,5.12,1.9285166560878668,2.151452212607315,1.8987256604085445,0.024216092626044294,2.7783986734368766,0.0,2.9731288491810934,0.0,2.1179712424527373,0.0,1.2896949602994594,1.58823420861239,1.2408923328380301,1.470761933725382,2.3486212510114903,1.6582985616543091,2.877110214047789,3.0277862889608214,0.38470031524916215,0.0,0.9278660078421055,2.9302882024636374,0.0},fitness=net.sf.jclec.fitness.SimpleValueFitness@6979e8cb[value=290.49435464291844]]
Median individual: net.sf.jclec.realarray.RealArrayIndividual@2471cca7[genotype={0.0,2.3188794290843635,0.2112879145111406,0.0,5.050286566254181,0.0,5.12,1.9285166560878668,2.151452212607315,1.8987256604085445,0.024216092626044294,2.7783986734368766,0.0,2.9731288491810934,0.0,2.1179712424527373,0.0,1.2896949602994594,1.58823420861239,1.2408923328380301,1.470761933725382,2.3486212510114903,1.6582985616543091,2.877110214047789,3.0277862889608214,0.38470031524916215,0.0,0.9278660078421055,2.9302882024636374,0.0},fitness=net.sf.jclec.fitness.SimpleValueFitness@6979e8cb[value=290.49435464291844]]
Average fitness = 290.49435464291844
Fitness variance = 0.0
Generation 140 Report
Best individual: net.sf.jclec.realarray.RealArrayIndividual@763d9750[genotype={0.0,2.3188794290843635,0.2112879145111406,0.0,5.050286566254181,0.0,5.12,1.9285166560878668,2.151452212607315,1.8987256604085445,0.024216092626044294,2.7783986734368766,0.0,2.9731288491810934,0.0,2.1179712424527373,0.0,1.2896949602994594,1.58823420861239,1.2408923328380301,1.470761933725382,2.3486212510114903,1.6582985616543091,2.877110214047789,3.0277862889608214,0.38470031524916215,0.0,0.9278660078421055,2.9302882024636374,0.0},fitness=net.sf.jclec.fitness.SimpleValueFitness@2be94b0f[value=290.49435464291844]]
Worst individual: net.sf.jclec.realarray.RealArrayIndividual@763d9750[genotype={0.0,2.3188794290843635,0.2112879145111406,0.0,5.050286566254181,0.0,5.12,1.9285166560878668,2.151452212607315,1.8987256604085445,0.024216092626044294,2.7783986734368766,0.0,2.9731288491810934,0.0,2.1179712424527373,0.0,1.2896949602994594,1.58823420861239,1.2408923328380301,1.470761933725382,2.3486212510114903,1.6582985616543091,2.877110214047789,3.0277862889608214,0.38470031524916215,0.0,0.9278660078421055,2.9302882024636374,0.0},fitness=net.sf.jclec.fitness.SimpleValueFitness@2be94b0f[value=290.49435464291844]]
Median individual: net.sf.jclec.realarray.RealArrayIndividual@763d9750[genotype={0.0,2.3188794290843635,0.2112879145111406,0.0,5.050286566254181,0.0,5.12,1.9285166560878668,2.151452212607315,1.8987256604085445,0.024216092626044294,2.7783986734368766,0.0,2.9731288491810934,0.0,2.1179712424527373,0.0,1.2896949602994594,1.58823420861239,1.2408923328380301,1.470761933725382,2.3486212510114903,1.6582985616543091,2.877110214047789,3.0277862889608214,0.38470031524916215,0.0,0.9278660078421055,2.9302882024636374,0.0},fitness=net.sf.jclec.fitness.SimpleValueFitness@2be94b0f[value=290.49435464291844]]
Average fitness = 290.49435464291844
Fitness variance = 0.0
Generation 150 Report
Best individual: net.sf.jclec.realarray.RealArrayIndividual@d70c109[genotype={0.0,2.3188794290843635,0.2112879145111406,0.0,5.050286566254181,0.0,5.12,1.9285166560878668,2.151452212607315,1.8987256604085445,0.024216092626044294,2.7783986734368766,0.0,2.9731288491810934,0.0,2.1179712424527373,0.0,1.2896949602994594,1.58823420861239,1.2408923328380301,1.470761933725382,2.3486212510114903,1.6582985616543091,2.877110214047789,3.0277862889608214,0.38470031524916215,0.0,0.9278660078421055,2.9302882024636374,0.0},fitness=net.sf.jclec.fitness.SimpleValueFitness@50675690[value=290.49435464291844]]
Worst individual: net.sf.jclec.realarray.RealArrayIndividual@d70c109[genotype={0.0,2.3188794290843635,0.2112879145111406,0.0,5.050286566254181,0.0,5.12,1.9285166560878668,2.151452212607315,1.8987256604085445,0.024216092626044294,2.7783986734368766,0.0,2.9731288491810934,0.0,2.1179712424527373,0.0,1.2896949602994594,1.58823420861239,1.2408923328380301,1.470761933725382,2.3486212510114903,1.6582985616543091,2.877110214047789,3.0277862889608214,0.38470031524916215,0.0,0.9278660078421055,2.9302882024636374,0.0},fitness=net.sf.jclec.fitness.SimpleValueFitness@50675690[value=290.49435464291844]]
Median individual: net.sf.jclec.realarray.RealArrayIndividual@d70c109[genotype={0.0,2.3188794290843635,0.2112879145111406,0.0,5.050286566254181,0.0,5.12,1.9285166560878668,2.151452212607315,1.8987256604085445,0.024216092626044294,2.7783986734368766,0.0,2.9731288491810934,0.0,2.1179712424527373,0.0,1.2896949602994594,1.58823420861239,1.2408923328380301,1.470761933725382,2.3486212510114903,1.6582985616543091,2.877110214047789,3.0277862889608214,0.38470031524916215,0.0,0.9278660078421055,2.9302882024636374,0.0},fitness=net.sf.jclec.fitness.SimpleValueFitness@50675690[value=290.49435464291844]]
Average fitness = 290.49435464291844
Fitness variance = 0.0
Generation 160 Report
Best individual: net.sf.jclec.realarray.RealArrayIndividual@31b7dea0[genotype={0.0,2.3188794290843635,0.2112879145111406,0.0,5.050286566254181,0.0,5.12,1.9285166560878668,2.151452212607315,1.8987256604085445,0.024216092626044294,2.7783986734368766,0.0,2.9731288491810934,0.0,2.1179712424527373,0.0,1.2896949602994594,1.58823420861239,1.2408923328380301,1.470761933725382,2.3486212510114903,1.6582985616543091,2.877110214047789,3.0277862889608214,0.38470031524916215,0.0,0.9278660078421055,2.9302882024636374,0.0},fitness=net.sf.jclec.fitness.SimpleValueFitness@47d384ee[value=290.49435464291844]]
Worst individual: net.sf.jclec.realarray.RealArrayIndividual@31b7dea0[genotype={0.0,2.3188794290843635,0.2112879145111406,0.0,5.050286566254181,0.0,5.12,1.9285166560878668,2.151452212607315,1.8987256604085445,0.024216092626044294,2.7783986734368766,0.0,2.9731288491810934,0.0,2.1179712424527373,0.0,1.2896949602994594,1.58823420861239,1.2408923328380301,1.470761933725382,2.3486212510114903,1.6582985616543091,2.877110214047789,3.0277862889608214,0.38470031524916215,0.0,0.9278660078421055,2.9302882024636374,0.0},fitness=net.sf.jclec.fitness.SimpleValueFitness@47d384ee[value=290.49435464291844]]
Median individual: net.sf.jclec.realarray.RealArrayIndividual@31b7dea0[genotype={0.0,2.3188794290843635,0.2112879145111406,0.0,5.050286566254181,0.0,5.12,1.9285166560878668,2.151452212607315,1.8987256604085445,0.024216092626044294,2.7783986734368766,0.0,2.9731288491810934,0.0,2.1179712424527373,0.0,1.2896949602994594,1.58823420861239,1.2408923328380301,1.470761933725382,2.3486212510114903,1.6582985616543091,2.877110214047789,3.0277862889608214,0.38470031524916215,0.0,0.9278660078421055,2.9302882024636374,0.0},fitness=net.sf.jclec.fitness.SimpleValueFitness@47d384ee[value=290.49435464291844]]
Average fitness = 290.49435464291844
Fitness variance = 0.0
Generation 170 Report
Best individual: net.sf.jclec.realarray.RealArrayIndividual@2d6a9952[genotype={0.0,4.024546545252679,0.0,0.0,5.050286566254181,0.0,5.12,3.809486383110307,2.151452212607315,1.0081345255961962,0.024216092626044294,2.1379800431479605,0.0,2.9731288491810934,0.0,1.9715292894259517,0.0,1.2896949602994594,1.2368957776063931,1.846084141259643,1.470761933725382,1.1355308359267364,1.6582985616543091,2.848821394877054,1.8651602408828873,1.4944240108125875,0.0,1.0682067855521704,4.266189566802865,0.0},fitness=net.sf.jclec.fitness.SimpleValueFitness@3930015a[value=273.3089463041214]]
Worst individual: net.sf.jclec.realarray.RealArrayIndividual@2d6a9952[genotype={0.0,4.024546545252679,0.0,0.0,5.050286566254181,0.0,5.12,3.809486383110307,2.151452212607315,1.0081345255961962,0.024216092626044294,2.1379800431479605,0.0,2.9731288491810934,0.0,1.9715292894259517,0.0,1.2896949602994594,1.2368957776063931,1.846084141259643,1.470761933725382,1.1355308359267364,1.6582985616543091,2.848821394877054,1.8651602408828873,1.4944240108125875,0.0,1.0682067855521704,4.266189566802865,0.0},fitness=net.sf.jclec.fitness.SimpleValueFitness@3930015a[value=273.3089463041214]]
Median individual: net.sf.jclec.realarray.RealArrayIndividual@2d6a9952[genotype={0.0,4.024546545252679,0.0,0.0,5.050286566254181,0.0,5.12,3.809486383110307,2.151452212607315,1.0081345255961962,0.024216092626044294,2.1379800431479605,0.0,2.9731288491810934,0.0,1.9715292894259517,0.0,1.2896949602994594,1.2368957776063931,1.846084141259643,1.470761933725382,1.1355308359267364,1.6582985616543091,2.848821394877054,1.8651602408828873,1.4944240108125875,0.0,1.0682067855521704,4.266189566802865,0.0},fitness=net.sf.jclec.fitness.SimpleValueFitness@3930015a[value=273.3089463041214]]
Average fitness = 273.3089463041214
Fitness variance = 0.0
Generation 180 Report
Best individual: net.sf.jclec.realarray.RealArrayIndividual@629f0666[genotype={0.0,4.024546545252679,0.0,0.0,5.050286566254181,0.0,5.12,3.809486383110307,2.151452212607315,1.0081345255961962,0.024216092626044294,2.1379800431479605,0.0,2.9731288491810934,0.0,1.9715292894259517,0.0,1.2896949602994594,1.2368957776063931,1.846084141259643,1.470761933725382,1.1355308359267364,1.6582985616543091,2.848821394877054,1.8651602408828873,1.4944240108125875,0.0,1.0682067855521704,4.266189566802865,0.0},fitness=net.sf.jclec.fitness.SimpleValueFitness@1ff8b8f[value=273.3089463041214]]
Worst individual: net.sf.jclec.realarray.RealArrayIndividual@629f0666[genotype={0.0,4.024546545252679,0.0,0.0,5.050286566254181,0.0,5.12,3.809486383110307,2.151452212607315,1.0081345255961962,0.024216092626044294,2.1379800431479605,0.0,2.9731288491810934,0.0,1.9715292894259517,0.0,1.2896949602994594,1.2368957776063931,1.846084141259643,1.470761933725382,1.1355308359267364,1.6582985616543091,2.848821394877054,1.8651602408828873,1.4944240108125875,0.0,1.0682067855521704,4.266189566802865,0.0},fitness=net.sf.jclec.fitness.SimpleValueFitness@1ff8b8f[value=273.3089463041214]]
Median individual: net.sf.jclec.realarray.RealArrayIndividual@629f0666[genotype={0.0,4.024546545252679,0.0,0.0,5.050286566254181,0.0,5.12,3.809486383110307,2.151452212607315,1.0081345255961962,0.024216092626044294,2.1379800431479605,0.0,2.9731288491810934,0.0,1.9715292894259517,0.0,1.2896949602994594,1.2368957776063931,1.846084141259643,1.470761933725382,1.1355308359267364,1.6582985616543091,2.848821394877054,1.8651602408828873,1.4944240108125875,0.0,1.0682067855521704,4.266189566802865,0.0},fitness=net.sf.jclec.fitness.SimpleValueFitness@1ff8b8f[value=273.3089463041214]]
Average fitness = 273.3089463041214
Fitness variance = 0.0
Generation 190 Report
Best individual: net.sf.jclec.realarray.RealArrayIndividual@387c703b[genotype={0.0,4.024546545252679,0.0,0.0,5.050286566254181,0.0,5.12,3.809486383110307,2.151452212607315,1.0081345255961962,0.024216092626044294,2.1379800431479605,0.0,2.9731288491810934,0.0,1.9715292894259517,0.0,1.2896949602994594,1.2368957776063931,1.846084141259643,1.470761933725382,1.1355308359267364,1.6582985616543091,2.848821394877054,1.8651602408828873,1.4944240108125875,0.0,1.0682067855521704,4.266189566802865,0.0},fitness=net.sf.jclec.fitness.SimpleValueFitness@c39f790[value=273.3089463041214]]
Worst individual: net.sf.jclec.realarray.RealArrayIndividual@387c703b[genotype={0.0,4.024546545252679,0.0,0.0,5.050286566254181,0.0,5.12,3.809486383110307,2.151452212607315,1.0081345255961962,0.024216092626044294,2.1379800431479605,0.0,2.9731288491810934,0.0,1.9715292894259517,0.0,1.2896949602994594,1.2368957776063931,1.846084141259643,1.470761933725382,1.1355308359267364,1.6582985616543091,2.848821394877054,1.8651602408828873,1.4944240108125875,0.0,1.0682067855521704,4.266189566802865,0.0},fitness=net.sf.jclec.fitness.SimpleValueFitness@c39f790[value=273.3089463041214]]
Median individual: net.sf.jclec.realarray.RealArrayIndividual@387c703b[genotype={0.0,4.024546545252679,0.0,0.0,5.050286566254181,0.0,5.12,3.809486383110307,2.151452212607315,1.0081345255961962,0.024216092626044294,2.1379800431479605,0.0,2.9731288491810934,0.0,1.9715292894259517,0.0,1.2896949602994594,1.2368957776063931,1.846084141259643,1.470761933725382,1.1355308359267364,1.6582985616543091,2.848821394877054,1.8651602408828873,1.4944240108125875,0.0,1.0682067855521704,4.266189566802865,0.0},fitness=net.sf.jclec.fitness.SimpleValueFitness@c39f790[value=273.3089463041214]]
Average fitness = 273.3089463041214
Fitness variance = 0.0
Generation 200 Report
Best individual: net.sf.jclec.realarray.RealArrayIndividual@71e7a66b[genotype={0.0,4.024546545252679,0.0,0.0,5.050286566254181,0.0,5.12,3.809486383110307,2.151452212607315,1.0081345255961962,0.024216092626044294,2.1379800431479605,0.0,2.9731288491810934,0.0,1.9715292894259517,0.0,1.2896949602994594,1.2368957776063931,1.846084141259643,1.470761933725382,1.1355308359267364,1.6582985616543091,2.848821394877054,1.8651602408828873,1.4944240108125875,0.0,1.0682067855521704,4.266189566802865,0.0},fitness=net.sf.jclec.fitness.SimpleValueFitness@5f150435[value=273.3089463041214]]
Worst individual: net.sf.jclec.realarray.RealArrayIndividual@71e7a66b[genotype={0.0,4.024546545252679,0.0,0.0,5.050286566254181,0.0,5.12,3.809486383110307,2.151452212607315,1.0081345255961962,0.024216092626044294,2.1379800431479605,0.0,2.9731288491810934,0.0,1.9715292894259517,0.0,1.2896949602994594,1.2368957776063931,1.846084141259643,1.470761933725382,1.1355308359267364,1.6582985616543091,2.848821394877054,1.8651602408828873,1.4944240108125875,0.0,1.0682067855521704,4.266189566802865,0.0},fitness=net.sf.jclec.fitness.SimpleValueFitness@5f150435[value=273.3089463041214]]
Median individual: net.sf.jclec.realarray.RealArrayIndividual@71e7a66b[genotype={0.0,4.024546545252679,0.0,0.0,5.050286566254181,0.0,5.12,3.809486383110307,2.151452212607315,1.0081345255961962,0.024216092626044294,2.1379800431479605,0.0,2.9731288491810934,0.0,1.9715292894259517,0.0,1.2896949602994594,1.2368957776063931,1.846084141259643,1.470761933725382,1.1355308359267364,1.6582985616543091,2.848821394877054,1.8651602408828873,1.4944240108125875,0.0,1.0682067855521704,4.266189566802865,0.0},fitness=net.sf.jclec.fitness.SimpleValueFitness@5f150435[value=273.3089463041214]]
Average fitness = 273.3089463041214
Fitness variance = 0.0
Generation 210 Report
Best individual: net.sf.jclec.realarray.RealArrayIndividual@1c53fd30[genotype={0.0,4.024546545252679,0.0,0.0,5.050286566254181,0.0,5.12,3.809486383110307,2.151452212607315,1.0081345255961962,0.024216092626044294,2.1379800431479605,0.0,2.9731288491810934,0.0,1.9715292894259517,0.0,1.2896949602994594,1.2368957776063931,1.846084141259643,1.470761933725382,1.1355308359267364,1.6582985616543091,2.848821394877054,1.8651602408828873,1.4944240108125875,0.0,1.0682067855521704,4.266189566802865,0.0},fitness=net.sf.jclec.fitness.SimpleValueFitness@75412c2f[value=273.3089463041214]]
Worst individual: net.sf.jclec.realarray.RealArrayIndividual@1c53fd30[genotype={0.0,4.024546545252679,0.0,0.0,5.050286566254181,0.0,5.12,3.809486383110307,2.151452212607315,1.0081345255961962,0.024216092626044294,2.1379800431479605,0.0,2.9731288491810934,0.0,1.9715292894259517,0.0,1.2896949602994594,1.2368957776063931,1.846084141259643,1.470761933725382,1.1355308359267364,1.6582985616543091,2.848821394877054,1.8651602408828873,1.4944240108125875,0.0,1.0682067855521704,4.266189566802865,0.0},fitness=net.sf.jclec.fitness.SimpleValueFitness@75412c2f[value=273.3089463041214]]
Median individual: net.sf.jclec.realarray.RealArrayIndividual@1c53fd30[genotype={0.0,4.024546545252679,0.0,0.0,5.050286566254181,0.0,5.12,3.809486383110307,2.151452212607315,1.0081345255961962,0.024216092626044294,2.1379800431479605,0.0,2.9731288491810934,0.0,1.9715292894259517,0.0,1.2896949602994594,1.2368957776063931,1.846084141259643,1.470761933725382,1.1355308359267364,1.6582985616543091,2.848821394877054,1.8651602408828873,1.4944240108125875,0.0,1.0682067855521704,4.266189566802865,0.0},fitness=net.sf.jclec.fitness.SimpleValueFitness@75412c2f[value=273.3089463041214]]
Average fitness = 273.3089463041214
Fitness variance = 0.0
Generation 220 Report
Best individual: net.sf.jclec.realarray.RealArrayIndividual@282ba1e[genotype={0.0,4.024546545252679,0.0,0.0,5.050286566254181,0.0,5.12,3.809486383110307,2.151452212607315,1.0081345255961962,0.024216092626044294,2.1379800431479605,0.0,2.9731288491810934,0.0,1.9715292894259517,0.0,1.2896949602994594,1.2368957776063931,1.846084141259643,1.470761933725382,1.1355308359267364,1.6582985616543091,2.848821394877054,1.8651602408828873,1.4944240108125875,0.0,1.0682067855521704,4.266189566802865,0.0},fitness=net.sf.jclec.fitness.SimpleValueFitness@f5f2bb7[value=273.3089463041214]]
Worst individual: net.sf.jclec.realarray.RealArrayIndividual@282ba1e[genotype={0.0,4.024546545252679,0.0,0.0,5.050286566254181,0.0,5.12,3.809486383110307,2.151452212607315,1.0081345255961962,0.024216092626044294,2.1379800431479605,0.0,2.9731288491810934,0.0,1.9715292894259517,0.0,1.2896949602994594,1.2368957776063931,1.846084141259643,1.470761933725382,1.1355308359267364,1.6582985616543091,2.848821394877054,1.8651602408828873,1.4944240108125875,0.0,1.0682067855521704,4.266189566802865,0.0},fitness=net.sf.jclec.fitness.SimpleValueFitness@f5f2bb7[value=273.3089463041214]]
Median individual: net.sf.jclec.realarray.RealArrayIndividual@282ba1e[genotype={0.0,4.024546545252679,0.0,0.0,5.050286566254181,0.0,5.12,3.809486383110307,2.151452212607315,1.0081345255961962,0.024216092626044294,2.1379800431479605,0.0,2.9731288491810934,0.0,1.9715292894259517,0.0,1.2896949602994594,1.2368957776063931,1.846084141259643,1.470761933725382,1.1355308359267364,1.6582985616543091,2.848821394877054,1.8651602408828873,1.4944240108125875,0.0,1.0682067855521704,4.266189566802865,0.0},fitness=net.sf.jclec.fitness.SimpleValueFitness@f5f2bb7[value=273.3089463041214]]
Average fitness = 273.3089463041214
Fitness variance = 0.0
Generation 230 Report
Best individual: net.sf.jclec.realarray.RealArrayIndividual@73035e27[genotype={0.0,4.024546545252679,0.0,0.0,5.050286566254181,0.0,5.12,3.809486383110307,2.151452212607315,1.0081345255961962,0.024216092626044294,2.1379800431479605,0.0,2.9731288491810934,0.0,1.9715292894259517,0.0,1.2896949602994594,1.2368957776063931,1.846084141259643,1.470761933725382,1.1355308359267364,1.6582985616543091,2.848821394877054,1.8651602408828873,1.4944240108125875,0.0,1.0682067855521704,4.266189566802865,0.0},fitness=net.sf.jclec.fitness.SimpleValueFitness@3ecf72fd[value=273.3089463041214]]
Worst individual: net.sf.jclec.realarray.RealArrayIndividual@73035e27[genotype={0.0,4.024546545252679,0.0,0.0,5.050286566254181,0.0,5.12,3.809486383110307,2.151452212607315,1.0081345255961962,0.024216092626044294,2.1379800431479605,0.0,2.9731288491810934,0.0,1.9715292894259517,0.0,1.2896949602994594,1.2368957776063931,1.846084141259643,1.470761933725382,1.1355308359267364,1.6582985616543091,2.848821394877054,1.8651602408828873,1.4944240108125875,0.0,1.0682067855521704,4.266189566802865,0.0},fitness=net.sf.jclec.fitness.SimpleValueFitness@3ecf72fd[value=273.3089463041214]]
Median individual: net.sf.jclec.realarray.RealArrayIndividual@73035e27[genotype={0.0,4.024546545252679,0.0,0.0,5.050286566254181,0.0,5.12,3.809486383110307,2.151452212607315,1.0081345255961962,0.024216092626044294,2.1379800431479605,0.0,2.9731288491810934,0.0,1.9715292894259517,0.0,1.2896949602994594,1.2368957776063931,1.846084141259643,1.470761933725382,1.1355308359267364,1.6582985616543091,2.848821394877054,1.8651602408828873,1.4944240108125875,0.0,1.0682067855521704,4.266189566802865,0.0},fitness=net.sf.jclec.fitness.SimpleValueFitness@3ecf72fd[value=273.3089463041214]]
Average fitness = 273.3089463041214
Fitness variance = 0.0
Generation 240 Report
Best individual: net.sf.jclec.realarray.RealArrayIndividual@483bf400[genotype={0.0,4.024546545252679,0.0,0.0,5.050286566254181,0.0,5.12,3.809486383110307,2.151452212607315,1.0081345255961962,0.024216092626044294,2.1379800431479605,0.0,2.9731288491810934,0.0,1.9715292894259517,0.0,1.2896949602994594,1.2368957776063931,1.846084141259643,1.470761933725382,1.1355308359267364,1.6582985616543091,2.848821394877054,1.8651602408828873,1.4944240108125875,0.0,1.0682067855521704,4.266189566802865,0.0},fitness=net.sf.jclec.fitness.SimpleValueFitness@77f03bb1[value=273.3089463041214]]
Worst individual: net.sf.jclec.realarray.RealArrayIndividual@483bf400[genotype={0.0,4.024546545252679,0.0,0.0,5.050286566254181,0.0,5.12,3.809486383110307,2.151452212607315,1.0081345255961962,0.024216092626044294,2.1379800431479605,0.0,2.9731288491810934,0.0,1.9715292894259517,0.0,1.2896949602994594,1.2368957776063931,1.846084141259643,1.470761933725382,1.1355308359267364,1.6582985616543091,2.848821394877054,1.8651602408828873,1.4944240108125875,0.0,1.0682067855521704,4.266189566802865,0.0},fitness=net.sf.jclec.fitness.SimpleValueFitness@77f03bb1[value=273.3089463041214]]
Median individual: net.sf.jclec.realarray.RealArrayIndividual@483bf400[genotype={0.0,4.024546545252679,0.0,0.0,5.050286566254181,0.0,5.12,3.809486383110307,2.151452212607315,1.0081345255961962,0.024216092626044294,2.1379800431479605,0.0,2.9731288491810934,0.0,1.9715292894259517,0.0,1.2896949602994594,1.2368957776063931,1.846084141259643,1.470761933725382,1.1355308359267364,1.6582985616543091,2.848821394877054,1.8651602408828873,1.4944240108125875,0.0,1.0682067855521704,4.266189566802865,0.0},fitness=net.sf.jclec.fitness.SimpleValueFitness@77f03bb1[value=273.3089463041214]]
Average fitness = 273.3089463041214
Fitness variance = 0.0
Generation 250 Report
Best individual: net.sf.jclec.realarray.RealArrayIndividual@326de728[genotype={0.0,4.024546545252679,0.0,0.0,5.050286566254181,0.0,5.12,3.809486383110307,2.151452212607315,1.0081345255961962,0.024216092626044294,2.1379800431479605,0.0,2.9731288491810934,0.0,1.9715292894259517,0.0,1.2896949602994594,1.2368957776063931,1.846084141259643,1.470761933725382,1.1355308359267364,1.6582985616543091,2.848821394877054,1.8651602408828873,1.4944240108125875,0.0,1.0682067855521704,4.266189566802865,0.0},fitness=net.sf.jclec.fitness.SimpleValueFitness@7a92922[value=273.3089463041214]]
Worst individual: net.sf.jclec.realarray.RealArrayIndividual@326de728[genotype={0.0,4.024546545252679,0.0,0.0,5.050286566254181,0.0,5.12,3.809486383110307,2.151452212607315,1.0081345255961962,0.024216092626044294,2.1379800431479605,0.0,2.9731288491810934,0.0,1.9715292894259517,0.0,1.2896949602994594,1.2368957776063931,1.846084141259643,1.470761933725382,1.1355308359267364,1.6582985616543091,2.848821394877054,1.8651602408828873,1.4944240108125875,0.0,1.0682067855521704,4.266189566802865,0.0},fitness=net.sf.jclec.fitness.SimpleValueFitness@7a92922[value=273.3089463041214]]
Median individual: net.sf.jclec.realarray.RealArrayIndividual@326de728[genotype={0.0,4.024546545252679,0.0,0.0,5.050286566254181,0.0,5.12,3.809486383110307,2.151452212607315,1.0081345255961962,0.024216092626044294,2.1379800431479605,0.0,2.9731288491810934,0.0,1.9715292894259517,0.0,1.2896949602994594,1.2368957776063931,1.846084141259643,1.470761933725382,1.1355308359267364,1.6582985616543091,2.848821394877054,1.8651602408828873,1.4944240108125875,0.0,1.0682067855521704,4.266189566802865,0.0},fitness=net.sf.jclec.fitness.SimpleValueFitness@7a92922[value=273.3089463041214]]
Average fitness = 273.3089463041214
Fitness variance = 0.0
Generation 260 Report
Best individual: net.sf.jclec.realarray.RealArrayIndividual@71f2a7d5[genotype={0.0,4.024546545252679,0.0,0.0,5.050286566254181,0.0,5.12,3.809486383110307,2.151452212607315,1.0081345255961962,0.024216092626044294,2.1379800431479605,0.0,2.9731288491810934,0.0,1.9715292894259517,0.0,1.2896949602994594,1.2368957776063931,1.846084141259643,1.470761933725382,1.1355308359267364,1.6582985616543091,2.848821394877054,1.8651602408828873,1.4944240108125875,0.0,1.0682067855521704,4.266189566802865,0.0},fitness=net.sf.jclec.fitness.SimpleValueFitness@5474c6c[value=273.3089463041214]]
Worst individual: net.sf.jclec.realarray.RealArrayIndividual@71f2a7d5[genotype={0.0,4.024546545252679,0.0,0.0,5.050286566254181,0.0,5.12,3.809486383110307,2.151452212607315,1.0081345255961962,0.024216092626044294,2.1379800431479605,0.0,2.9731288491810934,0.0,1.9715292894259517,0.0,1.2896949602994594,1.2368957776063931,1.846084141259643,1.470761933725382,1.1355308359267364,1.6582985616543091,2.848821394877054,1.8651602408828873,1.4944240108125875,0.0,1.0682067855521704,4.266189566802865,0.0},fitness=net.sf.jclec.fitness.SimpleValueFitness@5474c6c[value=273.3089463041214]]
Median individual: net.sf.jclec.realarray.RealArrayIndividual@71f2a7d5[genotype={0.0,4.024546545252679,0.0,0.0,5.050286566254181,0.0,5.12,3.809486383110307,2.151452212607315,1.0081345255961962,0.024216092626044294,2.1379800431479605,0.0,2.9731288491810934,0.0,1.9715292894259517,0.0,1.2896949602994594,1.2368957776063931,1.846084141259643,1.470761933725382,1.1355308359267364,1.6582985616543091,2.848821394877054,1.8651602408828873,1.4944240108125875,0.0,1.0682067855521704,4.266189566802865,0.0},fitness=net.sf.jclec.fitness.SimpleValueFitness@5474c6c[value=273.3089463041214]]
Average fitness = 273.3089463041214
Fitness variance = 0.0
Generation 270 Report
Best individual: net.sf.jclec.realarray.RealArrayIndividual@4b6995df[genotype={0.0,4.024546545252679,0.0,0.0,5.050286566254181,0.0,5.12,3.809486383110307,2.151452212607315,1.0081345255961962,0.024216092626044294,2.1379800431479605,0.0,2.9731288491810934,0.0,1.9715292894259517,0.0,1.2896949602994594,1.2368957776063931,1.846084141259643,1.470761933725382,1.1355308359267364,1.6582985616543091,2.848821394877054,1.8651602408828873,1.4944240108125875,0.0,1.0682067855521704,4.266189566802865,0.0},fitness=net.sf.jclec.fitness.SimpleValueFitness@591f989e[value=273.3089463041214]]
Worst individual: net.sf.jclec.realarray.RealArrayIndividual@4b6995df[genotype={0.0,4.024546545252679,0.0,0.0,5.050286566254181,0.0,5.12,3.809486383110307,2.151452212607315,1.0081345255961962,0.024216092626044294,2.1379800431479605,0.0,2.9731288491810934,0.0,1.9715292894259517,0.0,1.2896949602994594,1.2368957776063931,1.846084141259643,1.470761933725382,1.1355308359267364,1.6582985616543091,2.848821394877054,1.8651602408828873,1.4944240108125875,0.0,1.0682067855521704,4.266189566802865,0.0},fitness=net.sf.jclec.fitness.SimpleValueFitness@591f989e[value=273.3089463041214]]
Median individual: net.sf.jclec.realarray.RealArrayIndividual@4b6995df[genotype={0.0,4.024546545252679,0.0,0.0,5.050286566254181,0.0,5.12,3.809486383110307,2.151452212607315,1.0081345255961962,0.024216092626044294,2.1379800431479605,0.0,2.9731288491810934,0.0,1.9715292894259517,0.0,1.2896949602994594,1.2368957776063931,1.846084141259643,1.470761933725382,1.1355308359267364,1.6582985616543091,2.848821394877054,1.8651602408828873,1.4944240108125875,0.0,1.0682067855521704,4.266189566802865,0.0},fitness=net.sf.jclec.fitness.SimpleValueFitness@591f989e[value=273.3089463041214]]
Average fitness = 273.3089463041214
Fitness variance = 0.0
Generation 280 Report
Best individual: net.sf.jclec.realarray.RealArrayIndividual@66048bfd[genotype={0.0,4.024546545252679,0.0,0.0,5.050286566254181,0.0,5.12,3.809486383110307,2.151452212607315,1.0081345255961962,0.024216092626044294,2.1379800431479605,0.0,2.9731288491810934,0.0,1.9715292894259517,0.0,1.2896949602994594,1.2368957776063931,1.846084141259643,1.470761933725382,1.1355308359267364,1.6582985616543091,2.848821394877054,1.8651602408828873,1.4944240108125875,0.0,1.0682067855521704,4.266189566802865,0.0},fitness=net.sf.jclec.fitness.SimpleValueFitness@445b84c0[value=273.3089463041214]]
Worst individual: net.sf.jclec.realarray.RealArrayIndividual@66048bfd[genotype={0.0,4.024546545252679,0.0,0.0,5.050286566254181,0.0,5.12,3.809486383110307,2.151452212607315,1.0081345255961962,0.024216092626044294,2.1379800431479605,0.0,2.9731288491810934,0.0,1.9715292894259517,0.0,1.2896949602994594,1.2368957776063931,1.846084141259643,1.470761933725382,1.1355308359267364,1.6582985616543091,2.848821394877054,1.8651602408828873,1.4944240108125875,0.0,1.0682067855521704,4.266189566802865,0.0},fitness=net.sf.jclec.fitness.SimpleValueFitness@445b84c0[value=273.3089463041214]]
Median individual: net.sf.jclec.realarray.RealArrayIndividual@66048bfd[genotype={0.0,4.024546545252679,0.0,0.0,5.050286566254181,0.0,5.12,3.809486383110307,2.151452212607315,1.0081345255961962,0.024216092626044294,2.1379800431479605,0.0,2.9731288491810934,0.0,1.9715292894259517,0.0,1.2896949602994594,1.2368957776063931,1.846084141259643,1.470761933725382,1.1355308359267364,1.6582985616543091,2.848821394877054,1.8651602408828873,1.4944240108125875,0.0,1.0682067855521704,4.266189566802865,0.0},fitness=net.sf.jclec.fitness.SimpleValueFitness@445b84c0[value=273.3089463041214]]
Average fitness = 273.3089463041214
Fitness variance = 0.0
Generation 290 Report
Best individual: net.sf.jclec.realarray.RealArrayIndividual@61a52fbd[genotype={0.0,4.024546545252679,0.0,0.0,5.050286566254181,0.0,5.12,3.809486383110307,2.151452212607315,1.0081345255961962,0.024216092626044294,2.1379800431479605,0.0,2.9731288491810934,0.0,1.9715292894259517,0.0,1.2896949602994594,1.2368957776063931,1.846084141259643,1.470761933725382,1.1355308359267364,1.6582985616543091,2.848821394877054,1.8651602408828873,1.4944240108125875,0.0,1.0682067855521704,4.266189566802865,0.0},fitness=net.sf.jclec.fitness.SimpleValueFitness@63d4e2ba[value=273.3089463041214]]
Worst individual: net.sf.jclec.realarray.RealArrayIndividual@61a52fbd[genotype={0.0,4.024546545252679,0.0,0.0,5.050286566254181,0.0,5.12,3.809486383110307,2.151452212607315,1.0081345255961962,0.024216092626044294,2.1379800431479605,0.0,2.9731288491810934,0.0,1.9715292894259517,0.0,1.2896949602994594,1.2368957776063931,1.846084141259643,1.470761933725382,1.1355308359267364,1.6582985616543091,2.848821394877054,1.8651602408828873,1.4944240108125875,0.0,1.0682067855521704,4.266189566802865,0.0},fitness=net.sf.jclec.fitness.SimpleValueFitness@63d4e2ba[value=273.3089463041214]]
Median individual: net.sf.jclec.realarray.RealArrayIndividual@61a52fbd[genotype={0.0,4.024546545252679,0.0,0.0,5.050286566254181,0.0,5.12,3.809486383110307,2.151452212607315,1.0081345255961962,0.024216092626044294,2.1379800431479605,0.0,2.9731288491810934,0.0,1.9715292894259517,0.0,1.2896949602994594,1.2368957776063931,1.846084141259643,1.470761933725382,1.1355308359267364,1.6582985616543091,2.848821394877054,1.8651602408828873,1.4944240108125875,0.0,1.0682067855521704,4.266189566802865,0.0},fitness=net.sf.jclec.fitness.SimpleValueFitness@63d4e2ba[value=273.3089463041214]]
Average fitness = 273.3089463041214
Fitness variance = 0.0
Generation 300 Report
Best individual: net.sf.jclec.realarray.RealArrayIndividual@7bb11784[genotype={0.0,4.024546545252679,0.0,0.0,5.050286566254181,0.0,5.12,3.809486383110307,2.151452212607315,1.0081345255961962,0.024216092626044294,2.1379800431479605,0.0,2.9731288491810934,0.0,1.9715292894259517,0.0,1.2896949602994594,1.2368957776063931,1.846084141259643,1.470761933725382,1.1355308359267364,1.6582985616543091,2.848821394877054,1.8651602408828873,1.4944240108125875,0.0,1.0682067855521704,4.266189566802865,0.0},fitness=net.sf.jclec.fitness.SimpleValueFitness@7006c658[value=273.3089463041214]]
Worst individual: net.sf.jclec.realarray.RealArrayIndividual@7bb11784[genotype={0.0,4.024546545252679,0.0,0.0,5.050286566254181,0.0,5.12,3.809486383110307,2.151452212607315,1.0081345255961962,0.024216092626044294,2.1379800431479605,0.0,2.9731288491810934,0.0,1.9715292894259517,0.0,1.2896949602994594,1.2368957776063931,1.846084141259643,1.470761933725382,1.1355308359267364,1.6582985616543091,2.848821394877054,1.8651602408828873,1.4944240108125875,0.0,1.0682067855521704,4.266189566802865,0.0},fitness=net.sf.jclec.fitness.SimpleValueFitness@7006c658[value=273.3089463041214]]
Median individual: net.sf.jclec.realarray.RealArrayIndividual@7bb11784[genotype={0.0,4.024546545252679,0.0,0.0,5.050286566254181,0.0,5.12,3.809486383110307,2.151452212607315,1.0081345255961962,0.024216092626044294,2.1379800431479605,0.0,2.9731288491810934,0.0,1.9715292894259517,0.0,1.2896949602994594,1.2368957776063931,1.846084141259643,1.470761933725382,1.1355308359267364,1.6582985616543091,2.848821394877054,1.8651602408828873,1.4944240108125875,0.0,1.0682067855521704,4.266189566802865,0.0},fitness=net.sf.jclec.fitness.SimpleValueFitness@7006c658[value=273.3089463041214]]
Average fitness = 273.3089463041214
Fitness variance = 0.0
Generation 310 Report
Best individual: net.sf.jclec.realarray.RealArrayIndividual@34033bd0[genotype={0.0,4.024546545252679,0.0,0.0,5.050286566254181,0.0,5.12,3.809486383110307,2.151452212607315,1.0081345255961962,0.024216092626044294,2.1379800431479605,0.0,2.9731288491810934,0.0,1.9715292894259517,0.0,1.2896949602994594,1.2368957776063931,1.846084141259643,1.470761933725382,1.1355308359267364,1.6582985616543091,2.848821394877054,1.8651602408828873,1.4944240108125875,0.0,1.0682067855521704,4.266189566802865,0.0},fitness=net.sf.jclec.fitness.SimpleValueFitness@7cdbc5d3[value=273.3089463041214]]
Worst individual: net.sf.jclec.realarray.RealArrayIndividual@34033bd0[genotype={0.0,4.024546545252679,0.0,0.0,5.050286566254181,0.0,5.12,3.809486383110307,2.151452212607315,1.0081345255961962,0.024216092626044294,2.1379800431479605,0.0,2.9731288491810934,0.0,1.9715292894259517,0.0,1.2896949602994594,1.2368957776063931,1.846084141259643,1.470761933725382,1.1355308359267364,1.6582985616543091,2.848821394877054,1.8651602408828873,1.4944240108125875,0.0,1.0682067855521704,4.266189566802865,0.0},fitness=net.sf.jclec.fitness.SimpleValueFitness@7cdbc5d3[value=273.3089463041214]]
Median individual: net.sf.jclec.realarray.RealArrayIndividual@34033bd0[genotype={0.0,4.024546545252679,0.0,0.0,5.050286566254181,0.0,5.12,3.809486383110307,2.151452212607315,1.0081345255961962,0.024216092626044294,2.1379800431479605,0.0,2.9731288491810934,0.0,1.9715292894259517,0.0,1.2896949602994594,1.2368957776063931,1.846084141259643,1.470761933725382,1.1355308359267364,1.6582985616543091,2.848821394877054,1.8651602408828873,1.4944240108125875,0.0,1.0682067855521704,4.266189566802865,0.0},fitness=net.sf.jclec.fitness.SimpleValueFitness@7cdbc5d3[value=273.3089463041214]]
Average fitness = 273.3089463041214
Fitness variance = 0.0
Generation 320 Report
Best individual: net.sf.jclec.realarray.RealArrayIndividual@3aa9e816[genotype={0.0,4.024546545252679,0.0,0.0,5.050286566254181,0.0,5.12,3.809486383110307,2.151452212607315,1.0081345255961962,0.024216092626044294,2.1379800431479605,0.0,2.9731288491810934,0.0,1.9715292894259517,0.0,1.2896949602994594,1.2368957776063931,1.846084141259643,1.470761933725382,1.1355308359267364,1.6582985616543091,2.848821394877054,1.8651602408828873,1.4944240108125875,0.0,1.0682067855521704,4.266189566802865,0.0},fitness=net.sf.jclec.fitness.SimpleValueFitness@3834d63f[value=273.3089463041214]]
Worst individual: net.sf.jclec.realarray.RealArrayIndividual@3aa9e816[genotype={0.0,4.024546545252679,0.0,0.0,5.050286566254181,0.0,5.12,3.809486383110307,2.151452212607315,1.0081345255961962,0.024216092626044294,2.1379800431479605,0.0,2.9731288491810934,0.0,1.9715292894259517,0.0,1.2896949602994594,1.2368957776063931,1.846084141259643,1.470761933725382,1.1355308359267364,1.6582985616543091,2.848821394877054,1.8651602408828873,1.4944240108125875,0.0,1.0682067855521704,4.266189566802865,0.0},fitness=net.sf.jclec.fitness.SimpleValueFitness@3834d63f[value=273.3089463041214]]
Median individual: net.sf.jclec.realarray.RealArrayIndividual@3aa9e816[genotype={0.0,4.024546545252679,0.0,0.0,5.050286566254181,0.0,5.12,3.809486383110307,2.151452212607315,1.0081345255961962,0.024216092626044294,2.1379800431479605,0.0,2.9731288491810934,0.0,1.9715292894259517,0.0,1.2896949602994594,1.2368957776063931,1.846084141259643,1.470761933725382,1.1355308359267364,1.6582985616543091,2.848821394877054,1.8651602408828873,1.4944240108125875,0.0,1.0682067855521704,4.266189566802865,0.0},fitness=net.sf.jclec.fitness.SimpleValueFitness@3834d63f[value=273.3089463041214]]
Average fitness = 273.3089463041214
Fitness variance = 0.0
Generation 330 Report
Best individual: net.sf.jclec.realarray.RealArrayIndividual@1ae369b7[genotype={0.0,4.024546545252679,0.0,0.0,5.050286566254181,0.0,5.12,3.809486383110307,2.151452212607315,1.0081345255961962,0.024216092626044294,2.1379800431479605,0.0,2.9731288491810934,0.0,1.9715292894259517,0.0,1.2896949602994594,1.2368957776063931,1.846084141259643,1.470761933725382,1.1355308359267364,1.6582985616543091,2.848821394877054,1.8651602408828873,1.4944240108125875,0.0,1.0682067855521704,4.266189566802865,0.0},fitness=net.sf.jclec.fitness.SimpleValueFitness@34340fab[value=273.3089463041214]]
Worst individual: net.sf.jclec.realarray.RealArrayIndividual@1ae369b7[genotype={0.0,4.024546545252679,0.0,0.0,5.050286566254181,0.0,5.12,3.809486383110307,2.151452212607315,1.0081345255961962,0.024216092626044294,2.1379800431479605,0.0,2.9731288491810934,0.0,1.9715292894259517,0.0,1.2896949602994594,1.2368957776063931,1.846084141259643,1.470761933725382,1.1355308359267364,1.6582985616543091,2.848821394877054,1.8651602408828873,1.4944240108125875,0.0,1.0682067855521704,4.266189566802865,0.0},fitness=net.sf.jclec.fitness.SimpleValueFitness@34340fab[value=273.3089463041214]]
Median individual: net.sf.jclec.realarray.RealArrayIndividual@1ae369b7[genotype={0.0,4.024546545252679,0.0,0.0,5.050286566254181,0.0,5.12,3.809486383110307,2.151452212607315,1.0081345255961962,0.024216092626044294,2.1379800431479605,0.0,2.9731288491810934,0.0,1.9715292894259517,0.0,1.2896949602994594,1.2368957776063931,1.846084141259643,1.470761933725382,1.1355308359267364,1.6582985616543091,2.848821394877054,1.8651602408828873,1.4944240108125875,0.0,1.0682067855521704,4.266189566802865,0.0},fitness=net.sf.jclec.fitness.SimpleValueFitness@34340fab[value=273.3089463041214]]
Average fitness = 273.3089463041214
Fitness variance = 0.0
Generation 340 Report
Best individual: net.sf.jclec.realarray.RealArrayIndividual@2aafb23c[genotype={0.0,4.024546545252679,0.0,0.0,5.050286566254181,0.0,5.12,3.809486383110307,2.151452212607315,1.0081345255961962,0.024216092626044294,2.1379800431479605,0.0,2.9731288491810934,0.0,1.9715292894259517,0.0,1.2896949602994594,1.2368957776063931,1.846084141259643,1.470761933725382,1.1355308359267364,1.6582985616543091,2.848821394877054,1.8651602408828873,1.4944240108125875,0.0,1.0682067855521704,4.266189566802865,0.0},fitness=net.sf.jclec.fitness.SimpleValueFitness@3ab39c39[value=273.3089463041214]]
Worst individual: net.sf.jclec.realarray.RealArrayIndividual@2aafb23c[genotype={0.0,4.024546545252679,0.0,0.0,5.050286566254181,0.0,5.12,3.809486383110307,2.151452212607315,1.0081345255961962,0.024216092626044294,2.1379800431479605,0.0,2.9731288491810934,0.0,1.9715292894259517,0.0,1.2896949602994594,1.2368957776063931,1.846084141259643,1.470761933725382,1.1355308359267364,1.6582985616543091,2.848821394877054,1.8651602408828873,1.4944240108125875,0.0,1.0682067855521704,4.266189566802865,0.0},fitness=net.sf.jclec.fitness.SimpleValueFitness@3ab39c39[value=273.3089463041214]]
Median individual: net.sf.jclec.realarray.RealArrayIndividual@2aafb23c[genotype={0.0,4.024546545252679,0.0,0.0,5.050286566254181,0.0,5.12,3.809486383110307,2.151452212607315,1.0081345255961962,0.024216092626044294,2.1379800431479605,0.0,2.9731288491810934,0.0,1.9715292894259517,0.0,1.2896949602994594,1.2368957776063931,1.846084141259643,1.470761933725382,1.1355308359267364,1.6582985616543091,2.848821394877054,1.8651602408828873,1.4944240108125875,0.0,1.0682067855521704,4.266189566802865,0.0},fitness=net.sf.jclec.fitness.SimpleValueFitness@3ab39c39[value=273.3089463041214]]
Average fitness = 273.3089463041214
Fitness variance = 0.0
Generation 350 Report
Best individual: net.sf.jclec.realarray.RealArrayIndividual@2eee9593[genotype={0.0,4.024546545252679,0.0,0.0,5.050286566254181,0.0,5.12,3.809486383110307,2.151452212607315,1.0081345255961962,0.024216092626044294,2.1379800431479605,0.0,2.9731288491810934,0.0,1.9715292894259517,0.0,1.2896949602994594,1.2368957776063931,1.846084141259643,1.470761933725382,1.1355308359267364,1.6582985616543091,2.848821394877054,1.8651602408828873,1.4944240108125875,0.0,1.0682067855521704,4.266189566802865,0.0},fitness=net.sf.jclec.fitness.SimpleValueFitness@546a03af[value=273.3089463041214]]
Worst individual: net.sf.jclec.realarray.RealArrayIndividual@2eee9593[genotype={0.0,4.024546545252679,0.0,0.0,5.050286566254181,0.0,5.12,3.809486383110307,2.151452212607315,1.0081345255961962,0.024216092626044294,2.1379800431479605,0.0,2.9731288491810934,0.0,1.9715292894259517,0.0,1.2896949602994594,1.2368957776063931,1.846084141259643,1.470761933725382,1.1355308359267364,1.6582985616543091,2.848821394877054,1.8651602408828873,1.4944240108125875,0.0,1.0682067855521704,4.266189566802865,0.0},fitness=net.sf.jclec.fitness.SimpleValueFitness@546a03af[value=273.3089463041214]]
Median individual: net.sf.jclec.realarray.RealArrayIndividual@2eee9593[genotype={0.0,4.024546545252679,0.0,0.0,5.050286566254181,0.0,5.12,3.809486383110307,2.151452212607315,1.0081345255961962,0.024216092626044294,2.1379800431479605,0.0,2.9731288491810934,0.0,1.9715292894259517,0.0,1.2896949602994594,1.2368957776063931,1.846084141259643,1.470761933725382,1.1355308359267364,1.6582985616543091,2.848821394877054,1.8651602408828873,1.4944240108125875,0.0,1.0682067855521704,4.266189566802865,0.0},fitness=net.sf.jclec.fitness.SimpleValueFitness@546a03af[value=273.3089463041214]]
Average fitness = 273.3089463041214
Fitness variance = 0.0
Generation 360 Report
Best individual: net.sf.jclec.realarray.RealArrayIndividual@721e0f4f[genotype={0.0,2.0263834710477577,0.0,0.0,5.12,0.0,5.12,5.104087205533867,0.9841602420286713,1.0081345255961962,0.024216092626044294,2.0881613402441124,1.089456689001202,2.9731288491810934,0.0,1.9715292894259517,1.4654895620627935,1.955531326210942,1.2368957776063931,2.47124894514924,0.5318369552882969,1.1355308359267364,1.067811440283978,1.2199942019287398,1.8651602408828873,1.9962147589936963,0.0,1.0682067855521704,4.266189566802865,0.0},fitness=net.sf.jclec.fitness.SimpleValueFitness@6ea6d14e[value=255.29843018750051]]
Worst individual: net.sf.jclec.realarray.RealArrayIndividual@721e0f4f[genotype={0.0,2.0263834710477577,0.0,0.0,5.12,0.0,5.12,5.104087205533867,0.9841602420286713,1.0081345255961962,0.024216092626044294,2.0881613402441124,1.089456689001202,2.9731288491810934,0.0,1.9715292894259517,1.4654895620627935,1.955531326210942,1.2368957776063931,2.47124894514924,0.5318369552882969,1.1355308359267364,1.067811440283978,1.2199942019287398,1.8651602408828873,1.9962147589936963,0.0,1.0682067855521704,4.266189566802865,0.0},fitness=net.sf.jclec.fitness.SimpleValueFitness@6ea6d14e[value=255.29843018750051]]
Median individual: net.sf.jclec.realarray.RealArrayIndividual@721e0f4f[genotype={0.0,2.0263834710477577,0.0,0.0,5.12,0.0,5.12,5.104087205533867,0.9841602420286713,1.0081345255961962,0.024216092626044294,2.0881613402441124,1.089456689001202,2.9731288491810934,0.0,1.9715292894259517,1.4654895620627935,1.955531326210942,1.2368957776063931,2.47124894514924,0.5318369552882969,1.1355308359267364,1.067811440283978,1.2199942019287398,1.8651602408828873,1.9962147589936963,0.0,1.0682067855521704,4.266189566802865,0.0},fitness=net.sf.jclec.fitness.SimpleValueFitness@6ea6d14e[value=255.29843018750051]]
Average fitness = 255.29843018750051
Fitness variance = 0.0
Generation 370 Report
Best individual: net.sf.jclec.realarray.RealArrayIndividual@6ad5c04e[genotype={0.0,2.0263834710477577,0.0,0.0,5.12,0.0,5.12,5.104087205533867,0.9841602420286713,1.0081345255961962,0.024216092626044294,2.0881613402441124,1.089456689001202,2.9731288491810934,0.0,1.9715292894259517,1.4654895620627935,1.955531326210942,1.2368957776063931,2.47124894514924,0.5318369552882969,1.1355308359267364,1.067811440283978,1.2199942019287398,1.8651602408828873,1.9962147589936963,0.0,1.0682067855521704,4.266189566802865,0.0},fitness=net.sf.jclec.fitness.SimpleValueFitness@725bef66[value=255.29843018750051]]
Worst individual: net.sf.jclec.realarray.RealArrayIndividual@6ad5c04e[genotype={0.0,2.0263834710477577,0.0,0.0,5.12,0.0,5.12,5.104087205533867,0.9841602420286713,1.0081345255961962,0.024216092626044294,2.0881613402441124,1.089456689001202,2.9731288491810934,0.0,1.9715292894259517,1.4654895620627935,1.955531326210942,1.2368957776063931,2.47124894514924,0.5318369552882969,1.1355308359267364,1.067811440283978,1.2199942019287398,1.8651602408828873,1.9962147589936963,0.0,1.0682067855521704,4.266189566802865,0.0},fitness=net.sf.jclec.fitness.SimpleValueFitness@725bef66[value=255.29843018750051]]
Median individual: net.sf.jclec.realarray.RealArrayIndividual@6ad5c04e[genotype={0.0,2.0263834710477577,0.0,0.0,5.12,0.0,5.12,5.104087205533867,0.9841602420286713,1.0081345255961962,0.024216092626044294,2.0881613402441124,1.089456689001202,2.9731288491810934,0.0,1.9715292894259517,1.4654895620627935,1.955531326210942,1.2368957776063931,2.47124894514924,0.5318369552882969,1.1355308359267364,1.067811440283978,1.2199942019287398,1.8651602408828873,1.9962147589936963,0.0,1.0682067855521704,4.266189566802865,0.0},fitness=net.sf.jclec.fitness.SimpleValueFitness@725bef66[value=255.29843018750051]]
Average fitness = 255.29843018750051
Fitness variance = 0.0
Generation 380 Report
Best individual: net.sf.jclec.realarray.RealArrayIndividual@2aaf7cc2[genotype={0.0,2.0263834710477577,0.0,0.0,5.12,0.0,5.12,5.104087205533867,0.9841602420286713,1.0081345255961962,0.024216092626044294,2.0881613402441124,1.089456689001202,2.9731288491810934,0.0,1.9715292894259517,1.4654895620627935,1.955531326210942,1.2368957776063931,2.47124894514924,0.5318369552882969,1.1355308359267364,1.067811440283978,1.2199942019287398,1.8651602408828873,1.9962147589936963,0.0,1.0682067855521704,4.266189566802865,0.0},fitness=net.sf.jclec.fitness.SimpleValueFitness@1888ff2c[value=255.29843018750051]]
Worst individual: net.sf.jclec.realarray.RealArrayIndividual@2aaf7cc2[genotype={0.0,2.0263834710477577,0.0,0.0,5.12,0.0,5.12,5.104087205533867,0.9841602420286713,1.0081345255961962,0.024216092626044294,2.0881613402441124,1.089456689001202,2.9731288491810934,0.0,1.9715292894259517,1.4654895620627935,1.955531326210942,1.2368957776063931,2.47124894514924,0.5318369552882969,1.1355308359267364,1.067811440283978,1.2199942019287398,1.8651602408828873,1.9962147589936963,0.0,1.0682067855521704,4.266189566802865,0.0},fitness=net.sf.jclec.fitness.SimpleValueFitness@1888ff2c[value=255.29843018750051]]
Median individual: net.sf.jclec.realarray.RealArrayIndividual@2aaf7cc2[genotype={0.0,2.0263834710477577,0.0,0.0,5.12,0.0,5.12,5.104087205533867,0.9841602420286713,1.0081345255961962,0.024216092626044294,2.0881613402441124,1.089456689001202,2.9731288491810934,0.0,1.9715292894259517,1.4654895620627935,1.955531326210942,1.2368957776063931,2.47124894514924,0.5318369552882969,1.1355308359267364,1.067811440283978,1.2199942019287398,1.8651602408828873,1.9962147589936963,0.0,1.0682067855521704,4.266189566802865,0.0},fitness=net.sf.jclec.fitness.SimpleValueFitness@1888ff2c[value=255.29843018750051]]
Average fitness = 255.29843018750051
Fitness variance = 0.0
Generation 390 Report
Best individual: net.sf.jclec.realarray.RealArrayIndividual@35851384[genotype={0.0,2.0263834710477577,0.0,0.0,5.12,0.0,5.12,5.104087205533867,0.9841602420286713,1.0081345255961962,0.024216092626044294,2.0881613402441124,1.089456689001202,2.9731288491810934,0.0,1.9715292894259517,1.4654895620627935,1.955531326210942,1.2368957776063931,2.47124894514924,0.5318369552882969,1.1355308359267364,1.067811440283978,1.2199942019287398,1.8651602408828873,1.9962147589936963,0.0,1.0682067855521704,4.266189566802865,0.0},fitness=net.sf.jclec.fitness.SimpleValueFitness@6adca536[value=255.29843018750051]]
Worst individual: net.sf.jclec.realarray.RealArrayIndividual@35851384[genotype={0.0,2.0263834710477577,0.0,0.0,5.12,0.0,5.12,5.104087205533867,0.9841602420286713,1.0081345255961962,0.024216092626044294,2.0881613402441124,1.089456689001202,2.9731288491810934,0.0,1.9715292894259517,1.4654895620627935,1.955531326210942,1.2368957776063931,2.47124894514924,0.5318369552882969,1.1355308359267364,1.067811440283978,1.2199942019287398,1.8651602408828873,1.9962147589936963,0.0,1.0682067855521704,4.266189566802865,0.0},fitness=net.sf.jclec.fitness.SimpleValueFitness@6adca536[value=255.29843018750051]]
Median individual: net.sf.jclec.realarray.RealArrayIndividual@35851384[genotype={0.0,2.0263834710477577,0.0,0.0,5.12,0.0,5.12,5.104087205533867,0.9841602420286713,1.0081345255961962,0.024216092626044294,2.0881613402441124,1.089456689001202,2.9731288491810934,0.0,1.9715292894259517,1.4654895620627935,1.955531326210942,1.2368957776063931,2.47124894514924,0.5318369552882969,1.1355308359267364,1.067811440283978,1.2199942019287398,1.8651602408828873,1.9962147589936963,0.0,1.0682067855521704,4.266189566802865,0.0},fitness=net.sf.jclec.fitness.SimpleValueFitness@6adca536[value=255.29843018750051]]
Average fitness = 255.29843018750051
Fitness variance = 0.0
Generation 400 Report
Best individual: net.sf.jclec.realarray.RealArrayIndividual@357246de[genotype={0.0,2.0263834710477577,0.0,0.0,5.12,0.0,5.12,5.104087205533867,0.9841602420286713,1.0081345255961962,0.024216092626044294,0.7103749480935981,0.9455788999228665,2.1591878181494373,0.0,1.9715292894259517,0.9696097201131164,2.341178146110917,1.2368957776063931,2.715872516496649,0.5318369552882969,0.0,1.15809466946271,1.2206404341384975,1.8651602408828873,1.9360735017715172,0.0,0.19066210387101923,4.266189566802865,0.0},fitness=net.sf.jclec.fitness.SimpleValueFitness@256216b3[value=254.98891558097148]]
Worst individual: net.sf.jclec.realarray.RealArrayIndividual@357246de[genotype={0.0,2.0263834710477577,0.0,0.0,5.12,0.0,5.12,5.104087205533867,0.9841602420286713,1.0081345255961962,0.024216092626044294,0.7103749480935981,0.9455788999228665,2.1591878181494373,0.0,1.9715292894259517,0.9696097201131164,2.341178146110917,1.2368957776063931,2.715872516496649,0.5318369552882969,0.0,1.15809466946271,1.2206404341384975,1.8651602408828873,1.9360735017715172,0.0,0.19066210387101923,4.266189566802865,0.0},fitness=net.sf.jclec.fitness.SimpleValueFitness@256216b3[value=254.98891558097148]]
Median individual: net.sf.jclec.realarray.RealArrayIndividual@357246de[genotype={0.0,2.0263834710477577,0.0,0.0,5.12,0.0,5.12,5.104087205533867,0.9841602420286713,1.0081345255961962,0.024216092626044294,0.7103749480935981,0.9455788999228665,2.1591878181494373,0.0,1.9715292894259517,0.9696097201131164,2.341178146110917,1.2368957776063931,2.715872516496649,0.5318369552882969,0.0,1.15809466946271,1.2206404341384975,1.8651602408828873,1.9360735017715172,0.0,0.19066210387101923,4.266189566802865,0.0},fitness=net.sf.jclec.fitness.SimpleValueFitness@256216b3[value=254.98891558097148]]
Average fitness = 254.98891558097148
Fitness variance = 0.0
Generation 410 Report
Best individual: net.sf.jclec.realarray.RealArrayIndividual@2a18f23c[genotype={0.0,2.0263834710477577,0.0,0.0,5.12,0.0,5.12,5.104087205533867,0.9841602420286713,1.0081345255961962,0.024216092626044294,0.7103749480935981,0.9455788999228665,2.1591878181494373,0.0,1.9715292894259517,0.9696097201131164,2.341178146110917,1.2368957776063931,2.715872516496649,0.5318369552882969,0.0,1.15809466946271,1.2206404341384975,1.8651602408828873,1.9360735017715172,0.0,0.19066210387101923,4.266189566802865,0.0},fitness=net.sf.jclec.fitness.SimpleValueFitness@16c0663d[value=254.98891558097148]]
Worst individual: net.sf.jclec.realarray.RealArrayIndividual@2a18f23c[genotype={0.0,2.0263834710477577,0.0,0.0,5.12,0.0,5.12,5.104087205533867,0.9841602420286713,1.0081345255961962,0.024216092626044294,0.7103749480935981,0.9455788999228665,2.1591878181494373,0.0,1.9715292894259517,0.9696097201131164,2.341178146110917,1.2368957776063931,2.715872516496649,0.5318369552882969,0.0,1.15809466946271,1.2206404341384975,1.8651602408828873,1.9360735017715172,0.0,0.19066210387101923,4.266189566802865,0.0},fitness=net.sf.jclec.fitness.SimpleValueFitness@16c0663d[value=254.98891558097148]]
Median individual: net.sf.jclec.realarray.RealArrayIndividual@2a18f23c[genotype={0.0,2.0263834710477577,0.0,0.0,5.12,0.0,5.12,5.104087205533867,0.9841602420286713,1.0081345255961962,0.024216092626044294,0.7103749480935981,0.9455788999228665,2.1591878181494373,0.0,1.9715292894259517,0.9696097201131164,2.341178146110917,1.2368957776063931,2.715872516496649,0.5318369552882969,0.0,1.15809466946271,1.2206404341384975,1.8651602408828873,1.9360735017715172,0.0,0.19066210387101923,4.266189566802865,0.0},fitness=net.sf.jclec.fitness.SimpleValueFitness@16c0663d[value=254.98891558097148]]
Average fitness = 254.98891558097148
Fitness variance = 0.0
Generation 420 Report
Best individual: net.sf.jclec.realarray.RealArrayIndividual@23223dd8[genotype={0.0,2.0263834710477577,0.0,0.0,5.12,0.0,5.12,5.104087205533867,0.9841602420286713,1.0081345255961962,0.024216092626044294,0.7103749480935981,0.9455788999228665,2.1591878181494373,0.0,1.9715292894259517,0.9696097201131164,2.341178146110917,1.2368957776063931,2.715872516496649,0.5318369552882969,0.0,1.15809466946271,1.2206404341384975,1.8651602408828873,1.9360735017715172,0.0,0.19066210387101923,4.266189566802865,0.0},fitness=net.sf.jclec.fitness.SimpleValueFitness@1b40d5f0[value=254.98891558097148]]
Worst individual: net.sf.jclec.realarray.RealArrayIndividual@23223dd8[genotype={0.0,2.0263834710477577,0.0,0.0,5.12,0.0,5.12,5.104087205533867,0.9841602420286713,1.0081345255961962,0.024216092626044294,0.7103749480935981,0.9455788999228665,2.1591878181494373,0.0,1.9715292894259517,0.9696097201131164,2.341178146110917,1.2368957776063931,2.715872516496649,0.5318369552882969,0.0,1.15809466946271,1.2206404341384975,1.8651602408828873,1.9360735017715172,0.0,0.19066210387101923,4.266189566802865,0.0},fitness=net.sf.jclec.fitness.SimpleValueFitness@1b40d5f0[value=254.98891558097148]]
Median individual: net.sf.jclec.realarray.RealArrayIndividual@23223dd8[genotype={0.0,2.0263834710477577,0.0,0.0,5.12,0.0,5.12,5.104087205533867,0.9841602420286713,1.0081345255961962,0.024216092626044294,0.7103749480935981,0.9455788999228665,2.1591878181494373,0.0,1.9715292894259517,0.9696097201131164,2.341178146110917,1.2368957776063931,2.715872516496649,0.5318369552882969,0.0,1.15809466946271,1.2206404341384975,1.8651602408828873,1.9360735017715172,0.0,0.19066210387101923,4.266189566802865,0.0},fitness=net.sf.jclec.fitness.SimpleValueFitness@1b40d5f0[value=254.98891558097148]]
Average fitness = 254.98891558097148
Fitness variance = 0.0
Generation 430 Report
Best individual: net.sf.jclec.realarray.RealArrayIndividual@ea4a92b[genotype={0.0,2.0263834710477577,0.0,0.0,5.12,0.0,5.12,5.104087205533867,0.9841602420286713,1.0081345255961962,0.024216092626044294,0.7103749480935981,0.9455788999228665,2.1591878181494373,0.0,1.9715292894259517,0.9696097201131164,2.341178146110917,1.2368957776063931,2.715872516496649,0.5318369552882969,0.0,1.15809466946271,1.2206404341384975,1.8651602408828873,1.9360735017715172,0.0,0.19066210387101923,4.266189566802865,0.0},fitness=net.sf.jclec.fitness.SimpleValueFitness@47f37ef1[value=254.98891558097148]]
Worst individual: net.sf.jclec.realarray.RealArrayIndividual@ea4a92b[genotype={0.0,2.0263834710477577,0.0,0.0,5.12,0.0,5.12,5.104087205533867,0.9841602420286713,1.0081345255961962,0.024216092626044294,0.7103749480935981,0.9455788999228665,2.1591878181494373,0.0,1.9715292894259517,0.9696097201131164,2.341178146110917,1.2368957776063931,2.715872516496649,0.5318369552882969,0.0,1.15809466946271,1.2206404341384975,1.8651602408828873,1.9360735017715172,0.0,0.19066210387101923,4.266189566802865,0.0},fitness=net.sf.jclec.fitness.SimpleValueFitness@47f37ef1[value=254.98891558097148]]
Median individual: net.sf.jclec.realarray.RealArrayIndividual@ea4a92b[genotype={0.0,2.0263834710477577,0.0,0.0,5.12,0.0,5.12,5.104087205533867,0.9841602420286713,1.0081345255961962,0.024216092626044294,0.7103749480935981,0.9455788999228665,2.1591878181494373,0.0,1.9715292894259517,0.9696097201131164,2.341178146110917,1.2368957776063931,2.715872516496649,0.5318369552882969,0.0,1.15809466946271,1.2206404341384975,1.8651602408828873,1.9360735017715172,0.0,0.19066210387101923,4.266189566802865,0.0},fitness=net.sf.jclec.fitness.SimpleValueFitness@47f37ef1[value=254.98891558097148]]
Average fitness = 254.98891558097148
Fitness variance = 0.0
Generation 440 Report
Best individual: net.sf.jclec.realarray.RealArrayIndividual@5a01ccaa[genotype={0.0,2.0263834710477577,0.0,0.0,5.12,0.0,5.12,5.104087205533867,0.9841602420286713,1.0081345255961962,0.024216092626044294,0.7103749480935981,0.9455788999228665,2.1591878181494373,0.0,1.9715292894259517,0.9696097201131164,2.341178146110917,1.2368957776063931,2.715872516496649,0.5318369552882969,0.0,1.15809466946271,1.2206404341384975,1.8651602408828873,1.9360735017715172,0.0,0.19066210387101923,4.266189566802865,0.0},fitness=net.sf.jclec.fitness.SimpleValueFitness@19bb089b[value=254.98891558097148]]
Worst individual: net.sf.jclec.realarray.RealArrayIndividual@5a01ccaa[genotype={0.0,2.0263834710477577,0.0,0.0,5.12,0.0,5.12,5.104087205533867,0.9841602420286713,1.0081345255961962,0.024216092626044294,0.7103749480935981,0.9455788999228665,2.1591878181494373,0.0,1.9715292894259517,0.9696097201131164,2.341178146110917,1.2368957776063931,2.715872516496649,0.5318369552882969,0.0,1.15809466946271,1.2206404341384975,1.8651602408828873,1.9360735017715172,0.0,0.19066210387101923,4.266189566802865,0.0},fitness=net.sf.jclec.fitness.SimpleValueFitness@19bb089b[value=254.98891558097148]]
Median individual: net.sf.jclec.realarray.RealArrayIndividual@5a01ccaa[genotype={0.0,2.0263834710477577,0.0,0.0,5.12,0.0,5.12,5.104087205533867,0.9841602420286713,1.0081345255961962,0.024216092626044294,0.7103749480935981,0.9455788999228665,2.1591878181494373,0.0,1.9715292894259517,0.9696097201131164,2.341178146110917,1.2368957776063931,2.715872516496649,0.5318369552882969,0.0,1.15809466946271,1.2206404341384975,1.8651602408828873,1.9360735017715172,0.0,0.19066210387101923,4.266189566802865,0.0},fitness=net.sf.jclec.fitness.SimpleValueFitness@19bb089b[value=254.98891558097148]]
Average fitness = 254.98891558097148
Fitness variance = 0.0
Generation 450 Report
Best individual: net.sf.jclec.realarray.RealArrayIndividual@4563e9ab[genotype={0.0,2.0263834710477577,0.0,0.0,5.12,0.0,5.12,5.104087205533867,0.9841602420286713,1.0081345255961962,0.024216092626044294,0.7103749480935981,0.9455788999228665,2.1591878181494373,0.0,1.9715292894259517,0.9696097201131164,2.341178146110917,1.2368957776063931,2.715872516496649,0.5318369552882969,0.0,1.15809466946271,1.2206404341384975,1.8651602408828873,1.9360735017715172,0.0,0.19066210387101923,4.266189566802865,0.0},fitness=net.sf.jclec.fitness.SimpleValueFitness@5e025e70[value=254.98891558097148]]
Worst individual: net.sf.jclec.realarray.RealArrayIndividual@4563e9ab[genotype={0.0,2.0263834710477577,0.0,0.0,5.12,0.0,5.12,5.104087205533867,0.9841602420286713,1.0081345255961962,0.024216092626044294,0.7103749480935981,0.9455788999228665,2.1591878181494373,0.0,1.9715292894259517,0.9696097201131164,2.341178146110917,1.2368957776063931,2.715872516496649,0.5318369552882969,0.0,1.15809466946271,1.2206404341384975,1.8651602408828873,1.9360735017715172,0.0,0.19066210387101923,4.266189566802865,0.0},fitness=net.sf.jclec.fitness.SimpleValueFitness@5e025e70[value=254.98891558097148]]
Median individual: net.sf.jclec.realarray.RealArrayIndividual@4563e9ab[genotype={0.0,2.0263834710477577,0.0,0.0,5.12,0.0,5.12,5.104087205533867,0.9841602420286713,1.0081345255961962,0.024216092626044294,0.7103749480935981,0.9455788999228665,2.1591878181494373,0.0,1.9715292894259517,0.9696097201131164,2.341178146110917,1.2368957776063931,2.715872516496649,0.5318369552882969,0.0,1.15809466946271,1.2206404341384975,1.8651602408828873,1.9360735017715172,0.0,0.19066210387101923,4.266189566802865,0.0},fitness=net.sf.jclec.fitness.SimpleValueFitness@5e025e70[value=254.98891558097148]]
Average fitness = 254.98891558097148
Fitness variance = 0.0
Generation 460 Report
Best individual: net.sf.jclec.realarray.RealArrayIndividual@1fbc7afb[genotype={0.0,2.0263834710477577,0.0,0.0,5.12,0.0,5.12,5.104087205533867,0.9841602420286713,1.0081345255961962,0.024216092626044294,0.7103749480935981,0.9455788999228665,2.1591878181494373,0.0,1.9715292894259517,0.9696097201131164,2.341178146110917,1.2368957776063931,2.715872516496649,0.5318369552882969,0.0,1.15809466946271,1.2206404341384975,1.8651602408828873,1.9360735017715172,0.0,0.19066210387101923,4.266189566802865,0.0},fitness=net.sf.jclec.fitness.SimpleValueFitness@4cdbe50f[value=254.98891558097148]]
Worst individual: net.sf.jclec.realarray.RealArrayIndividual@1fbc7afb[genotype={0.0,2.0263834710477577,0.0,0.0,5.12,0.0,5.12,5.104087205533867,0.9841602420286713,1.0081345255961962,0.024216092626044294,0.7103749480935981,0.9455788999228665,2.1591878181494373,0.0,1.9715292894259517,0.9696097201131164,2.341178146110917,1.2368957776063931,2.715872516496649,0.5318369552882969,0.0,1.15809466946271,1.2206404341384975,1.8651602408828873,1.9360735017715172,0.0,0.19066210387101923,4.266189566802865,0.0},fitness=net.sf.jclec.fitness.SimpleValueFitness@4cdbe50f[value=254.98891558097148]]
Median individual: net.sf.jclec.realarray.RealArrayIndividual@1fbc7afb[genotype={0.0,2.0263834710477577,0.0,0.0,5.12,0.0,5.12,5.104087205533867,0.9841602420286713,1.0081345255961962,0.024216092626044294,0.7103749480935981,0.9455788999228665,2.1591878181494373,0.0,1.9715292894259517,0.9696097201131164,2.341178146110917,1.2368957776063931,2.715872516496649,0.5318369552882969,0.0,1.15809466946271,1.2206404341384975,1.8651602408828873,1.9360735017715172,0.0,0.19066210387101923,4.266189566802865,0.0},fitness=net.sf.jclec.fitness.SimpleValueFitness@4cdbe50f[value=254.98891558097148]]
Average fitness = 254.98891558097148
Fitness variance = 0.0
Generation 470 Report
Best individual: net.sf.jclec.realarray.RealArrayIndividual@66d33a[genotype={0.0,2.0263834710477577,0.0,0.0,5.12,0.0,5.12,5.104087205533867,0.9841602420286713,1.0081345255961962,0.024216092626044294,0.7103749480935981,0.9455788999228665,2.1591878181494373,0.0,1.9715292894259517,0.9696097201131164,2.341178146110917,1.2368957776063931,2.715872516496649,0.5318369552882969,0.0,1.15809466946271,1.2206404341384975,1.8651602408828873,1.9360735017715172,0.0,0.19066210387101923,4.266189566802865,0.0},fitness=net.sf.jclec.fitness.SimpleValueFitness@7e0babb1[value=254.98891558097148]]
Worst individual: net.sf.jclec.realarray.RealArrayIndividual@66d33a[genotype={0.0,2.0263834710477577,0.0,0.0,5.12,0.0,5.12,5.104087205533867,0.9841602420286713,1.0081345255961962,0.024216092626044294,0.7103749480935981,0.9455788999228665,2.1591878181494373,0.0,1.9715292894259517,0.9696097201131164,2.341178146110917,1.2368957776063931,2.715872516496649,0.5318369552882969,0.0,1.15809466946271,1.2206404341384975,1.8651602408828873,1.9360735017715172,0.0,0.19066210387101923,4.266189566802865,0.0},fitness=net.sf.jclec.fitness.SimpleValueFitness@7e0babb1[value=254.98891558097148]]
Median individual: net.sf.jclec.realarray.RealArrayIndividual@66d33a[genotype={0.0,2.0263834710477577,0.0,0.0,5.12,0.0,5.12,5.104087205533867,0.9841602420286713,1.0081345255961962,0.024216092626044294,0.7103749480935981,0.9455788999228665,2.1591878181494373,0.0,1.9715292894259517,0.9696097201131164,2.341178146110917,1.2368957776063931,2.715872516496649,0.5318369552882969,0.0,1.15809466946271,1.2206404341384975,1.8651602408828873,1.9360735017715172,0.0,0.19066210387101923,4.266189566802865,0.0},fitness=net.sf.jclec.fitness.SimpleValueFitness@7e0babb1[value=254.98891558097148]]
Average fitness = 254.98891558097148
Fitness variance = 0.0
Generation 480 Report
Best individual: net.sf.jclec.realarray.RealArrayIndividual@6debcae2[genotype={0.0,2.0263834710477577,0.0,0.0,5.12,0.0,5.12,5.104087205533867,0.9841602420286713,1.0081345255961962,0.024216092626044294,0.7103749480935981,0.9455788999228665,2.1591878181494373,0.0,1.9715292894259517,0.9696097201131164,2.341178146110917,1.2368957776063931,2.715872516496649,0.5318369552882969,0.0,1.15809466946271,1.2206404341384975,1.8651602408828873,1.9360735017715172,0.0,0.19066210387101923,4.266189566802865,0.0},fitness=net.sf.jclec.fitness.SimpleValueFitness@2ff4f00f[value=254.98891558097148]]
Worst individual: net.sf.jclec.realarray.RealArrayIndividual@6debcae2[genotype={0.0,2.0263834710477577,0.0,0.0,5.12,0.0,5.12,5.104087205533867,0.9841602420286713,1.0081345255961962,0.024216092626044294,0.7103749480935981,0.9455788999228665,2.1591878181494373,0.0,1.9715292894259517,0.9696097201131164,2.341178146110917,1.2368957776063931,2.715872516496649,0.5318369552882969,0.0,1.15809466946271,1.2206404341384975,1.8651602408828873,1.9360735017715172,0.0,0.19066210387101923,4.266189566802865,0.0},fitness=net.sf.jclec.fitness.SimpleValueFitness@2ff4f00f[value=254.98891558097148]]
Median individual: net.sf.jclec.realarray.RealArrayIndividual@6debcae2[genotype={0.0,2.0263834710477577,0.0,0.0,5.12,0.0,5.12,5.104087205533867,0.9841602420286713,1.0081345255961962,0.024216092626044294,0.7103749480935981,0.9455788999228665,2.1591878181494373,0.0,1.9715292894259517,0.9696097201131164,2.341178146110917,1.2368957776063931,2.715872516496649,0.5318369552882969,0.0,1.15809466946271,1.2206404341384975,1.8651602408828873,1.9360735017715172,0.0,0.19066210387101923,4.266189566802865,0.0},fitness=net.sf.jclec.fitness.SimpleValueFitness@2ff4f00f[value=254.98891558097148]]
Average fitness = 254.98891558097148
Fitness variance = 0.0
Generation 490 Report
Best individual: net.sf.jclec.realarray.RealArrayIndividual@c818063[genotype={0.0,2.0263834710477577,0.0,0.0,5.12,0.0,5.12,5.104087205533867,0.9841602420286713,1.0081345255961962,0.024216092626044294,0.7103749480935981,0.9455788999228665,2.1591878181494373,0.0,1.9715292894259517,0.9696097201131164,2.341178146110917,1.2368957776063931,2.715872516496649,0.5318369552882969,0.0,1.15809466946271,1.2206404341384975,1.8651602408828873,1.9360735017715172,0.0,0.19066210387101923,4.266189566802865,0.0},fitness=net.sf.jclec.fitness.SimpleValueFitness@75bd9247[value=254.98891558097148]]
Worst individual: net.sf.jclec.realarray.RealArrayIndividual@c818063[genotype={0.0,2.0263834710477577,0.0,0.0,5.12,0.0,5.12,5.104087205533867,0.9841602420286713,1.0081345255961962,0.024216092626044294,0.7103749480935981,0.9455788999228665,2.1591878181494373,0.0,1.9715292894259517,0.9696097201131164,2.341178146110917,1.2368957776063931,2.715872516496649,0.5318369552882969,0.0,1.15809466946271,1.2206404341384975,1.8651602408828873,1.9360735017715172,0.0,0.19066210387101923,4.266189566802865,0.0},fitness=net.sf.jclec.fitness.SimpleValueFitness@75bd9247[value=254.98891558097148]]
Median individual: net.sf.jclec.realarray.RealArrayIndividual@c818063[genotype={0.0,2.0263834710477577,0.0,0.0,5.12,0.0,5.12,5.104087205533867,0.9841602420286713,1.0081345255961962,0.024216092626044294,0.7103749480935981,0.9455788999228665,2.1591878181494373,0.0,1.9715292894259517,0.9696097201131164,2.341178146110917,1.2368957776063931,2.715872516496649,0.5318369552882969,0.0,1.15809466946271,1.2206404341384975,1.8651602408828873,1.9360735017715172,0.0,0.19066210387101923,4.266189566802865,0.0},fitness=net.sf.jclec.fitness.SimpleValueFitness@75bd9247[value=254.98891558097148]]
Average fitness = 254.98891558097148
Fitness variance = 0.0
Generation 500 Report
Best individual: net.sf.jclec.realarray.RealArrayIndividual@7d417077[genotype={0.0,2.0263834710477577,0.0,0.0,5.12,0.0,5.12,5.104087205533867,0.9841602420286713,1.0081345255961962,0.024216092626044294,0.7103749480935981,0.9455788999228665,2.1591878181494373,0.0,1.9715292894259517,0.9696097201131164,2.341178146110917,1.2368957776063931,2.715872516496649,0.5318369552882969,0.0,1.15809466946271,1.2206404341384975,1.8651602408828873,1.9360735017715172,0.0,0.19066210387101923,4.266189566802865,0.0},fitness=net.sf.jclec.fitness.SimpleValueFitness@35bbe5e8[value=254.98891558097148]]
Worst individual: net.sf.jclec.realarray.RealArrayIndividual@7d417077[genotype={0.0,2.0263834710477577,0.0,0.0,5.12,0.0,5.12,5.104087205533867,0.9841602420286713,1.0081345255961962,0.024216092626044294,0.7103749480935981,0.9455788999228665,2.1591878181494373,0.0,1.9715292894259517,0.9696097201131164,2.341178146110917,1.2368957776063931,2.715872516496649,0.5318369552882969,0.0,1.15809466946271,1.2206404341384975,1.8651602408828873,1.9360735017715172,0.0,0.19066210387101923,4.266189566802865,0.0},fitness=net.sf.jclec.fitness.SimpleValueFitness@35bbe5e8[value=254.98891558097148]]
Median individual: net.sf.jclec.realarray.RealArrayIndividual@7d417077[genotype={0.0,2.0263834710477577,0.0,0.0,5.12,0.0,5.12,5.104087205533867,0.9841602420286713,1.0081345255961962,0.024216092626044294,0.7103749480935981,0.9455788999228665,2.1591878181494373,0.0,1.9715292894259517,0.9696097201131164,2.341178146110917,1.2368957776063931,2.715872516496649,0.5318369552882969,0.0,1.15809466946271,1.2206404341384975,1.8651602408828873,1.9360735017715172,0.0,0.19066210387101923,4.266189566802865,0.0},fitness=net.sf.jclec.fitness.SimpleValueFitness@35bbe5e8[value=254.98891558097148]]
Average fitness = 254.98891558097148
Fitness variance = 0.0
