Wed Nov 28 15.51.43 CET 2018
Generation 0 Report
Best individual: net.sf.jclec.realarray.RealArrayIndividual@5d6f64b1[genotype={2.020002269966634,2.165979027180301,4.608455511771811,3.167938545266194,3.259496901662657,3.546211806633241,3.1173590079264257,2.2150910933573296,2.2003508142347066,0.06402304108601191,1.6280010547914217,3.9168235392041204,1.0003346215152678,0.013381019003329537,2.831938694417977,2.0742801707113445,3.880418370632195,0.2424976677233577,1.1314023230895658,1.7519242692668422,0.9967704639321596,3.2212069292673857,3.876065257339106,2.7038732908037764,1.8612173826164173,1.9732601870504607,2.206350355680886,0.32400335956588294,4.7471933895843765,2.439384696215308},fitness=net.sf.jclec.fitness.SimpleValueFitness@22927a81[value=412.8819051151834]]
Worst individual: net.sf.jclec.realarray.RealArrayIndividual@7dc5e7b4[genotype={4.608104018403619,1.299618055480616,2.5409855772232626,1.1439528037974003,4.791448795262972,5.054788438766504,3.8492681765687355,3.153252241727165,2.2627393314076065,0.8594114585517394,1.6767768768529925,4.769522732558259,4.360421809790353,1.3051347182286366,3.7196388185585745,3.025144335231709,4.36600639322504,4.3671966217197,4.889463176482161,0.4520366505807893,0.20698829022962023,4.617135269126615,2.4619117025017685,4.0169027874992445,4.461479554186823,1.2886950391115741,4.5931189787610185,1.3058924220304169,1.2814833990338768,4.633088426509531},fitness=net.sf.jclec.fitness.SimpleValueFitness@75a1cd57[value=694.9524781529316]]
Median individual: net.sf.jclec.realarray.RealArrayIndividual@26f0a63f[genotype={0.3363891550198999,4.977540068397745,0.7016348147897954,2.2359806193402165,1.3007927200100087,1.1936265650886155,3.493097474416949,4.136914039358883,5.108894463552856,0.5066702456291707,0.30765339021002397,3.4088482260001634,0.3595093872784927,0.1431742301864443,3.9898373117745063,4.256498710300981,2.595347220111979,4.590524336051138,4.313700309550675,4.1065977548297194,2.1831831525767447,2.856625463145812,4.870058526218763,1.767498071685652,3.7687082244980816,0.5523206003051377,2.9370048131378743,2.19829777748899,1.9603513202931242,3.726733287822379},fitness=net.sf.jclec.fitness.SimpleValueFitness@53bd815b[value=571.2325560044785]]
Average fitness = 552.037701224146
Fitness variance = 2963.2645974236075
Generation 10 Report
Best individual: net.sf.jclec.realarray.RealArrayIndividual@4ca8195f[genotype={2.2656435461840525,1.5450432100372642,1.7981735205453786,1.0043446992395757,3.9748201043679976,0.0,0.0,0.6079979438582175,1.9171592841964042,0.8485471687477315,0.704148224685877,1.8871972197947293,1.5480307725658258,1.9040450363021226,1.2447150615735516,2.888459585271673,2.9899365106968276,1.9332463590564155,0.0828036394597905,1.822273849384203,1.7917482425454918,0.0,0.5999196904698108,3.7210770250814615,3.7329494641385415,5.12,2.002704048585883,0.0,4.396308528240774,1.7985755593742527},fitness=net.sf.jclec.fitness.SimpleValueFitness@61baa894[value=345.92291876488144]]
Worst individual: net.sf.jclec.realarray.RealArrayIndividual@4ca8195f[genotype={2.2656435461840525,1.5450432100372642,1.7981735205453786,1.0043446992395757,3.9748201043679976,0.0,0.0,0.6079979438582175,1.9171592841964042,0.8485471687477315,0.704148224685877,1.8871972197947293,1.5480307725658258,1.9040450363021226,1.2447150615735516,2.888459585271673,2.9899365106968276,1.9332463590564155,0.0828036394597905,1.822273849384203,1.7917482425454918,0.0,0.5999196904698108,3.7210770250814615,3.7329494641385415,5.12,2.002704048585883,0.0,4.396308528240774,1.7985755593742527},fitness=net.sf.jclec.fitness.SimpleValueFitness@61baa894[value=345.92291876488144]]
Median individual: net.sf.jclec.realarray.RealArrayIndividual@4ca8195f[genotype={2.2656435461840525,1.5450432100372642,1.7981735205453786,1.0043446992395757,3.9748201043679976,0.0,0.0,0.6079979438582175,1.9171592841964042,0.8485471687477315,0.704148224685877,1.8871972197947293,1.5480307725658258,1.9040450363021226,1.2447150615735516,2.888459585271673,2.9899365106968276,1.9332463590564155,0.0828036394597905,1.822273849384203,1.7917482425454918,0.0,0.5999196904698108,3.7210770250814615,3.7329494641385415,5.12,2.002704048585883,0.0,4.396308528240774,1.7985755593742527},fitness=net.sf.jclec.fitness.SimpleValueFitness@61baa894[value=345.92291876488144]]
Average fitness = 345.92291876488144
Fitness variance = 0.0
Generation 20 Report
Best individual: net.sf.jclec.realarray.RealArrayIndividual@b065c63[genotype={2.2656435461840525,1.5450432100372642,1.7981735205453786,1.0043446992395757,3.9748201043679976,0.0,0.0,0.6079979438582175,1.9171592841964042,0.8485471687477315,0.704148224685877,1.8871972197947293,1.5480307725658258,1.9040450363021226,1.2447150615735516,2.888459585271673,2.9899365106968276,1.9332463590564155,0.0828036394597905,1.822273849384203,1.7917482425454918,0.0,0.5999196904698108,3.7210770250814615,3.7329494641385415,5.12,2.002704048585883,0.0,4.396308528240774,1.7985755593742527},fitness=net.sf.jclec.fitness.SimpleValueFitness@490d6c15[value=345.92291876488144]]
Worst individual: net.sf.jclec.realarray.RealArrayIndividual@b065c63[genotype={2.2656435461840525,1.5450432100372642,1.7981735205453786,1.0043446992395757,3.9748201043679976,0.0,0.0,0.6079979438582175,1.9171592841964042,0.8485471687477315,0.704148224685877,1.8871972197947293,1.5480307725658258,1.9040450363021226,1.2447150615735516,2.888459585271673,2.9899365106968276,1.9332463590564155,0.0828036394597905,1.822273849384203,1.7917482425454918,0.0,0.5999196904698108,3.7210770250814615,3.7329494641385415,5.12,2.002704048585883,0.0,4.396308528240774,1.7985755593742527},fitness=net.sf.jclec.fitness.SimpleValueFitness@490d6c15[value=345.92291876488144]]
Median individual: net.sf.jclec.realarray.RealArrayIndividual@b065c63[genotype={2.2656435461840525,1.5450432100372642,1.7981735205453786,1.0043446992395757,3.9748201043679976,0.0,0.0,0.6079979438582175,1.9171592841964042,0.8485471687477315,0.704148224685877,1.8871972197947293,1.5480307725658258,1.9040450363021226,1.2447150615735516,2.888459585271673,2.9899365106968276,1.9332463590564155,0.0828036394597905,1.822273849384203,1.7917482425454918,0.0,0.5999196904698108,3.7210770250814615,3.7329494641385415,5.12,2.002704048585883,0.0,4.396308528240774,1.7985755593742527},fitness=net.sf.jclec.fitness.SimpleValueFitness@490d6c15[value=345.92291876488144]]
Average fitness = 345.92291876488144
Fitness variance = 0.0
Generation 30 Report
Best individual: net.sf.jclec.realarray.RealArrayIndividual@7d4793a8[genotype={2.2656435461840525,1.5450432100372642,1.7981735205453786,1.0043446992395757,3.9748201043679976,0.0,0.0,0.6079979438582175,1.9171592841964042,0.8485471687477315,0.704148224685877,1.8871972197947293,1.5480307725658258,1.9040450363021226,1.2447150615735516,2.888459585271673,2.9899365106968276,1.9332463590564155,0.0828036394597905,1.822273849384203,1.7917482425454918,0.0,0.5999196904698108,3.7210770250814615,3.7329494641385415,5.12,2.002704048585883,0.0,4.396308528240774,1.7985755593742527},fitness=net.sf.jclec.fitness.SimpleValueFitness@5479e3f[value=345.92291876488144]]
Worst individual: net.sf.jclec.realarray.RealArrayIndividual@7d4793a8[genotype={2.2656435461840525,1.5450432100372642,1.7981735205453786,1.0043446992395757,3.9748201043679976,0.0,0.0,0.6079979438582175,1.9171592841964042,0.8485471687477315,0.704148224685877,1.8871972197947293,1.5480307725658258,1.9040450363021226,1.2447150615735516,2.888459585271673,2.9899365106968276,1.9332463590564155,0.0828036394597905,1.822273849384203,1.7917482425454918,0.0,0.5999196904698108,3.7210770250814615,3.7329494641385415,5.12,2.002704048585883,0.0,4.396308528240774,1.7985755593742527},fitness=net.sf.jclec.fitness.SimpleValueFitness@5479e3f[value=345.92291876488144]]
Median individual: net.sf.jclec.realarray.RealArrayIndividual@7d4793a8[genotype={2.2656435461840525,1.5450432100372642,1.7981735205453786,1.0043446992395757,3.9748201043679976,0.0,0.0,0.6079979438582175,1.9171592841964042,0.8485471687477315,0.704148224685877,1.8871972197947293,1.5480307725658258,1.9040450363021226,1.2447150615735516,2.888459585271673,2.9899365106968276,1.9332463590564155,0.0828036394597905,1.822273849384203,1.7917482425454918,0.0,0.5999196904698108,3.7210770250814615,3.7329494641385415,5.12,2.002704048585883,0.0,4.396308528240774,1.7985755593742527},fitness=net.sf.jclec.fitness.SimpleValueFitness@5479e3f[value=345.92291876488144]]
Average fitness = 345.92291876488144
Fitness variance = 0.0
Generation 40 Report
Best individual: net.sf.jclec.realarray.RealArrayIndividual@27082746[genotype={2.2656435461840525,1.5450432100372642,1.7981735205453786,1.0043446992395757,3.9748201043679976,0.0,0.0,0.6079979438582175,1.9171592841964042,0.8485471687477315,0.704148224685877,1.8871972197947293,1.5480307725658258,1.9040450363021226,1.2447150615735516,2.888459585271673,2.9899365106968276,1.9332463590564155,0.0828036394597905,1.822273849384203,1.7917482425454918,0.0,0.5999196904698108,3.7210770250814615,3.7329494641385415,5.12,2.002704048585883,0.0,4.396308528240774,1.7985755593742527},fitness=net.sf.jclec.fitness.SimpleValueFitness@7bfcd12c[value=345.92291876488144]]
Worst individual: net.sf.jclec.realarray.RealArrayIndividual@27082746[genotype={2.2656435461840525,1.5450432100372642,1.7981735205453786,1.0043446992395757,3.9748201043679976,0.0,0.0,0.6079979438582175,1.9171592841964042,0.8485471687477315,0.704148224685877,1.8871972197947293,1.5480307725658258,1.9040450363021226,1.2447150615735516,2.888459585271673,2.9899365106968276,1.9332463590564155,0.0828036394597905,1.822273849384203,1.7917482425454918,0.0,0.5999196904698108,3.7210770250814615,3.7329494641385415,5.12,2.002704048585883,0.0,4.396308528240774,1.7985755593742527},fitness=net.sf.jclec.fitness.SimpleValueFitness@7bfcd12c[value=345.92291876488144]]
Median individual: net.sf.jclec.realarray.RealArrayIndividual@27082746[genotype={2.2656435461840525,1.5450432100372642,1.7981735205453786,1.0043446992395757,3.9748201043679976,0.0,0.0,0.6079979438582175,1.9171592841964042,0.8485471687477315,0.704148224685877,1.8871972197947293,1.5480307725658258,1.9040450363021226,1.2447150615735516,2.888459585271673,2.9899365106968276,1.9332463590564155,0.0828036394597905,1.822273849384203,1.7917482425454918,0.0,0.5999196904698108,3.7210770250814615,3.7329494641385415,5.12,2.002704048585883,0.0,4.396308528240774,1.7985755593742527},fitness=net.sf.jclec.fitness.SimpleValueFitness@7bfcd12c[value=345.92291876488144]]
Average fitness = 345.92291876488144
Fitness variance = 0.0
Generation 50 Report
Best individual: net.sf.jclec.realarray.RealArrayIndividual@42f30e0a[genotype={2.2656435461840525,1.5450432100372642,1.7981735205453786,1.0043446992395757,3.9748201043679976,0.0,0.0,0.6079979438582175,1.9171592841964042,0.8485471687477315,0.704148224685877,1.8871972197947293,1.5480307725658258,1.9040450363021226,1.2447150615735516,2.888459585271673,2.9899365106968276,1.9332463590564155,0.0828036394597905,1.822273849384203,1.7917482425454918,0.0,0.5999196904698108,3.7210770250814615,3.7329494641385415,5.12,2.002704048585883,0.0,4.396308528240774,1.7985755593742527},fitness=net.sf.jclec.fitness.SimpleValueFitness@5b1d2887[value=345.92291876488144]]
Worst individual: net.sf.jclec.realarray.RealArrayIndividual@42f30e0a[genotype={2.2656435461840525,1.5450432100372642,1.7981735205453786,1.0043446992395757,3.9748201043679976,0.0,0.0,0.6079979438582175,1.9171592841964042,0.8485471687477315,0.704148224685877,1.8871972197947293,1.5480307725658258,1.9040450363021226,1.2447150615735516,2.888459585271673,2.9899365106968276,1.9332463590564155,0.0828036394597905,1.822273849384203,1.7917482425454918,0.0,0.5999196904698108,3.7210770250814615,3.7329494641385415,5.12,2.002704048585883,0.0,4.396308528240774,1.7985755593742527},fitness=net.sf.jclec.fitness.SimpleValueFitness@5b1d2887[value=345.92291876488144]]
Median individual: net.sf.jclec.realarray.RealArrayIndividual@42f30e0a[genotype={2.2656435461840525,1.5450432100372642,1.7981735205453786,1.0043446992395757,3.9748201043679976,0.0,0.0,0.6079979438582175,1.9171592841964042,0.8485471687477315,0.704148224685877,1.8871972197947293,1.5480307725658258,1.9040450363021226,1.2447150615735516,2.888459585271673,2.9899365106968276,1.9332463590564155,0.0828036394597905,1.822273849384203,1.7917482425454918,0.0,0.5999196904698108,3.7210770250814615,3.7329494641385415,5.12,2.002704048585883,0.0,4.396308528240774,1.7985755593742527},fitness=net.sf.jclec.fitness.SimpleValueFitness@5b1d2887[value=345.92291876488144]]
Average fitness = 345.92291876488144
Fitness variance = 0.0
Generation 60 Report
Best individual: net.sf.jclec.realarray.RealArrayIndividual@46f5f779[genotype={2.2656435461840525,1.5450432100372642,1.7981735205453786,1.0043446992395757,3.9748201043679976,0.0,0.0,0.6079979438582175,1.9171592841964042,0.8485471687477315,0.704148224685877,1.8871972197947293,1.5480307725658258,1.9040450363021226,1.2447150615735516,2.888459585271673,2.9899365106968276,1.9332463590564155,0.0828036394597905,1.822273849384203,1.7917482425454918,0.0,0.5999196904698108,3.7210770250814615,3.7329494641385415,5.12,2.002704048585883,0.0,4.396308528240774,1.7985755593742527},fitness=net.sf.jclec.fitness.SimpleValueFitness@18e8568[value=345.92291876488144]]
Worst individual: net.sf.jclec.realarray.RealArrayIndividual@46f5f779[genotype={2.2656435461840525,1.5450432100372642,1.7981735205453786,1.0043446992395757,3.9748201043679976,0.0,0.0,0.6079979438582175,1.9171592841964042,0.8485471687477315,0.704148224685877,1.8871972197947293,1.5480307725658258,1.9040450363021226,1.2447150615735516,2.888459585271673,2.9899365106968276,1.9332463590564155,0.0828036394597905,1.822273849384203,1.7917482425454918,0.0,0.5999196904698108,3.7210770250814615,3.7329494641385415,5.12,2.002704048585883,0.0,4.396308528240774,1.7985755593742527},fitness=net.sf.jclec.fitness.SimpleValueFitness@18e8568[value=345.92291876488144]]
Median individual: net.sf.jclec.realarray.RealArrayIndividual@46f5f779[genotype={2.2656435461840525,1.5450432100372642,1.7981735205453786,1.0043446992395757,3.9748201043679976,0.0,0.0,0.6079979438582175,1.9171592841964042,0.8485471687477315,0.704148224685877,1.8871972197947293,1.5480307725658258,1.9040450363021226,1.2447150615735516,2.888459585271673,2.9899365106968276,1.9332463590564155,0.0828036394597905,1.822273849384203,1.7917482425454918,0.0,0.5999196904698108,3.7210770250814615,3.7329494641385415,5.12,2.002704048585883,0.0,4.396308528240774,1.7985755593742527},fitness=net.sf.jclec.fitness.SimpleValueFitness@18e8568[value=345.92291876488144]]
Average fitness = 345.92291876488144
Fitness variance = 0.0
Generation 70 Report
Best individual: net.sf.jclec.realarray.RealArrayIndividual@33e5ccce[genotype={1.0301585012935686,1.1715056058995994,1.7981735205453786,0.0,3.9748201043679976,0.0,0.0,0.0,2.4441098074114187,1.9843078260249694,0.0,0.0,1.5480307725658258,1.1052101714638234,1.4560741961865593,2.888459585271673,2.0176308031349244,1.9332463590564155,0.0,2.0978207210658764,3.11429640775405,0.7942847700589746,0.5999196904698108,2.8134373204082923,3.7329494641385415,5.12,1.945757220431123,0.0,4.396308528240774,0.0},fitness=net.sf.jclec.fitness.SimpleValueFitness@270421f5[value=284.19524806566983]]
Worst individual: net.sf.jclec.realarray.RealArrayIndividual@33e5ccce[genotype={1.0301585012935686,1.1715056058995994,1.7981735205453786,0.0,3.9748201043679976,0.0,0.0,0.0,2.4441098074114187,1.9843078260249694,0.0,0.0,1.5480307725658258,1.1052101714638234,1.4560741961865593,2.888459585271673,2.0176308031349244,1.9332463590564155,0.0,2.0978207210658764,3.11429640775405,0.7942847700589746,0.5999196904698108,2.8134373204082923,3.7329494641385415,5.12,1.945757220431123,0.0,4.396308528240774,0.0},fitness=net.sf.jclec.fitness.SimpleValueFitness@270421f5[value=284.19524806566983]]
Median individual: net.sf.jclec.realarray.RealArrayIndividual@33e5ccce[genotype={1.0301585012935686,1.1715056058995994,1.7981735205453786,0.0,3.9748201043679976,0.0,0.0,0.0,2.4441098074114187,1.9843078260249694,0.0,0.0,1.5480307725658258,1.1052101714638234,1.4560741961865593,2.888459585271673,2.0176308031349244,1.9332463590564155,0.0,2.0978207210658764,3.11429640775405,0.7942847700589746,0.5999196904698108,2.8134373204082923,3.7329494641385415,5.12,1.945757220431123,0.0,4.396308528240774,0.0},fitness=net.sf.jclec.fitness.SimpleValueFitness@270421f5[value=284.19524806566983]]
Average fitness = 284.19524806566983
Fitness variance = 0.0
Generation 80 Report
Best individual: net.sf.jclec.realarray.RealArrayIndividual@52d455b8[genotype={1.0301585012935686,1.1715056058995994,1.7981735205453786,0.0,3.9748201043679976,0.0,0.0,0.0,2.4441098074114187,1.9843078260249694,0.0,0.0,1.5480307725658258,1.1052101714638234,1.4560741961865593,2.888459585271673,2.0176308031349244,1.9332463590564155,0.0,2.0978207210658764,3.11429640775405,0.7942847700589746,0.5999196904698108,2.8134373204082923,3.7329494641385415,5.12,1.945757220431123,0.0,4.396308528240774,0.0},fitness=net.sf.jclec.fitness.SimpleValueFitness@18ef96[value=284.19524806566983]]
Worst individual: net.sf.jclec.realarray.RealArrayIndividual@52d455b8[genotype={1.0301585012935686,1.1715056058995994,1.7981735205453786,0.0,3.9748201043679976,0.0,0.0,0.0,2.4441098074114187,1.9843078260249694,0.0,0.0,1.5480307725658258,1.1052101714638234,1.4560741961865593,2.888459585271673,2.0176308031349244,1.9332463590564155,0.0,2.0978207210658764,3.11429640775405,0.7942847700589746,0.5999196904698108,2.8134373204082923,3.7329494641385415,5.12,1.945757220431123,0.0,4.396308528240774,0.0},fitness=net.sf.jclec.fitness.SimpleValueFitness@18ef96[value=284.19524806566983]]
Median individual: net.sf.jclec.realarray.RealArrayIndividual@52d455b8[genotype={1.0301585012935686,1.1715056058995994,1.7981735205453786,0.0,3.9748201043679976,0.0,0.0,0.0,2.4441098074114187,1.9843078260249694,0.0,0.0,1.5480307725658258,1.1052101714638234,1.4560741961865593,2.888459585271673,2.0176308031349244,1.9332463590564155,0.0,2.0978207210658764,3.11429640775405,0.7942847700589746,0.5999196904698108,2.8134373204082923,3.7329494641385415,5.12,1.945757220431123,0.0,4.396308528240774,0.0},fitness=net.sf.jclec.fitness.SimpleValueFitness@18ef96[value=284.19524806566983]]
Average fitness = 284.19524806566983
Fitness variance = 0.0
Generation 90 Report
Best individual: net.sf.jclec.realarray.RealArrayIndividual@6956de9[genotype={1.0301585012935686,1.1715056058995994,1.7981735205453786,0.0,3.9748201043679976,0.0,0.0,0.0,2.4441098074114187,1.9843078260249694,0.0,0.0,1.5480307725658258,1.1052101714638234,1.4560741961865593,2.888459585271673,2.0176308031349244,1.9332463590564155,0.0,2.0978207210658764,3.11429640775405,0.7942847700589746,0.5999196904698108,2.8134373204082923,3.7329494641385415,5.12,1.945757220431123,0.0,4.396308528240774,0.0},fitness=net.sf.jclec.fitness.SimpleValueFitness@6aceb1a5[value=284.19524806566983]]
Worst individual: net.sf.jclec.realarray.RealArrayIndividual@6956de9[genotype={1.0301585012935686,1.1715056058995994,1.7981735205453786,0.0,3.9748201043679976,0.0,0.0,0.0,2.4441098074114187,1.9843078260249694,0.0,0.0,1.5480307725658258,1.1052101714638234,1.4560741961865593,2.888459585271673,2.0176308031349244,1.9332463590564155,0.0,2.0978207210658764,3.11429640775405,0.7942847700589746,0.5999196904698108,2.8134373204082923,3.7329494641385415,5.12,1.945757220431123,0.0,4.396308528240774,0.0},fitness=net.sf.jclec.fitness.SimpleValueFitness@6aceb1a5[value=284.19524806566983]]
Median individual: net.sf.jclec.realarray.RealArrayIndividual@6956de9[genotype={1.0301585012935686,1.1715056058995994,1.7981735205453786,0.0,3.9748201043679976,0.0,0.0,0.0,2.4441098074114187,1.9843078260249694,0.0,0.0,1.5480307725658258,1.1052101714638234,1.4560741961865593,2.888459585271673,2.0176308031349244,1.9332463590564155,0.0,2.0978207210658764,3.11429640775405,0.7942847700589746,0.5999196904698108,2.8134373204082923,3.7329494641385415,5.12,1.945757220431123,0.0,4.396308528240774,0.0},fitness=net.sf.jclec.fitness.SimpleValueFitness@6aceb1a5[value=284.19524806566983]]
Average fitness = 284.19524806566983
Fitness variance = 0.0
Generation 100 Report
Best individual: net.sf.jclec.realarray.RealArrayIndividual@2d6d8735[genotype={1.0301585012935686,0.06240934708935275,3.1968885616277474,0.0,2.0959951528183343,0.0,0.0,0.0,2.4441098074114187,2.464226464807724,0.0,0.0,1.5480307725658258,1.1052101714638234,1.4560741961865593,4.140631916764319,2.0176308031349244,0.24053543881310824,0.0,0.10800765991248551,1.8169072306727456,0.0,0.5999196904698108,1.1639403015215124,3.7329494641385415,4.149440209388703,1.945757220431123,0.0,4.396308528240774,0.0},fitness=net.sf.jclec.fitness.SimpleValueFitness@12bc6874[value=281.7644298522628]]
Worst individual: net.sf.jclec.realarray.RealArrayIndividual@2d6d8735[genotype={1.0301585012935686,0.06240934708935275,3.1968885616277474,0.0,2.0959951528183343,0.0,0.0,0.0,2.4441098074114187,2.464226464807724,0.0,0.0,1.5480307725658258,1.1052101714638234,1.4560741961865593,4.140631916764319,2.0176308031349244,0.24053543881310824,0.0,0.10800765991248551,1.8169072306727456,0.0,0.5999196904698108,1.1639403015215124,3.7329494641385415,4.149440209388703,1.945757220431123,0.0,4.396308528240774,0.0},fitness=net.sf.jclec.fitness.SimpleValueFitness@12bc6874[value=281.7644298522628]]
Median individual: net.sf.jclec.realarray.RealArrayIndividual@2d6d8735[genotype={1.0301585012935686,0.06240934708935275,3.1968885616277474,0.0,2.0959951528183343,0.0,0.0,0.0,2.4441098074114187,2.464226464807724,0.0,0.0,1.5480307725658258,1.1052101714638234,1.4560741961865593,4.140631916764319,2.0176308031349244,0.24053543881310824,0.0,0.10800765991248551,1.8169072306727456,0.0,0.5999196904698108,1.1639403015215124,3.7329494641385415,4.149440209388703,1.945757220431123,0.0,4.396308528240774,0.0},fitness=net.sf.jclec.fitness.SimpleValueFitness@12bc6874[value=281.7644298522628]]
Average fitness = 281.7644298522628
Fitness variance = 0.0
Generation 110 Report
Best individual: net.sf.jclec.realarray.RealArrayIndividual@de0a01f[genotype={1.0301585012935686,0.06240934708935275,3.1968885616277474,0.0,2.0959951528183343,0.0,0.0,0.0,2.4441098074114187,2.464226464807724,0.0,0.0,1.5480307725658258,1.1052101714638234,1.4560741961865593,4.140631916764319,2.0176308031349244,0.24053543881310824,0.0,0.10800765991248551,1.8169072306727456,0.0,0.5999196904698108,1.1639403015215124,3.7329494641385415,4.149440209388703,1.945757220431123,0.0,4.396308528240774,0.0},fitness=net.sf.jclec.fitness.SimpleValueFitness@1ef7fe8e[value=281.7644298522628]]
Worst individual: net.sf.jclec.realarray.RealArrayIndividual@de0a01f[genotype={1.0301585012935686,0.06240934708935275,3.1968885616277474,0.0,2.0959951528183343,0.0,0.0,0.0,2.4441098074114187,2.464226464807724,0.0,0.0,1.5480307725658258,1.1052101714638234,1.4560741961865593,4.140631916764319,2.0176308031349244,0.24053543881310824,0.0,0.10800765991248551,1.8169072306727456,0.0,0.5999196904698108,1.1639403015215124,3.7329494641385415,4.149440209388703,1.945757220431123,0.0,4.396308528240774,0.0},fitness=net.sf.jclec.fitness.SimpleValueFitness@1ef7fe8e[value=281.7644298522628]]
Median individual: net.sf.jclec.realarray.RealArrayIndividual@de0a01f[genotype={1.0301585012935686,0.06240934708935275,3.1968885616277474,0.0,2.0959951528183343,0.0,0.0,0.0,2.4441098074114187,2.464226464807724,0.0,0.0,1.5480307725658258,1.1052101714638234,1.4560741961865593,4.140631916764319,2.0176308031349244,0.24053543881310824,0.0,0.10800765991248551,1.8169072306727456,0.0,0.5999196904698108,1.1639403015215124,3.7329494641385415,4.149440209388703,1.945757220431123,0.0,4.396308528240774,0.0},fitness=net.sf.jclec.fitness.SimpleValueFitness@1ef7fe8e[value=281.7644298522628]]
Average fitness = 281.7644298522628
Fitness variance = 0.0
Generation 120 Report
Best individual: net.sf.jclec.realarray.RealArrayIndividual@6f79caec[genotype={1.0301585012935686,0.06240934708935275,3.1968885616277474,0.0,2.0959951528183343,0.0,0.0,0.0,2.4441098074114187,2.464226464807724,0.0,0.0,1.5480307725658258,1.1052101714638234,1.4560741961865593,4.140631916764319,2.0176308031349244,0.24053543881310824,0.0,0.10800765991248551,1.8169072306727456,0.0,0.5999196904698108,1.1639403015215124,3.7329494641385415,4.149440209388703,1.945757220431123,0.0,4.396308528240774,0.0},fitness=net.sf.jclec.fitness.SimpleValueFitness@5d3411d[value=281.7644298522628]]
Worst individual: net.sf.jclec.realarray.RealArrayIndividual@6f79caec[genotype={1.0301585012935686,0.06240934708935275,3.1968885616277474,0.0,2.0959951528183343,0.0,0.0,0.0,2.4441098074114187,2.464226464807724,0.0,0.0,1.5480307725658258,1.1052101714638234,1.4560741961865593,4.140631916764319,2.0176308031349244,0.24053543881310824,0.0,0.10800765991248551,1.8169072306727456,0.0,0.5999196904698108,1.1639403015215124,3.7329494641385415,4.149440209388703,1.945757220431123,0.0,4.396308528240774,0.0},fitness=net.sf.jclec.fitness.SimpleValueFitness@5d3411d[value=281.7644298522628]]
Median individual: net.sf.jclec.realarray.RealArrayIndividual@6f79caec[genotype={1.0301585012935686,0.06240934708935275,3.1968885616277474,0.0,2.0959951528183343,0.0,0.0,0.0,2.4441098074114187,2.464226464807724,0.0,0.0,1.5480307725658258,1.1052101714638234,1.4560741961865593,4.140631916764319,2.0176308031349244,0.24053543881310824,0.0,0.10800765991248551,1.8169072306727456,0.0,0.5999196904698108,1.1639403015215124,3.7329494641385415,4.149440209388703,1.945757220431123,0.0,4.396308528240774,0.0},fitness=net.sf.jclec.fitness.SimpleValueFitness@5d3411d[value=281.7644298522628]]
Average fitness = 281.7644298522628
Fitness variance = 0.0
Generation 130 Report
Best individual: net.sf.jclec.realarray.RealArrayIndividual@2471cca7[genotype={1.0301585012935686,0.06240934708935275,3.1968885616277474,0.0,2.0959951528183343,0.0,0.0,0.0,2.4441098074114187,2.464226464807724,0.0,0.0,1.5480307725658258,1.1052101714638234,1.4560741961865593,4.140631916764319,2.0176308031349244,0.24053543881310824,0.0,0.10800765991248551,1.8169072306727456,0.0,0.5999196904698108,1.1639403015215124,3.7329494641385415,4.149440209388703,1.945757220431123,0.0,4.396308528240774,0.0},fitness=net.sf.jclec.fitness.SimpleValueFitness@6979e8cb[value=281.7644298522628]]
Worst individual: net.sf.jclec.realarray.RealArrayIndividual@2471cca7[genotype={1.0301585012935686,0.06240934708935275,3.1968885616277474,0.0,2.0959951528183343,0.0,0.0,0.0,2.4441098074114187,2.464226464807724,0.0,0.0,1.5480307725658258,1.1052101714638234,1.4560741961865593,4.140631916764319,2.0176308031349244,0.24053543881310824,0.0,0.10800765991248551,1.8169072306727456,0.0,0.5999196904698108,1.1639403015215124,3.7329494641385415,4.149440209388703,1.945757220431123,0.0,4.396308528240774,0.0},fitness=net.sf.jclec.fitness.SimpleValueFitness@6979e8cb[value=281.7644298522628]]
Median individual: net.sf.jclec.realarray.RealArrayIndividual@2471cca7[genotype={1.0301585012935686,0.06240934708935275,3.1968885616277474,0.0,2.0959951528183343,0.0,0.0,0.0,2.4441098074114187,2.464226464807724,0.0,0.0,1.5480307725658258,1.1052101714638234,1.4560741961865593,4.140631916764319,2.0176308031349244,0.24053543881310824,0.0,0.10800765991248551,1.8169072306727456,0.0,0.5999196904698108,1.1639403015215124,3.7329494641385415,4.149440209388703,1.945757220431123,0.0,4.396308528240774,0.0},fitness=net.sf.jclec.fitness.SimpleValueFitness@6979e8cb[value=281.7644298522628]]
Average fitness = 281.7644298522628
Fitness variance = 0.0
Generation 140 Report
Best individual: net.sf.jclec.realarray.RealArrayIndividual@763d9750[genotype={1.0301585012935686,0.06240934708935275,3.1968885616277474,0.0,2.0959951528183343,0.0,0.0,0.0,2.4441098074114187,2.464226464807724,0.0,0.0,1.5480307725658258,1.1052101714638234,1.4560741961865593,4.140631916764319,2.0176308031349244,0.24053543881310824,0.0,0.10800765991248551,1.8169072306727456,0.0,0.5999196904698108,1.1639403015215124,3.7329494641385415,4.149440209388703,1.945757220431123,0.0,4.396308528240774,0.0},fitness=net.sf.jclec.fitness.SimpleValueFitness@2be94b0f[value=281.7644298522628]]
Worst individual: net.sf.jclec.realarray.RealArrayIndividual@763d9750[genotype={1.0301585012935686,0.06240934708935275,3.1968885616277474,0.0,2.0959951528183343,0.0,0.0,0.0,2.4441098074114187,2.464226464807724,0.0,0.0,1.5480307725658258,1.1052101714638234,1.4560741961865593,4.140631916764319,2.0176308031349244,0.24053543881310824,0.0,0.10800765991248551,1.8169072306727456,0.0,0.5999196904698108,1.1639403015215124,3.7329494641385415,4.149440209388703,1.945757220431123,0.0,4.396308528240774,0.0},fitness=net.sf.jclec.fitness.SimpleValueFitness@2be94b0f[value=281.7644298522628]]
Median individual: net.sf.jclec.realarray.RealArrayIndividual@763d9750[genotype={1.0301585012935686,0.06240934708935275,3.1968885616277474,0.0,2.0959951528183343,0.0,0.0,0.0,2.4441098074114187,2.464226464807724,0.0,0.0,1.5480307725658258,1.1052101714638234,1.4560741961865593,4.140631916764319,2.0176308031349244,0.24053543881310824,0.0,0.10800765991248551,1.8169072306727456,0.0,0.5999196904698108,1.1639403015215124,3.7329494641385415,4.149440209388703,1.945757220431123,0.0,4.396308528240774,0.0},fitness=net.sf.jclec.fitness.SimpleValueFitness@2be94b0f[value=281.7644298522628]]
Average fitness = 281.7644298522628
Fitness variance = 0.0
Generation 150 Report
Best individual: net.sf.jclec.realarray.RealArrayIndividual@d70c109[genotype={1.0301585012935686,0.06240934708935275,3.1968885616277474,0.0,2.0959951528183343,0.0,0.0,0.0,2.4441098074114187,2.464226464807724,0.0,0.0,1.5480307725658258,1.1052101714638234,1.4560741961865593,4.140631916764319,2.0176308031349244,0.24053543881310824,0.0,0.10800765991248551,1.8169072306727456,0.0,0.5999196904698108,1.1639403015215124,3.7329494641385415,4.149440209388703,1.945757220431123,0.0,4.396308528240774,0.0},fitness=net.sf.jclec.fitness.SimpleValueFitness@50675690[value=281.7644298522628]]
Worst individual: net.sf.jclec.realarray.RealArrayIndividual@d70c109[genotype={1.0301585012935686,0.06240934708935275,3.1968885616277474,0.0,2.0959951528183343,0.0,0.0,0.0,2.4441098074114187,2.464226464807724,0.0,0.0,1.5480307725658258,1.1052101714638234,1.4560741961865593,4.140631916764319,2.0176308031349244,0.24053543881310824,0.0,0.10800765991248551,1.8169072306727456,0.0,0.5999196904698108,1.1639403015215124,3.7329494641385415,4.149440209388703,1.945757220431123,0.0,4.396308528240774,0.0},fitness=net.sf.jclec.fitness.SimpleValueFitness@50675690[value=281.7644298522628]]
Median individual: net.sf.jclec.realarray.RealArrayIndividual@d70c109[genotype={1.0301585012935686,0.06240934708935275,3.1968885616277474,0.0,2.0959951528183343,0.0,0.0,0.0,2.4441098074114187,2.464226464807724,0.0,0.0,1.5480307725658258,1.1052101714638234,1.4560741961865593,4.140631916764319,2.0176308031349244,0.24053543881310824,0.0,0.10800765991248551,1.8169072306727456,0.0,0.5999196904698108,1.1639403015215124,3.7329494641385415,4.149440209388703,1.945757220431123,0.0,4.396308528240774,0.0},fitness=net.sf.jclec.fitness.SimpleValueFitness@50675690[value=281.7644298522628]]
Average fitness = 281.7644298522628
Fitness variance = 0.0
Generation 160 Report
Best individual: net.sf.jclec.realarray.RealArrayIndividual@31b7dea0[genotype={1.0301585012935686,0.06240934708935275,3.1968885616277474,0.0,2.0959951528183343,0.0,0.0,0.0,2.4441098074114187,2.464226464807724,0.0,0.0,1.5480307725658258,1.1052101714638234,1.4560741961865593,4.140631916764319,2.0176308031349244,0.24053543881310824,0.0,0.10800765991248551,1.8169072306727456,0.0,0.5999196904698108,1.1639403015215124,3.7329494641385415,4.149440209388703,1.945757220431123,0.0,4.396308528240774,0.0},fitness=net.sf.jclec.fitness.SimpleValueFitness@47d384ee[value=281.7644298522628]]
Worst individual: net.sf.jclec.realarray.RealArrayIndividual@31b7dea0[genotype={1.0301585012935686,0.06240934708935275,3.1968885616277474,0.0,2.0959951528183343,0.0,0.0,0.0,2.4441098074114187,2.464226464807724,0.0,0.0,1.5480307725658258,1.1052101714638234,1.4560741961865593,4.140631916764319,2.0176308031349244,0.24053543881310824,0.0,0.10800765991248551,1.8169072306727456,0.0,0.5999196904698108,1.1639403015215124,3.7329494641385415,4.149440209388703,1.945757220431123,0.0,4.396308528240774,0.0},fitness=net.sf.jclec.fitness.SimpleValueFitness@47d384ee[value=281.7644298522628]]
Median individual: net.sf.jclec.realarray.RealArrayIndividual@31b7dea0[genotype={1.0301585012935686,0.06240934708935275,3.1968885616277474,0.0,2.0959951528183343,0.0,0.0,0.0,2.4441098074114187,2.464226464807724,0.0,0.0,1.5480307725658258,1.1052101714638234,1.4560741961865593,4.140631916764319,2.0176308031349244,0.24053543881310824,0.0,0.10800765991248551,1.8169072306727456,0.0,0.5999196904698108,1.1639403015215124,3.7329494641385415,4.149440209388703,1.945757220431123,0.0,4.396308528240774,0.0},fitness=net.sf.jclec.fitness.SimpleValueFitness@47d384ee[value=281.7644298522628]]
Average fitness = 281.7644298522628
Fitness variance = 0.0
Generation 170 Report
Best individual: net.sf.jclec.realarray.RealArrayIndividual@2d6a9952[genotype={0.8227284128312571,0.0,3.1968885616277474,0.0,1.9998859802282147,0.0,0.0,1.0944261518889942,2.4441098074114187,3.7764232046973514,0.0,0.0,0.23186387806782927,0.4412281219952747,1.4560741961865593,2.356637188364587,3.2614203203940675,0.0,0.5665889709393648,0.10800765991248551,0.0,0.09032393542693251,0.4390271888324544,1.0716915244383296,3.7329494641385415,4.149440209388703,1.945757220431123,0.0,2.885614030342731,0.0},fitness=net.sf.jclec.fitness.SimpleValueFitness@3930015a[value=277.7367833031266]]
Worst individual: net.sf.jclec.realarray.RealArrayIndividual@2d6a9952[genotype={0.8227284128312571,0.0,3.1968885616277474,0.0,1.9998859802282147,0.0,0.0,1.0944261518889942,2.4441098074114187,3.7764232046973514,0.0,0.0,0.23186387806782927,0.4412281219952747,1.4560741961865593,2.356637188364587,3.2614203203940675,0.0,0.5665889709393648,0.10800765991248551,0.0,0.09032393542693251,0.4390271888324544,1.0716915244383296,3.7329494641385415,4.149440209388703,1.945757220431123,0.0,2.885614030342731,0.0},fitness=net.sf.jclec.fitness.SimpleValueFitness@3930015a[value=277.7367833031266]]
Median individual: net.sf.jclec.realarray.RealArrayIndividual@2d6a9952[genotype={0.8227284128312571,0.0,3.1968885616277474,0.0,1.9998859802282147,0.0,0.0,1.0944261518889942,2.4441098074114187,3.7764232046973514,0.0,0.0,0.23186387806782927,0.4412281219952747,1.4560741961865593,2.356637188364587,3.2614203203940675,0.0,0.5665889709393648,0.10800765991248551,0.0,0.09032393542693251,0.4390271888324544,1.0716915244383296,3.7329494641385415,4.149440209388703,1.945757220431123,0.0,2.885614030342731,0.0},fitness=net.sf.jclec.fitness.SimpleValueFitness@3930015a[value=277.7367833031266]]
Average fitness = 277.7367833031266
Fitness variance = 0.0
Generation 180 Report
Best individual: net.sf.jclec.realarray.RealArrayIndividual@629f0666[genotype={0.8227284128312571,0.0,3.1968885616277474,0.0,1.9998859802282147,0.0,0.0,1.0944261518889942,2.4441098074114187,3.7764232046973514,0.0,0.0,0.23186387806782927,0.4412281219952747,1.4560741961865593,2.356637188364587,3.2614203203940675,0.0,0.5665889709393648,0.10800765991248551,0.0,0.09032393542693251,0.4390271888324544,1.0716915244383296,3.7329494641385415,4.149440209388703,1.945757220431123,0.0,2.885614030342731,0.0},fitness=net.sf.jclec.fitness.SimpleValueFitness@1ff8b8f[value=277.7367833031266]]
Worst individual: net.sf.jclec.realarray.RealArrayIndividual@629f0666[genotype={0.8227284128312571,0.0,3.1968885616277474,0.0,1.9998859802282147,0.0,0.0,1.0944261518889942,2.4441098074114187,3.7764232046973514,0.0,0.0,0.23186387806782927,0.4412281219952747,1.4560741961865593,2.356637188364587,3.2614203203940675,0.0,0.5665889709393648,0.10800765991248551,0.0,0.09032393542693251,0.4390271888324544,1.0716915244383296,3.7329494641385415,4.149440209388703,1.945757220431123,0.0,2.885614030342731,0.0},fitness=net.sf.jclec.fitness.SimpleValueFitness@1ff8b8f[value=277.7367833031266]]
Median individual: net.sf.jclec.realarray.RealArrayIndividual@629f0666[genotype={0.8227284128312571,0.0,3.1968885616277474,0.0,1.9998859802282147,0.0,0.0,1.0944261518889942,2.4441098074114187,3.7764232046973514,0.0,0.0,0.23186387806782927,0.4412281219952747,1.4560741961865593,2.356637188364587,3.2614203203940675,0.0,0.5665889709393648,0.10800765991248551,0.0,0.09032393542693251,0.4390271888324544,1.0716915244383296,3.7329494641385415,4.149440209388703,1.945757220431123,0.0,2.885614030342731,0.0},fitness=net.sf.jclec.fitness.SimpleValueFitness@1ff8b8f[value=277.7367833031266]]
Average fitness = 277.7367833031266
Fitness variance = 0.0
Generation 190 Report
Best individual: net.sf.jclec.realarray.RealArrayIndividual@387c703b[genotype={0.0,0.0,3.1968885616277474,0.0,0.38631640515446963,0.0,0.0,1.0944261518889942,1.1921601896723146,2.436591300487869,0.0,0.0,1.7119399506649224,1.5518857702137223,3.0440943486066345,2.356637188364587,4.094490362856758,0.0,2.1021784959254344,0.0,0.0,0.03543958449980944,0.3496666461601985,0.0,5.12,4.149440209388703,1.945757220431123,0.0,1.5600145478150282,0.0},fitness=net.sf.jclec.fitness.SimpleValueFitness@c39f790[value=256.61521450014726]]
Worst individual: net.sf.jclec.realarray.RealArrayIndividual@387c703b[genotype={0.0,0.0,3.1968885616277474,0.0,0.38631640515446963,0.0,0.0,1.0944261518889942,1.1921601896723146,2.436591300487869,0.0,0.0,1.7119399506649224,1.5518857702137223,3.0440943486066345,2.356637188364587,4.094490362856758,0.0,2.1021784959254344,0.0,0.0,0.03543958449980944,0.3496666461601985,0.0,5.12,4.149440209388703,1.945757220431123,0.0,1.5600145478150282,0.0},fitness=net.sf.jclec.fitness.SimpleValueFitness@c39f790[value=256.61521450014726]]
Median individual: net.sf.jclec.realarray.RealArrayIndividual@387c703b[genotype={0.0,0.0,3.1968885616277474,0.0,0.38631640515446963,0.0,0.0,1.0944261518889942,1.1921601896723146,2.436591300487869,0.0,0.0,1.7119399506649224,1.5518857702137223,3.0440943486066345,2.356637188364587,4.094490362856758,0.0,2.1021784959254344,0.0,0.0,0.03543958449980944,0.3496666461601985,0.0,5.12,4.149440209388703,1.945757220431123,0.0,1.5600145478150282,0.0},fitness=net.sf.jclec.fitness.SimpleValueFitness@c39f790[value=256.61521450014726]]
Average fitness = 256.61521450014726
Fitness variance = 0.0
Generation 200 Report
Best individual: net.sf.jclec.realarray.RealArrayIndividual@71e7a66b[genotype={0.0,0.0,3.1968885616277474,0.0,0.38631640515446963,0.0,0.0,1.0944261518889942,1.1921601896723146,2.436591300487869,0.0,0.0,1.7119399506649224,1.5518857702137223,3.0440943486066345,2.356637188364587,4.094490362856758,0.0,2.1021784959254344,0.0,0.0,0.03543958449980944,0.3496666461601985,0.0,5.12,4.149440209388703,1.945757220431123,0.0,1.5600145478150282,0.0},fitness=net.sf.jclec.fitness.SimpleValueFitness@5f150435[value=256.61521450014726]]
Worst individual: net.sf.jclec.realarray.RealArrayIndividual@71e7a66b[genotype={0.0,0.0,3.1968885616277474,0.0,0.38631640515446963,0.0,0.0,1.0944261518889942,1.1921601896723146,2.436591300487869,0.0,0.0,1.7119399506649224,1.5518857702137223,3.0440943486066345,2.356637188364587,4.094490362856758,0.0,2.1021784959254344,0.0,0.0,0.03543958449980944,0.3496666461601985,0.0,5.12,4.149440209388703,1.945757220431123,0.0,1.5600145478150282,0.0},fitness=net.sf.jclec.fitness.SimpleValueFitness@5f150435[value=256.61521450014726]]
Median individual: net.sf.jclec.realarray.RealArrayIndividual@71e7a66b[genotype={0.0,0.0,3.1968885616277474,0.0,0.38631640515446963,0.0,0.0,1.0944261518889942,1.1921601896723146,2.436591300487869,0.0,0.0,1.7119399506649224,1.5518857702137223,3.0440943486066345,2.356637188364587,4.094490362856758,0.0,2.1021784959254344,0.0,0.0,0.03543958449980944,0.3496666461601985,0.0,5.12,4.149440209388703,1.945757220431123,0.0,1.5600145478150282,0.0},fitness=net.sf.jclec.fitness.SimpleValueFitness@5f150435[value=256.61521450014726]]
Average fitness = 256.61521450014726
Fitness variance = 0.0
Generation 210 Report
Best individual: net.sf.jclec.realarray.RealArrayIndividual@1c53fd30[genotype={0.0,0.0,3.1968885616277474,0.0,0.38631640515446963,0.0,0.0,1.0944261518889942,1.1921601896723146,2.436591300487869,0.0,0.0,1.7119399506649224,1.5518857702137223,3.0440943486066345,2.356637188364587,4.094490362856758,0.0,2.1021784959254344,0.0,0.0,0.03543958449980944,0.3496666461601985,0.0,5.12,4.149440209388703,1.945757220431123,0.0,1.5600145478150282,0.0},fitness=net.sf.jclec.fitness.SimpleValueFitness@75412c2f[value=256.61521450014726]]
Worst individual: net.sf.jclec.realarray.RealArrayIndividual@1c53fd30[genotype={0.0,0.0,3.1968885616277474,0.0,0.38631640515446963,0.0,0.0,1.0944261518889942,1.1921601896723146,2.436591300487869,0.0,0.0,1.7119399506649224,1.5518857702137223,3.0440943486066345,2.356637188364587,4.094490362856758,0.0,2.1021784959254344,0.0,0.0,0.03543958449980944,0.3496666461601985,0.0,5.12,4.149440209388703,1.945757220431123,0.0,1.5600145478150282,0.0},fitness=net.sf.jclec.fitness.SimpleValueFitness@75412c2f[value=256.61521450014726]]
Median individual: net.sf.jclec.realarray.RealArrayIndividual@1c53fd30[genotype={0.0,0.0,3.1968885616277474,0.0,0.38631640515446963,0.0,0.0,1.0944261518889942,1.1921601896723146,2.436591300487869,0.0,0.0,1.7119399506649224,1.5518857702137223,3.0440943486066345,2.356637188364587,4.094490362856758,0.0,2.1021784959254344,0.0,0.0,0.03543958449980944,0.3496666461601985,0.0,5.12,4.149440209388703,1.945757220431123,0.0,1.5600145478150282,0.0},fitness=net.sf.jclec.fitness.SimpleValueFitness@75412c2f[value=256.61521450014726]]
Average fitness = 256.61521450014726
Fitness variance = 0.0
Generation 220 Report
Best individual: net.sf.jclec.realarray.RealArrayIndividual@282ba1e[genotype={0.0,0.0,3.1968885616277474,0.0,0.38631640515446963,0.0,0.0,1.0944261518889942,1.1921601896723146,2.436591300487869,0.0,0.0,1.7119399506649224,1.5518857702137223,3.0440943486066345,2.356637188364587,4.094490362856758,0.0,2.1021784959254344,0.0,0.0,0.03543958449980944,0.3496666461601985,0.0,5.12,4.149440209388703,1.945757220431123,0.0,1.5600145478150282,0.0},fitness=net.sf.jclec.fitness.SimpleValueFitness@f5f2bb7[value=256.61521450014726]]
Worst individual: net.sf.jclec.realarray.RealArrayIndividual@282ba1e[genotype={0.0,0.0,3.1968885616277474,0.0,0.38631640515446963,0.0,0.0,1.0944261518889942,1.1921601896723146,2.436591300487869,0.0,0.0,1.7119399506649224,1.5518857702137223,3.0440943486066345,2.356637188364587,4.094490362856758,0.0,2.1021784959254344,0.0,0.0,0.03543958449980944,0.3496666461601985,0.0,5.12,4.149440209388703,1.945757220431123,0.0,1.5600145478150282,0.0},fitness=net.sf.jclec.fitness.SimpleValueFitness@f5f2bb7[value=256.61521450014726]]
Median individual: net.sf.jclec.realarray.RealArrayIndividual@282ba1e[genotype={0.0,0.0,3.1968885616277474,0.0,0.38631640515446963,0.0,0.0,1.0944261518889942,1.1921601896723146,2.436591300487869,0.0,0.0,1.7119399506649224,1.5518857702137223,3.0440943486066345,2.356637188364587,4.094490362856758,0.0,2.1021784959254344,0.0,0.0,0.03543958449980944,0.3496666461601985,0.0,5.12,4.149440209388703,1.945757220431123,0.0,1.5600145478150282,0.0},fitness=net.sf.jclec.fitness.SimpleValueFitness@f5f2bb7[value=256.61521450014726]]
Average fitness = 256.61521450014726
Fitness variance = 0.0
Generation 230 Report
Best individual: net.sf.jclec.realarray.RealArrayIndividual@73035e27[genotype={0.0,0.0,3.1968885616277474,0.0,0.38631640515446963,0.0,0.0,1.0944261518889942,1.1921601896723146,2.436591300487869,0.0,0.0,1.7119399506649224,1.5518857702137223,3.0440943486066345,2.356637188364587,4.094490362856758,0.0,2.1021784959254344,0.0,0.0,0.03543958449980944,0.3496666461601985,0.0,5.12,4.149440209388703,1.945757220431123,0.0,1.5600145478150282,0.0},fitness=net.sf.jclec.fitness.SimpleValueFitness@3ecf72fd[value=256.61521450014726]]
Worst individual: net.sf.jclec.realarray.RealArrayIndividual@73035e27[genotype={0.0,0.0,3.1968885616277474,0.0,0.38631640515446963,0.0,0.0,1.0944261518889942,1.1921601896723146,2.436591300487869,0.0,0.0,1.7119399506649224,1.5518857702137223,3.0440943486066345,2.356637188364587,4.094490362856758,0.0,2.1021784959254344,0.0,0.0,0.03543958449980944,0.3496666461601985,0.0,5.12,4.149440209388703,1.945757220431123,0.0,1.5600145478150282,0.0},fitness=net.sf.jclec.fitness.SimpleValueFitness@3ecf72fd[value=256.61521450014726]]
Median individual: net.sf.jclec.realarray.RealArrayIndividual@73035e27[genotype={0.0,0.0,3.1968885616277474,0.0,0.38631640515446963,0.0,0.0,1.0944261518889942,1.1921601896723146,2.436591300487869,0.0,0.0,1.7119399506649224,1.5518857702137223,3.0440943486066345,2.356637188364587,4.094490362856758,0.0,2.1021784959254344,0.0,0.0,0.03543958449980944,0.3496666461601985,0.0,5.12,4.149440209388703,1.945757220431123,0.0,1.5600145478150282,0.0},fitness=net.sf.jclec.fitness.SimpleValueFitness@3ecf72fd[value=256.61521450014726]]
Average fitness = 256.61521450014726
Fitness variance = 0.0
Generation 240 Report
Best individual: net.sf.jclec.realarray.RealArrayIndividual@483bf400[genotype={0.0,0.0,3.1968885616277474,0.0,0.38631640515446963,0.0,0.0,1.0944261518889942,1.1921601896723146,2.436591300487869,0.0,0.0,1.7119399506649224,1.5518857702137223,3.0440943486066345,2.356637188364587,4.094490362856758,0.0,2.1021784959254344,0.0,0.0,0.03543958449980944,0.3496666461601985,0.0,5.12,4.149440209388703,1.945757220431123,0.0,1.5600145478150282,0.0},fitness=net.sf.jclec.fitness.SimpleValueFitness@77f03bb1[value=256.61521450014726]]
Worst individual: net.sf.jclec.realarray.RealArrayIndividual@483bf400[genotype={0.0,0.0,3.1968885616277474,0.0,0.38631640515446963,0.0,0.0,1.0944261518889942,1.1921601896723146,2.436591300487869,0.0,0.0,1.7119399506649224,1.5518857702137223,3.0440943486066345,2.356637188364587,4.094490362856758,0.0,2.1021784959254344,0.0,0.0,0.03543958449980944,0.3496666461601985,0.0,5.12,4.149440209388703,1.945757220431123,0.0,1.5600145478150282,0.0},fitness=net.sf.jclec.fitness.SimpleValueFitness@77f03bb1[value=256.61521450014726]]
Median individual: net.sf.jclec.realarray.RealArrayIndividual@483bf400[genotype={0.0,0.0,3.1968885616277474,0.0,0.38631640515446963,0.0,0.0,1.0944261518889942,1.1921601896723146,2.436591300487869,0.0,0.0,1.7119399506649224,1.5518857702137223,3.0440943486066345,2.356637188364587,4.094490362856758,0.0,2.1021784959254344,0.0,0.0,0.03543958449980944,0.3496666461601985,0.0,5.12,4.149440209388703,1.945757220431123,0.0,1.5600145478150282,0.0},fitness=net.sf.jclec.fitness.SimpleValueFitness@77f03bb1[value=256.61521450014726]]
Average fitness = 256.61521450014726
Fitness variance = 0.0
Generation 250 Report
Best individual: net.sf.jclec.realarray.RealArrayIndividual@326de728[genotype={0.0,0.0,3.1968885616277474,0.0,0.38631640515446963,0.0,0.0,1.0944261518889942,1.1921601896723146,2.436591300487869,0.0,0.0,1.7119399506649224,1.5518857702137223,3.0440943486066345,2.356637188364587,4.094490362856758,0.0,2.1021784959254344,0.0,0.0,0.03543958449980944,0.3496666461601985,0.0,5.12,4.149440209388703,1.945757220431123,0.0,1.5600145478150282,0.0},fitness=net.sf.jclec.fitness.SimpleValueFitness@7a92922[value=256.61521450014726]]
Worst individual: net.sf.jclec.realarray.RealArrayIndividual@326de728[genotype={0.0,0.0,3.1968885616277474,0.0,0.38631640515446963,0.0,0.0,1.0944261518889942,1.1921601896723146,2.436591300487869,0.0,0.0,1.7119399506649224,1.5518857702137223,3.0440943486066345,2.356637188364587,4.094490362856758,0.0,2.1021784959254344,0.0,0.0,0.03543958449980944,0.3496666461601985,0.0,5.12,4.149440209388703,1.945757220431123,0.0,1.5600145478150282,0.0},fitness=net.sf.jclec.fitness.SimpleValueFitness@7a92922[value=256.61521450014726]]
Median individual: net.sf.jclec.realarray.RealArrayIndividual@326de728[genotype={0.0,0.0,3.1968885616277474,0.0,0.38631640515446963,0.0,0.0,1.0944261518889942,1.1921601896723146,2.436591300487869,0.0,0.0,1.7119399506649224,1.5518857702137223,3.0440943486066345,2.356637188364587,4.094490362856758,0.0,2.1021784959254344,0.0,0.0,0.03543958449980944,0.3496666461601985,0.0,5.12,4.149440209388703,1.945757220431123,0.0,1.5600145478150282,0.0},fitness=net.sf.jclec.fitness.SimpleValueFitness@7a92922[value=256.61521450014726]]
Average fitness = 256.61521450014726
Fitness variance = 0.0
Generation 260 Report
Best individual: net.sf.jclec.realarray.RealArrayIndividual@71f2a7d5[genotype={0.0,0.0,3.1968885616277474,0.0,0.38631640515446963,0.0,0.0,1.0944261518889942,1.1921601896723146,2.436591300487869,0.0,0.0,1.7119399506649224,1.5518857702137223,3.0440943486066345,2.356637188364587,4.094490362856758,0.0,2.1021784959254344,0.0,0.0,0.03543958449980944,0.3496666461601985,0.0,5.12,4.149440209388703,1.945757220431123,0.0,1.5600145478150282,0.0},fitness=net.sf.jclec.fitness.SimpleValueFitness@5474c6c[value=256.61521450014726]]
Worst individual: net.sf.jclec.realarray.RealArrayIndividual@71f2a7d5[genotype={0.0,0.0,3.1968885616277474,0.0,0.38631640515446963,0.0,0.0,1.0944261518889942,1.1921601896723146,2.436591300487869,0.0,0.0,1.7119399506649224,1.5518857702137223,3.0440943486066345,2.356637188364587,4.094490362856758,0.0,2.1021784959254344,0.0,0.0,0.03543958449980944,0.3496666461601985,0.0,5.12,4.149440209388703,1.945757220431123,0.0,1.5600145478150282,0.0},fitness=net.sf.jclec.fitness.SimpleValueFitness@5474c6c[value=256.61521450014726]]
Median individual: net.sf.jclec.realarray.RealArrayIndividual@71f2a7d5[genotype={0.0,0.0,3.1968885616277474,0.0,0.38631640515446963,0.0,0.0,1.0944261518889942,1.1921601896723146,2.436591300487869,0.0,0.0,1.7119399506649224,1.5518857702137223,3.0440943486066345,2.356637188364587,4.094490362856758,0.0,2.1021784959254344,0.0,0.0,0.03543958449980944,0.3496666461601985,0.0,5.12,4.149440209388703,1.945757220431123,0.0,1.5600145478150282,0.0},fitness=net.sf.jclec.fitness.SimpleValueFitness@5474c6c[value=256.61521450014726]]
Average fitness = 256.61521450014726
Fitness variance = 0.0
Generation 270 Report
Best individual: net.sf.jclec.realarray.RealArrayIndividual@4b6995df[genotype={0.0,0.0,3.1968885616277474,0.0,0.38631640515446963,0.0,0.0,1.0944261518889942,1.1921601896723146,2.436591300487869,0.0,0.0,1.7119399506649224,1.5518857702137223,3.0440943486066345,2.356637188364587,4.094490362856758,0.0,2.1021784959254344,0.0,0.0,0.03543958449980944,0.3496666461601985,0.0,5.12,4.149440209388703,1.945757220431123,0.0,1.5600145478150282,0.0},fitness=net.sf.jclec.fitness.SimpleValueFitness@591f989e[value=256.61521450014726]]
Worst individual: net.sf.jclec.realarray.RealArrayIndividual@4b6995df[genotype={0.0,0.0,3.1968885616277474,0.0,0.38631640515446963,0.0,0.0,1.0944261518889942,1.1921601896723146,2.436591300487869,0.0,0.0,1.7119399506649224,1.5518857702137223,3.0440943486066345,2.356637188364587,4.094490362856758,0.0,2.1021784959254344,0.0,0.0,0.03543958449980944,0.3496666461601985,0.0,5.12,4.149440209388703,1.945757220431123,0.0,1.5600145478150282,0.0},fitness=net.sf.jclec.fitness.SimpleValueFitness@591f989e[value=256.61521450014726]]
Median individual: net.sf.jclec.realarray.RealArrayIndividual@4b6995df[genotype={0.0,0.0,3.1968885616277474,0.0,0.38631640515446963,0.0,0.0,1.0944261518889942,1.1921601896723146,2.436591300487869,0.0,0.0,1.7119399506649224,1.5518857702137223,3.0440943486066345,2.356637188364587,4.094490362856758,0.0,2.1021784959254344,0.0,0.0,0.03543958449980944,0.3496666461601985,0.0,5.12,4.149440209388703,1.945757220431123,0.0,1.5600145478150282,0.0},fitness=net.sf.jclec.fitness.SimpleValueFitness@591f989e[value=256.61521450014726]]
Average fitness = 256.61521450014726
Fitness variance = 0.0
Generation 280 Report
Best individual: net.sf.jclec.realarray.RealArrayIndividual@66048bfd[genotype={0.5056647596244579,0.0,2.909553378271292,0.0,0.38631640515446963,0.0,0.0,1.0944261518889942,0.38020090696268194,2.436591300487869,0.8429452136183699,0.9364765267260178,1.7119399506649224,0.03312892432619119,2.897339148948629,0.8231954451606471,4.065388124664539,0.0,2.1021784959254344,0.0,1.819473508542484,1.3585690309838674,0.3496666461601985,1.0602813098237798,5.12,3.0108231028704995,1.945757220431123,0.0,0.0,0.0},fitness=net.sf.jclec.fitness.SimpleValueFitness@445b84c0[value=243.7069756423072]]
Worst individual: net.sf.jclec.realarray.RealArrayIndividual@66048bfd[genotype={0.5056647596244579,0.0,2.909553378271292,0.0,0.38631640515446963,0.0,0.0,1.0944261518889942,0.38020090696268194,2.436591300487869,0.8429452136183699,0.9364765267260178,1.7119399506649224,0.03312892432619119,2.897339148948629,0.8231954451606471,4.065388124664539,0.0,2.1021784959254344,0.0,1.819473508542484,1.3585690309838674,0.3496666461601985,1.0602813098237798,5.12,3.0108231028704995,1.945757220431123,0.0,0.0,0.0},fitness=net.sf.jclec.fitness.SimpleValueFitness@445b84c0[value=243.7069756423072]]
Median individual: net.sf.jclec.realarray.RealArrayIndividual@66048bfd[genotype={0.5056647596244579,0.0,2.909553378271292,0.0,0.38631640515446963,0.0,0.0,1.0944261518889942,0.38020090696268194,2.436591300487869,0.8429452136183699,0.9364765267260178,1.7119399506649224,0.03312892432619119,2.897339148948629,0.8231954451606471,4.065388124664539,0.0,2.1021784959254344,0.0,1.819473508542484,1.3585690309838674,0.3496666461601985,1.0602813098237798,5.12,3.0108231028704995,1.945757220431123,0.0,0.0,0.0},fitness=net.sf.jclec.fitness.SimpleValueFitness@445b84c0[value=243.7069756423072]]
Average fitness = 243.7069756423072
Fitness variance = 0.0
Generation 290 Report
Best individual: net.sf.jclec.realarray.RealArrayIndividual@61a52fbd[genotype={0.5056647596244579,0.0,2.909553378271292,0.0,0.38631640515446963,0.0,0.0,1.0944261518889942,0.38020090696268194,2.436591300487869,0.8429452136183699,0.9364765267260178,1.7119399506649224,0.03312892432619119,2.897339148948629,0.8231954451606471,4.065388124664539,0.0,2.1021784959254344,0.0,1.819473508542484,1.3585690309838674,0.3496666461601985,1.0602813098237798,5.12,3.0108231028704995,1.945757220431123,0.0,0.0,0.0},fitness=net.sf.jclec.fitness.SimpleValueFitness@63d4e2ba[value=243.7069756423072]]
Worst individual: net.sf.jclec.realarray.RealArrayIndividual@61a52fbd[genotype={0.5056647596244579,0.0,2.909553378271292,0.0,0.38631640515446963,0.0,0.0,1.0944261518889942,0.38020090696268194,2.436591300487869,0.8429452136183699,0.9364765267260178,1.7119399506649224,0.03312892432619119,2.897339148948629,0.8231954451606471,4.065388124664539,0.0,2.1021784959254344,0.0,1.819473508542484,1.3585690309838674,0.3496666461601985,1.0602813098237798,5.12,3.0108231028704995,1.945757220431123,0.0,0.0,0.0},fitness=net.sf.jclec.fitness.SimpleValueFitness@63d4e2ba[value=243.7069756423072]]
Median individual: net.sf.jclec.realarray.RealArrayIndividual@61a52fbd[genotype={0.5056647596244579,0.0,2.909553378271292,0.0,0.38631640515446963,0.0,0.0,1.0944261518889942,0.38020090696268194,2.436591300487869,0.8429452136183699,0.9364765267260178,1.7119399506649224,0.03312892432619119,2.897339148948629,0.8231954451606471,4.065388124664539,0.0,2.1021784959254344,0.0,1.819473508542484,1.3585690309838674,0.3496666461601985,1.0602813098237798,5.12,3.0108231028704995,1.945757220431123,0.0,0.0,0.0},fitness=net.sf.jclec.fitness.SimpleValueFitness@63d4e2ba[value=243.7069756423072]]
Average fitness = 243.7069756423072
Fitness variance = 0.0
Generation 300 Report
Best individual: net.sf.jclec.realarray.RealArrayIndividual@7bb11784[genotype={0.5056647596244579,0.0,2.909553378271292,0.0,0.38631640515446963,0.0,0.0,1.0944261518889942,0.38020090696268194,2.436591300487869,0.8429452136183699,0.9364765267260178,1.7119399506649224,0.03312892432619119,2.897339148948629,0.8231954451606471,4.065388124664539,0.0,2.1021784959254344,0.0,1.819473508542484,1.3585690309838674,0.3496666461601985,1.0602813098237798,5.12,3.0108231028704995,1.945757220431123,0.0,0.0,0.0},fitness=net.sf.jclec.fitness.SimpleValueFitness@7006c658[value=243.7069756423072]]
Worst individual: net.sf.jclec.realarray.RealArrayIndividual@7bb11784[genotype={0.5056647596244579,0.0,2.909553378271292,0.0,0.38631640515446963,0.0,0.0,1.0944261518889942,0.38020090696268194,2.436591300487869,0.8429452136183699,0.9364765267260178,1.7119399506649224,0.03312892432619119,2.897339148948629,0.8231954451606471,4.065388124664539,0.0,2.1021784959254344,0.0,1.819473508542484,1.3585690309838674,0.3496666461601985,1.0602813098237798,5.12,3.0108231028704995,1.945757220431123,0.0,0.0,0.0},fitness=net.sf.jclec.fitness.SimpleValueFitness@7006c658[value=243.7069756423072]]
Median individual: net.sf.jclec.realarray.RealArrayIndividual@7bb11784[genotype={0.5056647596244579,0.0,2.909553378271292,0.0,0.38631640515446963,0.0,0.0,1.0944261518889942,0.38020090696268194,2.436591300487869,0.8429452136183699,0.9364765267260178,1.7119399506649224,0.03312892432619119,2.897339148948629,0.8231954451606471,4.065388124664539,0.0,2.1021784959254344,0.0,1.819473508542484,1.3585690309838674,0.3496666461601985,1.0602813098237798,5.12,3.0108231028704995,1.945757220431123,0.0,0.0,0.0},fitness=net.sf.jclec.fitness.SimpleValueFitness@7006c658[value=243.7069756423072]]
Average fitness = 243.7069756423072
Fitness variance = 0.0
Generation 310 Report
Best individual: net.sf.jclec.realarray.RealArrayIndividual@34033bd0[genotype={0.5056647596244579,0.0,2.909553378271292,0.0,0.38631640515446963,0.0,0.0,1.0944261518889942,0.38020090696268194,2.436591300487869,0.8429452136183699,0.9364765267260178,1.7119399506649224,0.03312892432619119,2.897339148948629,0.8231954451606471,4.065388124664539,0.0,2.1021784959254344,0.0,1.819473508542484,1.3585690309838674,0.3496666461601985,1.0602813098237798,5.12,3.0108231028704995,1.945757220431123,0.0,0.0,0.0},fitness=net.sf.jclec.fitness.SimpleValueFitness@7cdbc5d3[value=243.7069756423072]]
Worst individual: net.sf.jclec.realarray.RealArrayIndividual@34033bd0[genotype={0.5056647596244579,0.0,2.909553378271292,0.0,0.38631640515446963,0.0,0.0,1.0944261518889942,0.38020090696268194,2.436591300487869,0.8429452136183699,0.9364765267260178,1.7119399506649224,0.03312892432619119,2.897339148948629,0.8231954451606471,4.065388124664539,0.0,2.1021784959254344,0.0,1.819473508542484,1.3585690309838674,0.3496666461601985,1.0602813098237798,5.12,3.0108231028704995,1.945757220431123,0.0,0.0,0.0},fitness=net.sf.jclec.fitness.SimpleValueFitness@7cdbc5d3[value=243.7069756423072]]
Median individual: net.sf.jclec.realarray.RealArrayIndividual@34033bd0[genotype={0.5056647596244579,0.0,2.909553378271292,0.0,0.38631640515446963,0.0,0.0,1.0944261518889942,0.38020090696268194,2.436591300487869,0.8429452136183699,0.9364765267260178,1.7119399506649224,0.03312892432619119,2.897339148948629,0.8231954451606471,4.065388124664539,0.0,2.1021784959254344,0.0,1.819473508542484,1.3585690309838674,0.3496666461601985,1.0602813098237798,5.12,3.0108231028704995,1.945757220431123,0.0,0.0,0.0},fitness=net.sf.jclec.fitness.SimpleValueFitness@7cdbc5d3[value=243.7069756423072]]
Average fitness = 243.7069756423072
Fitness variance = 0.0
Generation 320 Report
Best individual: net.sf.jclec.realarray.RealArrayIndividual@3aa9e816[genotype={0.5056647596244579,0.0,2.909553378271292,0.0,0.38631640515446963,0.0,0.0,1.0944261518889942,0.38020090696268194,2.436591300487869,0.8429452136183699,0.9364765267260178,1.7119399506649224,0.03312892432619119,2.897339148948629,0.8231954451606471,4.065388124664539,0.0,2.1021784959254344,0.0,1.819473508542484,1.3585690309838674,0.3496666461601985,1.0602813098237798,5.12,3.0108231028704995,1.945757220431123,0.0,0.0,0.0},fitness=net.sf.jclec.fitness.SimpleValueFitness@3834d63f[value=243.7069756423072]]
Worst individual: net.sf.jclec.realarray.RealArrayIndividual@3aa9e816[genotype={0.5056647596244579,0.0,2.909553378271292,0.0,0.38631640515446963,0.0,0.0,1.0944261518889942,0.38020090696268194,2.436591300487869,0.8429452136183699,0.9364765267260178,1.7119399506649224,0.03312892432619119,2.897339148948629,0.8231954451606471,4.065388124664539,0.0,2.1021784959254344,0.0,1.819473508542484,1.3585690309838674,0.3496666461601985,1.0602813098237798,5.12,3.0108231028704995,1.945757220431123,0.0,0.0,0.0},fitness=net.sf.jclec.fitness.SimpleValueFitness@3834d63f[value=243.7069756423072]]
Median individual: net.sf.jclec.realarray.RealArrayIndividual@3aa9e816[genotype={0.5056647596244579,0.0,2.909553378271292,0.0,0.38631640515446963,0.0,0.0,1.0944261518889942,0.38020090696268194,2.436591300487869,0.8429452136183699,0.9364765267260178,1.7119399506649224,0.03312892432619119,2.897339148948629,0.8231954451606471,4.065388124664539,0.0,2.1021784959254344,0.0,1.819473508542484,1.3585690309838674,0.3496666461601985,1.0602813098237798,5.12,3.0108231028704995,1.945757220431123,0.0,0.0,0.0},fitness=net.sf.jclec.fitness.SimpleValueFitness@3834d63f[value=243.7069756423072]]
Average fitness = 243.7069756423072
Fitness variance = 0.0
Generation 330 Report
Best individual: net.sf.jclec.realarray.RealArrayIndividual@1ae369b7[genotype={0.5056647596244579,0.0,2.909553378271292,0.0,0.38631640515446963,0.0,0.0,1.0944261518889942,0.38020090696268194,2.436591300487869,0.8429452136183699,0.9364765267260178,1.7119399506649224,0.03312892432619119,2.897339148948629,0.8231954451606471,4.065388124664539,0.0,2.1021784959254344,0.0,1.819473508542484,1.3585690309838674,0.3496666461601985,1.0602813098237798,5.12,3.0108231028704995,1.945757220431123,0.0,0.0,0.0},fitness=net.sf.jclec.fitness.SimpleValueFitness@34340fab[value=243.7069756423072]]
Worst individual: net.sf.jclec.realarray.RealArrayIndividual@1ae369b7[genotype={0.5056647596244579,0.0,2.909553378271292,0.0,0.38631640515446963,0.0,0.0,1.0944261518889942,0.38020090696268194,2.436591300487869,0.8429452136183699,0.9364765267260178,1.7119399506649224,0.03312892432619119,2.897339148948629,0.8231954451606471,4.065388124664539,0.0,2.1021784959254344,0.0,1.819473508542484,1.3585690309838674,0.3496666461601985,1.0602813098237798,5.12,3.0108231028704995,1.945757220431123,0.0,0.0,0.0},fitness=net.sf.jclec.fitness.SimpleValueFitness@34340fab[value=243.7069756423072]]
Median individual: net.sf.jclec.realarray.RealArrayIndividual@1ae369b7[genotype={0.5056647596244579,0.0,2.909553378271292,0.0,0.38631640515446963,0.0,0.0,1.0944261518889942,0.38020090696268194,2.436591300487869,0.8429452136183699,0.9364765267260178,1.7119399506649224,0.03312892432619119,2.897339148948629,0.8231954451606471,4.065388124664539,0.0,2.1021784959254344,0.0,1.819473508542484,1.3585690309838674,0.3496666461601985,1.0602813098237798,5.12,3.0108231028704995,1.945757220431123,0.0,0.0,0.0},fitness=net.sf.jclec.fitness.SimpleValueFitness@34340fab[value=243.7069756423072]]
Average fitness = 243.7069756423072
Fitness variance = 0.0
Generation 340 Report
Best individual: net.sf.jclec.realarray.RealArrayIndividual@2aafb23c[genotype={0.5056647596244579,0.0,2.909553378271292,0.0,0.38631640515446963,0.0,0.0,1.0944261518889942,0.38020090696268194,2.436591300487869,0.8429452136183699,0.9364765267260178,1.7119399506649224,0.03312892432619119,2.897339148948629,0.8231954451606471,4.065388124664539,0.0,2.1021784959254344,0.0,1.819473508542484,1.3585690309838674,0.3496666461601985,1.0602813098237798,5.12,3.0108231028704995,1.945757220431123,0.0,0.0,0.0},fitness=net.sf.jclec.fitness.SimpleValueFitness@3ab39c39[value=243.7069756423072]]
Worst individual: net.sf.jclec.realarray.RealArrayIndividual@2aafb23c[genotype={0.5056647596244579,0.0,2.909553378271292,0.0,0.38631640515446963,0.0,0.0,1.0944261518889942,0.38020090696268194,2.436591300487869,0.8429452136183699,0.9364765267260178,1.7119399506649224,0.03312892432619119,2.897339148948629,0.8231954451606471,4.065388124664539,0.0,2.1021784959254344,0.0,1.819473508542484,1.3585690309838674,0.3496666461601985,1.0602813098237798,5.12,3.0108231028704995,1.945757220431123,0.0,0.0,0.0},fitness=net.sf.jclec.fitness.SimpleValueFitness@3ab39c39[value=243.7069756423072]]
Median individual: net.sf.jclec.realarray.RealArrayIndividual@2aafb23c[genotype={0.5056647596244579,0.0,2.909553378271292,0.0,0.38631640515446963,0.0,0.0,1.0944261518889942,0.38020090696268194,2.436591300487869,0.8429452136183699,0.9364765267260178,1.7119399506649224,0.03312892432619119,2.897339148948629,0.8231954451606471,4.065388124664539,0.0,2.1021784959254344,0.0,1.819473508542484,1.3585690309838674,0.3496666461601985,1.0602813098237798,5.12,3.0108231028704995,1.945757220431123,0.0,0.0,0.0},fitness=net.sf.jclec.fitness.SimpleValueFitness@3ab39c39[value=243.7069756423072]]
Average fitness = 243.7069756423072
Fitness variance = 0.0
Generation 350 Report
Best individual: net.sf.jclec.realarray.RealArrayIndividual@2eee9593[genotype={0.5056647596244579,0.0,2.909553378271292,0.0,0.38631640515446963,0.0,0.0,1.0944261518889942,0.38020090696268194,2.436591300487869,0.8429452136183699,0.9364765267260178,1.7119399506649224,0.03312892432619119,2.897339148948629,0.8231954451606471,4.065388124664539,0.0,2.1021784959254344,0.0,1.819473508542484,1.3585690309838674,0.3496666461601985,1.0602813098237798,5.12,3.0108231028704995,1.945757220431123,0.0,0.0,0.0},fitness=net.sf.jclec.fitness.SimpleValueFitness@546a03af[value=243.7069756423072]]
Worst individual: net.sf.jclec.realarray.RealArrayIndividual@2eee9593[genotype={0.5056647596244579,0.0,2.909553378271292,0.0,0.38631640515446963,0.0,0.0,1.0944261518889942,0.38020090696268194,2.436591300487869,0.8429452136183699,0.9364765267260178,1.7119399506649224,0.03312892432619119,2.897339148948629,0.8231954451606471,4.065388124664539,0.0,2.1021784959254344,0.0,1.819473508542484,1.3585690309838674,0.3496666461601985,1.0602813098237798,5.12,3.0108231028704995,1.945757220431123,0.0,0.0,0.0},fitness=net.sf.jclec.fitness.SimpleValueFitness@546a03af[value=243.7069756423072]]
Median individual: net.sf.jclec.realarray.RealArrayIndividual@2eee9593[genotype={0.5056647596244579,0.0,2.909553378271292,0.0,0.38631640515446963,0.0,0.0,1.0944261518889942,0.38020090696268194,2.436591300487869,0.8429452136183699,0.9364765267260178,1.7119399506649224,0.03312892432619119,2.897339148948629,0.8231954451606471,4.065388124664539,0.0,2.1021784959254344,0.0,1.819473508542484,1.3585690309838674,0.3496666461601985,1.0602813098237798,5.12,3.0108231028704995,1.945757220431123,0.0,0.0,0.0},fitness=net.sf.jclec.fitness.SimpleValueFitness@546a03af[value=243.7069756423072]]
Average fitness = 243.7069756423072
Fitness variance = 0.0
Generation 360 Report
Best individual: net.sf.jclec.realarray.RealArrayIndividual@721e0f4f[genotype={0.5056647596244579,0.0,2.909553378271292,0.0,1.9567152988205316,0.0,0.0,0.0,0.38020090696268194,2.8674030289700143,0.00926888299799189,0.9364765267260178,1.7119399506649224,0.0,2.897339148948629,0.8231954451606471,5.12,0.0,2.1021784959254344,0.6525986824481822,1.819473508542484,1.3585690309838674,0.0,2.8900434650913738,5.12,1.7316136484150078,0.7136993384005079,0.0,0.0,0.0},fitness=net.sf.jclec.fitness.SimpleValueFitness@6ea6d14e[value=242.2751602095556]]
Worst individual: net.sf.jclec.realarray.RealArrayIndividual@721e0f4f[genotype={0.5056647596244579,0.0,2.909553378271292,0.0,1.9567152988205316,0.0,0.0,0.0,0.38020090696268194,2.8674030289700143,0.00926888299799189,0.9364765267260178,1.7119399506649224,0.0,2.897339148948629,0.8231954451606471,5.12,0.0,2.1021784959254344,0.6525986824481822,1.819473508542484,1.3585690309838674,0.0,2.8900434650913738,5.12,1.7316136484150078,0.7136993384005079,0.0,0.0,0.0},fitness=net.sf.jclec.fitness.SimpleValueFitness@6ea6d14e[value=242.2751602095556]]
Median individual: net.sf.jclec.realarray.RealArrayIndividual@721e0f4f[genotype={0.5056647596244579,0.0,2.909553378271292,0.0,1.9567152988205316,0.0,0.0,0.0,0.38020090696268194,2.8674030289700143,0.00926888299799189,0.9364765267260178,1.7119399506649224,0.0,2.897339148948629,0.8231954451606471,5.12,0.0,2.1021784959254344,0.6525986824481822,1.819473508542484,1.3585690309838674,0.0,2.8900434650913738,5.12,1.7316136484150078,0.7136993384005079,0.0,0.0,0.0},fitness=net.sf.jclec.fitness.SimpleValueFitness@6ea6d14e[value=242.2751602095556]]
Average fitness = 242.2751602095556
Fitness variance = 0.0
Generation 370 Report
Best individual: net.sf.jclec.realarray.RealArrayIndividual@6ad5c04e[genotype={0.5056647596244579,0.0,2.909553378271292,0.0,1.9567152988205316,0.0,0.0,0.0,0.38020090696268194,2.8674030289700143,0.00926888299799189,0.9364765267260178,1.7119399506649224,0.0,2.897339148948629,0.8231954451606471,5.12,0.0,2.1021784959254344,0.6525986824481822,1.819473508542484,1.3585690309838674,0.0,2.8900434650913738,5.12,1.7316136484150078,0.7136993384005079,0.0,0.0,0.0},fitness=net.sf.jclec.fitness.SimpleValueFitness@725bef66[value=242.2751602095556]]
Worst individual: net.sf.jclec.realarray.RealArrayIndividual@6ad5c04e[genotype={0.5056647596244579,0.0,2.909553378271292,0.0,1.9567152988205316,0.0,0.0,0.0,0.38020090696268194,2.8674030289700143,0.00926888299799189,0.9364765267260178,1.7119399506649224,0.0,2.897339148948629,0.8231954451606471,5.12,0.0,2.1021784959254344,0.6525986824481822,1.819473508542484,1.3585690309838674,0.0,2.8900434650913738,5.12,1.7316136484150078,0.7136993384005079,0.0,0.0,0.0},fitness=net.sf.jclec.fitness.SimpleValueFitness@725bef66[value=242.2751602095556]]
Median individual: net.sf.jclec.realarray.RealArrayIndividual@6ad5c04e[genotype={0.5056647596244579,0.0,2.909553378271292,0.0,1.9567152988205316,0.0,0.0,0.0,0.38020090696268194,2.8674030289700143,0.00926888299799189,0.9364765267260178,1.7119399506649224,0.0,2.897339148948629,0.8231954451606471,5.12,0.0,2.1021784959254344,0.6525986824481822,1.819473508542484,1.3585690309838674,0.0,2.8900434650913738,5.12,1.7316136484150078,0.7136993384005079,0.0,0.0,0.0},fitness=net.sf.jclec.fitness.SimpleValueFitness@725bef66[value=242.2751602095556]]
Average fitness = 242.2751602095556
Fitness variance = 0.0
Generation 380 Report
Best individual: net.sf.jclec.realarray.RealArrayIndividual@2aaf7cc2[genotype={0.5056647596244579,0.0,2.909553378271292,0.0,1.9567152988205316,0.0,0.0,0.0,0.38020090696268194,2.8674030289700143,0.00926888299799189,0.9364765267260178,1.7119399506649224,0.0,2.897339148948629,0.8231954451606471,5.12,0.0,2.1021784959254344,0.6525986824481822,1.819473508542484,1.3585690309838674,0.0,2.8900434650913738,5.12,1.7316136484150078,0.7136993384005079,0.0,0.0,0.0},fitness=net.sf.jclec.fitness.SimpleValueFitness@1888ff2c[value=242.2751602095556]]
Worst individual: net.sf.jclec.realarray.RealArrayIndividual@2aaf7cc2[genotype={0.5056647596244579,0.0,2.909553378271292,0.0,1.9567152988205316,0.0,0.0,0.0,0.38020090696268194,2.8674030289700143,0.00926888299799189,0.9364765267260178,1.7119399506649224,0.0,2.897339148948629,0.8231954451606471,5.12,0.0,2.1021784959254344,0.6525986824481822,1.819473508542484,1.3585690309838674,0.0,2.8900434650913738,5.12,1.7316136484150078,0.7136993384005079,0.0,0.0,0.0},fitness=net.sf.jclec.fitness.SimpleValueFitness@1888ff2c[value=242.2751602095556]]
Median individual: net.sf.jclec.realarray.RealArrayIndividual@2aaf7cc2[genotype={0.5056647596244579,0.0,2.909553378271292,0.0,1.9567152988205316,0.0,0.0,0.0,0.38020090696268194,2.8674030289700143,0.00926888299799189,0.9364765267260178,1.7119399506649224,0.0,2.897339148948629,0.8231954451606471,5.12,0.0,2.1021784959254344,0.6525986824481822,1.819473508542484,1.3585690309838674,0.0,2.8900434650913738,5.12,1.7316136484150078,0.7136993384005079,0.0,0.0,0.0},fitness=net.sf.jclec.fitness.SimpleValueFitness@1888ff2c[value=242.2751602095556]]
Average fitness = 242.2751602095556
Fitness variance = 0.0
Generation 390 Report
Best individual: net.sf.jclec.realarray.RealArrayIndividual@35851384[genotype={0.5056647596244579,0.0,2.909553378271292,0.0,1.9567152988205316,0.0,0.0,0.0,0.38020090696268194,2.8674030289700143,0.00926888299799189,0.9364765267260178,1.7119399506649224,0.0,2.897339148948629,0.8231954451606471,5.12,0.0,2.1021784959254344,0.6525986824481822,1.819473508542484,1.3585690309838674,0.0,2.8900434650913738,5.12,1.7316136484150078,0.7136993384005079,0.0,0.0,0.0},fitness=net.sf.jclec.fitness.SimpleValueFitness@6adca536[value=242.2751602095556]]
Worst individual: net.sf.jclec.realarray.RealArrayIndividual@35851384[genotype={0.5056647596244579,0.0,2.909553378271292,0.0,1.9567152988205316,0.0,0.0,0.0,0.38020090696268194,2.8674030289700143,0.00926888299799189,0.9364765267260178,1.7119399506649224,0.0,2.897339148948629,0.8231954451606471,5.12,0.0,2.1021784959254344,0.6525986824481822,1.819473508542484,1.3585690309838674,0.0,2.8900434650913738,5.12,1.7316136484150078,0.7136993384005079,0.0,0.0,0.0},fitness=net.sf.jclec.fitness.SimpleValueFitness@6adca536[value=242.2751602095556]]
Median individual: net.sf.jclec.realarray.RealArrayIndividual@35851384[genotype={0.5056647596244579,0.0,2.909553378271292,0.0,1.9567152988205316,0.0,0.0,0.0,0.38020090696268194,2.8674030289700143,0.00926888299799189,0.9364765267260178,1.7119399506649224,0.0,2.897339148948629,0.8231954451606471,5.12,0.0,2.1021784959254344,0.6525986824481822,1.819473508542484,1.3585690309838674,0.0,2.8900434650913738,5.12,1.7316136484150078,0.7136993384005079,0.0,0.0,0.0},fitness=net.sf.jclec.fitness.SimpleValueFitness@6adca536[value=242.2751602095556]]
Average fitness = 242.2751602095556
Fitness variance = 0.0
Generation 400 Report
Best individual: net.sf.jclec.realarray.RealArrayIndividual@357246de[genotype={0.5056647596244579,0.0,2.909553378271292,0.0,1.9567152988205316,0.0,0.0,0.0,0.38020090696268194,2.8674030289700143,0.00926888299799189,0.9364765267260178,1.7119399506649224,0.0,2.897339148948629,0.8231954451606471,5.12,0.0,2.1021784959254344,0.6525986824481822,1.819473508542484,1.3585690309838674,0.0,2.8900434650913738,5.12,1.7316136484150078,0.7136993384005079,0.0,0.0,0.0},fitness=net.sf.jclec.fitness.SimpleValueFitness@256216b3[value=242.2751602095556]]
Worst individual: net.sf.jclec.realarray.RealArrayIndividual@357246de[genotype={0.5056647596244579,0.0,2.909553378271292,0.0,1.9567152988205316,0.0,0.0,0.0,0.38020090696268194,2.8674030289700143,0.00926888299799189,0.9364765267260178,1.7119399506649224,0.0,2.897339148948629,0.8231954451606471,5.12,0.0,2.1021784959254344,0.6525986824481822,1.819473508542484,1.3585690309838674,0.0,2.8900434650913738,5.12,1.7316136484150078,0.7136993384005079,0.0,0.0,0.0},fitness=net.sf.jclec.fitness.SimpleValueFitness@256216b3[value=242.2751602095556]]
Median individual: net.sf.jclec.realarray.RealArrayIndividual@357246de[genotype={0.5056647596244579,0.0,2.909553378271292,0.0,1.9567152988205316,0.0,0.0,0.0,0.38020090696268194,2.8674030289700143,0.00926888299799189,0.9364765267260178,1.7119399506649224,0.0,2.897339148948629,0.8231954451606471,5.12,0.0,2.1021784959254344,0.6525986824481822,1.819473508542484,1.3585690309838674,0.0,2.8900434650913738,5.12,1.7316136484150078,0.7136993384005079,0.0,0.0,0.0},fitness=net.sf.jclec.fitness.SimpleValueFitness@256216b3[value=242.2751602095556]]
Average fitness = 242.2751602095556
Fitness variance = 0.0
Generation 410 Report
Best individual: net.sf.jclec.realarray.RealArrayIndividual@2a18f23c[genotype={0.5056647596244579,0.0,2.909553378271292,0.0,1.9567152988205316,0.0,0.0,0.0,0.38020090696268194,2.8674030289700143,0.00926888299799189,0.9364765267260178,1.7119399506649224,0.0,2.897339148948629,0.8231954451606471,5.12,0.0,2.1021784959254344,0.6525986824481822,1.819473508542484,1.3585690309838674,0.0,2.8900434650913738,5.12,1.7316136484150078,0.7136993384005079,0.0,0.0,0.0},fitness=net.sf.jclec.fitness.SimpleValueFitness@16c0663d[value=242.2751602095556]]
Worst individual: net.sf.jclec.realarray.RealArrayIndividual@2a18f23c[genotype={0.5056647596244579,0.0,2.909553378271292,0.0,1.9567152988205316,0.0,0.0,0.0,0.38020090696268194,2.8674030289700143,0.00926888299799189,0.9364765267260178,1.7119399506649224,0.0,2.897339148948629,0.8231954451606471,5.12,0.0,2.1021784959254344,0.6525986824481822,1.819473508542484,1.3585690309838674,0.0,2.8900434650913738,5.12,1.7316136484150078,0.7136993384005079,0.0,0.0,0.0},fitness=net.sf.jclec.fitness.SimpleValueFitness@16c0663d[value=242.2751602095556]]
Median individual: net.sf.jclec.realarray.RealArrayIndividual@2a18f23c[genotype={0.5056647596244579,0.0,2.909553378271292,0.0,1.9567152988205316,0.0,0.0,0.0,0.38020090696268194,2.8674030289700143,0.00926888299799189,0.9364765267260178,1.7119399506649224,0.0,2.897339148948629,0.8231954451606471,5.12,0.0,2.1021784959254344,0.6525986824481822,1.819473508542484,1.3585690309838674,0.0,2.8900434650913738,5.12,1.7316136484150078,0.7136993384005079,0.0,0.0,0.0},fitness=net.sf.jclec.fitness.SimpleValueFitness@16c0663d[value=242.2751602095556]]
Average fitness = 242.2751602095556
Fitness variance = 0.0
Generation 420 Report
Best individual: net.sf.jclec.realarray.RealArrayIndividual@23223dd8[genotype={0.5056647596244579,0.0,2.909553378271292,0.0,1.9567152988205316,0.0,0.0,0.0,0.38020090696268194,2.8674030289700143,0.00926888299799189,0.9364765267260178,1.7119399506649224,0.0,2.897339148948629,0.8231954451606471,5.12,0.0,2.1021784959254344,0.6525986824481822,1.819473508542484,1.3585690309838674,0.0,2.8900434650913738,5.12,1.7316136484150078,0.7136993384005079,0.0,0.0,0.0},fitness=net.sf.jclec.fitness.SimpleValueFitness@1b40d5f0[value=242.2751602095556]]
Worst individual: net.sf.jclec.realarray.RealArrayIndividual@23223dd8[genotype={0.5056647596244579,0.0,2.909553378271292,0.0,1.9567152988205316,0.0,0.0,0.0,0.38020090696268194,2.8674030289700143,0.00926888299799189,0.9364765267260178,1.7119399506649224,0.0,2.897339148948629,0.8231954451606471,5.12,0.0,2.1021784959254344,0.6525986824481822,1.819473508542484,1.3585690309838674,0.0,2.8900434650913738,5.12,1.7316136484150078,0.7136993384005079,0.0,0.0,0.0},fitness=net.sf.jclec.fitness.SimpleValueFitness@1b40d5f0[value=242.2751602095556]]
Median individual: net.sf.jclec.realarray.RealArrayIndividual@23223dd8[genotype={0.5056647596244579,0.0,2.909553378271292,0.0,1.9567152988205316,0.0,0.0,0.0,0.38020090696268194,2.8674030289700143,0.00926888299799189,0.9364765267260178,1.7119399506649224,0.0,2.897339148948629,0.8231954451606471,5.12,0.0,2.1021784959254344,0.6525986824481822,1.819473508542484,1.3585690309838674,0.0,2.8900434650913738,5.12,1.7316136484150078,0.7136993384005079,0.0,0.0,0.0},fitness=net.sf.jclec.fitness.SimpleValueFitness@1b40d5f0[value=242.2751602095556]]
Average fitness = 242.2751602095556
Fitness variance = 0.0
Generation 430 Report
Best individual: net.sf.jclec.realarray.RealArrayIndividual@ea4a92b[genotype={0.5056647596244579,0.0,2.909553378271292,0.0,1.9567152988205316,0.0,0.0,0.0,0.38020090696268194,2.8674030289700143,0.00926888299799189,0.9364765267260178,1.7119399506649224,0.0,2.897339148948629,0.8231954451606471,5.12,0.0,2.1021784959254344,0.6525986824481822,1.819473508542484,1.3585690309838674,0.0,2.8900434650913738,5.12,1.7316136484150078,0.7136993384005079,0.0,0.0,0.0},fitness=net.sf.jclec.fitness.SimpleValueFitness@47f37ef1[value=242.2751602095556]]
Worst individual: net.sf.jclec.realarray.RealArrayIndividual@ea4a92b[genotype={0.5056647596244579,0.0,2.909553378271292,0.0,1.9567152988205316,0.0,0.0,0.0,0.38020090696268194,2.8674030289700143,0.00926888299799189,0.9364765267260178,1.7119399506649224,0.0,2.897339148948629,0.8231954451606471,5.12,0.0,2.1021784959254344,0.6525986824481822,1.819473508542484,1.3585690309838674,0.0,2.8900434650913738,5.12,1.7316136484150078,0.7136993384005079,0.0,0.0,0.0},fitness=net.sf.jclec.fitness.SimpleValueFitness@47f37ef1[value=242.2751602095556]]
Median individual: net.sf.jclec.realarray.RealArrayIndividual@ea4a92b[genotype={0.5056647596244579,0.0,2.909553378271292,0.0,1.9567152988205316,0.0,0.0,0.0,0.38020090696268194,2.8674030289700143,0.00926888299799189,0.9364765267260178,1.7119399506649224,0.0,2.897339148948629,0.8231954451606471,5.12,0.0,2.1021784959254344,0.6525986824481822,1.819473508542484,1.3585690309838674,0.0,2.8900434650913738,5.12,1.7316136484150078,0.7136993384005079,0.0,0.0,0.0},fitness=net.sf.jclec.fitness.SimpleValueFitness@47f37ef1[value=242.2751602095556]]
Average fitness = 242.2751602095556
Fitness variance = 0.0
Generation 440 Report
Best individual: net.sf.jclec.realarray.RealArrayIndividual@5a01ccaa[genotype={0.5056647596244579,0.0,2.909553378271292,0.0,1.9567152988205316,0.0,0.0,0.0,0.38020090696268194,2.8674030289700143,0.00926888299799189,0.9364765267260178,1.7119399506649224,0.0,2.897339148948629,0.8231954451606471,5.12,0.0,2.1021784959254344,0.6525986824481822,1.819473508542484,1.3585690309838674,0.0,2.8900434650913738,5.12,1.7316136484150078,0.7136993384005079,0.0,0.0,0.0},fitness=net.sf.jclec.fitness.SimpleValueFitness@19bb089b[value=242.2751602095556]]
Worst individual: net.sf.jclec.realarray.RealArrayIndividual@5a01ccaa[genotype={0.5056647596244579,0.0,2.909553378271292,0.0,1.9567152988205316,0.0,0.0,0.0,0.38020090696268194,2.8674030289700143,0.00926888299799189,0.9364765267260178,1.7119399506649224,0.0,2.897339148948629,0.8231954451606471,5.12,0.0,2.1021784959254344,0.6525986824481822,1.819473508542484,1.3585690309838674,0.0,2.8900434650913738,5.12,1.7316136484150078,0.7136993384005079,0.0,0.0,0.0},fitness=net.sf.jclec.fitness.SimpleValueFitness@19bb089b[value=242.2751602095556]]
Median individual: net.sf.jclec.realarray.RealArrayIndividual@5a01ccaa[genotype={0.5056647596244579,0.0,2.909553378271292,0.0,1.9567152988205316,0.0,0.0,0.0,0.38020090696268194,2.8674030289700143,0.00926888299799189,0.9364765267260178,1.7119399506649224,0.0,2.897339148948629,0.8231954451606471,5.12,0.0,2.1021784959254344,0.6525986824481822,1.819473508542484,1.3585690309838674,0.0,2.8900434650913738,5.12,1.7316136484150078,0.7136993384005079,0.0,0.0,0.0},fitness=net.sf.jclec.fitness.SimpleValueFitness@19bb089b[value=242.2751602095556]]
Average fitness = 242.2751602095556
Fitness variance = 0.0
Generation 450 Report
Best individual: net.sf.jclec.realarray.RealArrayIndividual@4563e9ab[genotype={0.5056647596244579,0.0,2.909553378271292,0.0,1.9567152988205316,0.0,0.0,0.0,0.38020090696268194,2.8674030289700143,0.00926888299799189,0.9364765267260178,1.7119399506649224,0.0,2.897339148948629,0.8231954451606471,5.12,0.0,2.1021784959254344,0.6525986824481822,1.819473508542484,1.3585690309838674,0.0,2.8900434650913738,5.12,1.7316136484150078,0.7136993384005079,0.0,0.0,0.0},fitness=net.sf.jclec.fitness.SimpleValueFitness@5e025e70[value=242.2751602095556]]
Worst individual: net.sf.jclec.realarray.RealArrayIndividual@4563e9ab[genotype={0.5056647596244579,0.0,2.909553378271292,0.0,1.9567152988205316,0.0,0.0,0.0,0.38020090696268194,2.8674030289700143,0.00926888299799189,0.9364765267260178,1.7119399506649224,0.0,2.897339148948629,0.8231954451606471,5.12,0.0,2.1021784959254344,0.6525986824481822,1.819473508542484,1.3585690309838674,0.0,2.8900434650913738,5.12,1.7316136484150078,0.7136993384005079,0.0,0.0,0.0},fitness=net.sf.jclec.fitness.SimpleValueFitness@5e025e70[value=242.2751602095556]]
Median individual: net.sf.jclec.realarray.RealArrayIndividual@4563e9ab[genotype={0.5056647596244579,0.0,2.909553378271292,0.0,1.9567152988205316,0.0,0.0,0.0,0.38020090696268194,2.8674030289700143,0.00926888299799189,0.9364765267260178,1.7119399506649224,0.0,2.897339148948629,0.8231954451606471,5.12,0.0,2.1021784959254344,0.6525986824481822,1.819473508542484,1.3585690309838674,0.0,2.8900434650913738,5.12,1.7316136484150078,0.7136993384005079,0.0,0.0,0.0},fitness=net.sf.jclec.fitness.SimpleValueFitness@5e025e70[value=242.2751602095556]]
Average fitness = 242.2751602095556
Fitness variance = 0.0
Generation 460 Report
Best individual: net.sf.jclec.realarray.RealArrayIndividual@1fbc7afb[genotype={0.5056647596244579,0.0,2.909553378271292,0.0,1.9567152988205316,0.0,0.0,0.0,0.38020090696268194,2.8674030289700143,0.00926888299799189,0.9364765267260178,1.7119399506649224,0.0,2.897339148948629,0.8231954451606471,5.12,0.0,2.1021784959254344,0.6525986824481822,1.819473508542484,1.3585690309838674,0.0,2.8900434650913738,5.12,1.7316136484150078,0.7136993384005079,0.0,0.0,0.0},fitness=net.sf.jclec.fitness.SimpleValueFitness@4cdbe50f[value=242.2751602095556]]
Worst individual: net.sf.jclec.realarray.RealArrayIndividual@1fbc7afb[genotype={0.5056647596244579,0.0,2.909553378271292,0.0,1.9567152988205316,0.0,0.0,0.0,0.38020090696268194,2.8674030289700143,0.00926888299799189,0.9364765267260178,1.7119399506649224,0.0,2.897339148948629,0.8231954451606471,5.12,0.0,2.1021784959254344,0.6525986824481822,1.819473508542484,1.3585690309838674,0.0,2.8900434650913738,5.12,1.7316136484150078,0.7136993384005079,0.0,0.0,0.0},fitness=net.sf.jclec.fitness.SimpleValueFitness@4cdbe50f[value=242.2751602095556]]
Median individual: net.sf.jclec.realarray.RealArrayIndividual@1fbc7afb[genotype={0.5056647596244579,0.0,2.909553378271292,0.0,1.9567152988205316,0.0,0.0,0.0,0.38020090696268194,2.8674030289700143,0.00926888299799189,0.9364765267260178,1.7119399506649224,0.0,2.897339148948629,0.8231954451606471,5.12,0.0,2.1021784959254344,0.6525986824481822,1.819473508542484,1.3585690309838674,0.0,2.8900434650913738,5.12,1.7316136484150078,0.7136993384005079,0.0,0.0,0.0},fitness=net.sf.jclec.fitness.SimpleValueFitness@4cdbe50f[value=242.2751602095556]]
Average fitness = 242.2751602095556
Fitness variance = 0.0
Generation 470 Report
Best individual: net.sf.jclec.realarray.RealArrayIndividual@66d33a[genotype={0.5056647596244579,0.0,2.909553378271292,0.0,1.9567152988205316,0.0,0.0,0.0,0.38020090696268194,2.8674030289700143,0.00926888299799189,0.9364765267260178,1.7119399506649224,0.0,2.897339148948629,0.8231954451606471,5.12,0.0,2.1021784959254344,0.6525986824481822,1.819473508542484,1.3585690309838674,0.0,2.8900434650913738,5.12,1.7316136484150078,0.7136993384005079,0.0,0.0,0.0},fitness=net.sf.jclec.fitness.SimpleValueFitness@7e0babb1[value=242.2751602095556]]
Worst individual: net.sf.jclec.realarray.RealArrayIndividual@66d33a[genotype={0.5056647596244579,0.0,2.909553378271292,0.0,1.9567152988205316,0.0,0.0,0.0,0.38020090696268194,2.8674030289700143,0.00926888299799189,0.9364765267260178,1.7119399506649224,0.0,2.897339148948629,0.8231954451606471,5.12,0.0,2.1021784959254344,0.6525986824481822,1.819473508542484,1.3585690309838674,0.0,2.8900434650913738,5.12,1.7316136484150078,0.7136993384005079,0.0,0.0,0.0},fitness=net.sf.jclec.fitness.SimpleValueFitness@7e0babb1[value=242.2751602095556]]
Median individual: net.sf.jclec.realarray.RealArrayIndividual@66d33a[genotype={0.5056647596244579,0.0,2.909553378271292,0.0,1.9567152988205316,0.0,0.0,0.0,0.38020090696268194,2.8674030289700143,0.00926888299799189,0.9364765267260178,1.7119399506649224,0.0,2.897339148948629,0.8231954451606471,5.12,0.0,2.1021784959254344,0.6525986824481822,1.819473508542484,1.3585690309838674,0.0,2.8900434650913738,5.12,1.7316136484150078,0.7136993384005079,0.0,0.0,0.0},fitness=net.sf.jclec.fitness.SimpleValueFitness@7e0babb1[value=242.2751602095556]]
Average fitness = 242.2751602095556
Fitness variance = 0.0
Generation 480 Report
Best individual: net.sf.jclec.realarray.RealArrayIndividual@6debcae2[genotype={0.5056647596244579,0.0,2.909553378271292,0.0,1.9567152988205316,0.0,0.0,0.0,0.38020090696268194,2.8674030289700143,0.00926888299799189,0.9364765267260178,1.7119399506649224,0.0,2.897339148948629,0.8231954451606471,5.12,0.0,2.1021784959254344,0.6525986824481822,1.819473508542484,1.3585690309838674,0.0,2.8900434650913738,5.12,1.7316136484150078,0.7136993384005079,0.0,0.0,0.0},fitness=net.sf.jclec.fitness.SimpleValueFitness@2ff4f00f[value=242.2751602095556]]
Worst individual: net.sf.jclec.realarray.RealArrayIndividual@6debcae2[genotype={0.5056647596244579,0.0,2.909553378271292,0.0,1.9567152988205316,0.0,0.0,0.0,0.38020090696268194,2.8674030289700143,0.00926888299799189,0.9364765267260178,1.7119399506649224,0.0,2.897339148948629,0.8231954451606471,5.12,0.0,2.1021784959254344,0.6525986824481822,1.819473508542484,1.3585690309838674,0.0,2.8900434650913738,5.12,1.7316136484150078,0.7136993384005079,0.0,0.0,0.0},fitness=net.sf.jclec.fitness.SimpleValueFitness@2ff4f00f[value=242.2751602095556]]
Median individual: net.sf.jclec.realarray.RealArrayIndividual@6debcae2[genotype={0.5056647596244579,0.0,2.909553378271292,0.0,1.9567152988205316,0.0,0.0,0.0,0.38020090696268194,2.8674030289700143,0.00926888299799189,0.9364765267260178,1.7119399506649224,0.0,2.897339148948629,0.8231954451606471,5.12,0.0,2.1021784959254344,0.6525986824481822,1.819473508542484,1.3585690309838674,0.0,2.8900434650913738,5.12,1.7316136484150078,0.7136993384005079,0.0,0.0,0.0},fitness=net.sf.jclec.fitness.SimpleValueFitness@2ff4f00f[value=242.2751602095556]]
Average fitness = 242.2751602095556
Fitness variance = 0.0
Generation 490 Report
Best individual: net.sf.jclec.realarray.RealArrayIndividual@c818063[genotype={0.0,0.0,2.909553378271292,0.0,1.805537819967203,0.0,0.0,0.1768598348915238,0.0,2.8674030289700143,0.00926888299799189,1.8444917323505496,1.9892076550542939,0.0,2.270038176991616,0.20079903780736763,5.12,0.0,2.5478949268961046,0.37987648526489903,0.5432121650905186,2.74017943844754,0.043526433228123995,0.9035289734985341,5.12,1.7316136484150078,0.0,0.0,0.0,0.0},fitness=net.sf.jclec.fitness.SimpleValueFitness@75bd9247[value=228.67876995185264]]
Worst individual: net.sf.jclec.realarray.RealArrayIndividual@c818063[genotype={0.0,0.0,2.909553378271292,0.0,1.805537819967203,0.0,0.0,0.1768598348915238,0.0,2.8674030289700143,0.00926888299799189,1.8444917323505496,1.9892076550542939,0.0,2.270038176991616,0.20079903780736763,5.12,0.0,2.5478949268961046,0.37987648526489903,0.5432121650905186,2.74017943844754,0.043526433228123995,0.9035289734985341,5.12,1.7316136484150078,0.0,0.0,0.0,0.0},fitness=net.sf.jclec.fitness.SimpleValueFitness@75bd9247[value=228.67876995185264]]
Median individual: net.sf.jclec.realarray.RealArrayIndividual@c818063[genotype={0.0,0.0,2.909553378271292,0.0,1.805537819967203,0.0,0.0,0.1768598348915238,0.0,2.8674030289700143,0.00926888299799189,1.8444917323505496,1.9892076550542939,0.0,2.270038176991616,0.20079903780736763,5.12,0.0,2.5478949268961046,0.37987648526489903,0.5432121650905186,2.74017943844754,0.043526433228123995,0.9035289734985341,5.12,1.7316136484150078,0.0,0.0,0.0,0.0},fitness=net.sf.jclec.fitness.SimpleValueFitness@75bd9247[value=228.67876995185264]]
Average fitness = 228.67876995185264
Fitness variance = 0.0
Generation 500 Report
Best individual: net.sf.jclec.realarray.RealArrayIndividual@7d417077[genotype={0.0,0.0,2.909553378271292,0.0,1.805537819967203,0.0,0.0,0.1768598348915238,0.0,2.8674030289700143,0.00926888299799189,1.8444917323505496,1.9892076550542939,0.0,2.270038176991616,0.20079903780736763,5.12,0.0,2.5478949268961046,0.37987648526489903,0.5432121650905186,2.74017943844754,0.043526433228123995,0.9035289734985341,5.12,1.7316136484150078,0.0,0.0,0.0,0.0},fitness=net.sf.jclec.fitness.SimpleValueFitness@35bbe5e8[value=228.67876995185264]]
Worst individual: net.sf.jclec.realarray.RealArrayIndividual@7d417077[genotype={0.0,0.0,2.909553378271292,0.0,1.805537819967203,0.0,0.0,0.1768598348915238,0.0,2.8674030289700143,0.00926888299799189,1.8444917323505496,1.9892076550542939,0.0,2.270038176991616,0.20079903780736763,5.12,0.0,2.5478949268961046,0.37987648526489903,0.5432121650905186,2.74017943844754,0.043526433228123995,0.9035289734985341,5.12,1.7316136484150078,0.0,0.0,0.0,0.0},fitness=net.sf.jclec.fitness.SimpleValueFitness@35bbe5e8[value=228.67876995185264]]
Median individual: net.sf.jclec.realarray.RealArrayIndividual@7d417077[genotype={0.0,0.0,2.909553378271292,0.0,1.805537819967203,0.0,0.0,0.1768598348915238,0.0,2.8674030289700143,0.00926888299799189,1.8444917323505496,1.9892076550542939,0.0,2.270038176991616,0.20079903780736763,5.12,0.0,2.5478949268961046,0.37987648526489903,0.5432121650905186,2.74017943844754,0.043526433228123995,0.9035289734985341,5.12,1.7316136484150078,0.0,0.0,0.0,0.0},fitness=net.sf.jclec.fitness.SimpleValueFitness@35bbe5e8[value=228.67876995185264]]
Average fitness = 228.67876995185264
Fitness variance = 0.0
