Wed Nov 28 15.56.07 CET 2018
Generation 0 Report
Best individual: net.sf.jclec.realarray.RealArrayIndividual@5a2e4553[genotype={1.7753220016855866,1.9151395819048997,0.8737283563342397,4.320862697116959,2.7112738346952163,0.7633593648120295,0.6101589345346494,2.0288935332170954,4.174840654677143,3.8988546957311083,4.274621014280801,4.822987304060983,0.11660411675700737,1.3605273546070638,3.050604939162827,1.9786135950561778,0.8016365985022721,0.050585609861143556,2.1410968100485483,2.0990059709458277,1.1631838281100213,4.297907078586608,0.05168261192046285,3.285501445675891,1.4312291630793996,2.5901942887581497,1.0452614735355588,0.5318820836080728,3.222359215828334,2.342660738901377},fitness=net.sf.jclec.fitness.SimpleValueFitness@6659c656[value=429.65844253007606]]
Worst individual: net.sf.jclec.realarray.RealArrayIndividual@3f102e87[genotype={0.006666758242167297,2.4327475018777553,4.612893554533462,3.010025924232325,2.278554768678736,4.360134904016999,0.3081147444782751,4.959210304485666,1.4848716306097691,1.8145766943563286,0.64913509707695,4.748695097656008,4.0460320431111665,5.027544859589951,2.3983675370658633,4.414469886939474,0.45092781103869495,4.402298217601371,4.782739886467706,1.9302678538969846,3.357584007703012,3.3279062224512,4.44836440528504,3.613687907009843,3.452451504395053,0.7252007348313795,4.556020872796092,2.494186965260444,3.4277708892509122,3.918528308385108},fitness=net.sf.jclec.fitness.SimpleValueFitness@5f5a92bb[value=721.7624810467726]]
Median individual: net.sf.jclec.realarray.RealArrayIndividual@26f0a63f[genotype={3.7530087611795455,2.752377465881472,2.6445773821670127,2.0285836844232494,4.019586937314531,4.7887375038758995,2.3680632259180685,0.4239491506735314,2.1670273441644405,2.274276201724807,4.488333121088495,1.899007465147447,5.02519892799601,3.509550659946886,3.2824005234836746,0.15713472079370294,1.7660534338708553,1.9677050030115646,4.29303023833909,3.4985560107138003,1.3215545060831029,2.2220688114239517,4.405491789255952,4.399172099333027,3.120242985895047,2.587667163807525,3.7206460822464598,2.4231541268871175,0.8057801156325741,3.712906957737423},fitness=net.sf.jclec.fitness.SimpleValueFitness@53bd815b[value=619.299355756358]]
Average fitness = 552.4966767972215
Fitness variance = 2685.3457086939015
Generation 10 Report
Best individual: net.sf.jclec.realarray.RealArrayIndividual@4ca8195f[genotype={4.844710904790497,0.09957266306468776,0.0,0.19482444102112412,3.175805951000078,0.0,1.0172628869866174,3.7142808639864446,2.691205863395519,2.994498184719334,1.1200331666618712,0.007116152048433522,2.0675388882492367,0.0,3.8973430222883785,0.8520474040858832,3.877716384266455,1.7805037973855393,2.4578033883051753,0.0,1.387074233827767,4.319001427981889,1.9714855510974119,1.8955796690301305,1.8457419418452834,3.814649916819145,0.8129766905668654,0.4806334679565567,5.115146619519852,0.0},fitness=net.sf.jclec.fitness.SimpleValueFitness@61baa894[value=340.8878863402058]]
Worst individual: net.sf.jclec.realarray.RealArrayIndividual@4ca8195f[genotype={4.844710904790497,0.09957266306468776,0.0,0.19482444102112412,3.175805951000078,0.0,1.0172628869866174,3.7142808639864446,2.691205863395519,2.994498184719334,1.1200331666618712,0.007116152048433522,2.0675388882492367,0.0,3.8973430222883785,0.8520474040858832,3.877716384266455,1.7805037973855393,2.4578033883051753,0.0,1.387074233827767,4.319001427981889,1.9714855510974119,1.8955796690301305,1.8457419418452834,3.814649916819145,0.8129766905668654,0.4806334679565567,5.115146619519852,0.0},fitness=net.sf.jclec.fitness.SimpleValueFitness@61baa894[value=340.8878863402058]]
Median individual: net.sf.jclec.realarray.RealArrayIndividual@4ca8195f[genotype={4.844710904790497,0.09957266306468776,0.0,0.19482444102112412,3.175805951000078,0.0,1.0172628869866174,3.7142808639864446,2.691205863395519,2.994498184719334,1.1200331666618712,0.007116152048433522,2.0675388882492367,0.0,3.8973430222883785,0.8520474040858832,3.877716384266455,1.7805037973855393,2.4578033883051753,0.0,1.387074233827767,4.319001427981889,1.9714855510974119,1.8955796690301305,1.8457419418452834,3.814649916819145,0.8129766905668654,0.4806334679565567,5.115146619519852,0.0},fitness=net.sf.jclec.fitness.SimpleValueFitness@61baa894[value=340.8878863402058]]
Average fitness = 340.8878863402058
Fitness variance = 0.0
Generation 20 Report
Best individual: net.sf.jclec.realarray.RealArrayIndividual@b065c63[genotype={4.844710904790497,0.09957266306468776,0.0,0.19482444102112412,3.175805951000078,0.0,1.0172628869866174,3.7142808639864446,2.691205863395519,2.994498184719334,1.1200331666618712,0.007116152048433522,2.0675388882492367,0.0,3.8973430222883785,0.8520474040858832,3.877716384266455,1.7805037973855393,2.4578033883051753,0.0,1.387074233827767,4.319001427981889,1.9714855510974119,1.8955796690301305,1.8457419418452834,3.814649916819145,0.8129766905668654,0.4806334679565567,5.115146619519852,0.0},fitness=net.sf.jclec.fitness.SimpleValueFitness@490d6c15[value=340.8878863402058]]
Worst individual: net.sf.jclec.realarray.RealArrayIndividual@b065c63[genotype={4.844710904790497,0.09957266306468776,0.0,0.19482444102112412,3.175805951000078,0.0,1.0172628869866174,3.7142808639864446,2.691205863395519,2.994498184719334,1.1200331666618712,0.007116152048433522,2.0675388882492367,0.0,3.8973430222883785,0.8520474040858832,3.877716384266455,1.7805037973855393,2.4578033883051753,0.0,1.387074233827767,4.319001427981889,1.9714855510974119,1.8955796690301305,1.8457419418452834,3.814649916819145,0.8129766905668654,0.4806334679565567,5.115146619519852,0.0},fitness=net.sf.jclec.fitness.SimpleValueFitness@490d6c15[value=340.8878863402058]]
Median individual: net.sf.jclec.realarray.RealArrayIndividual@b065c63[genotype={4.844710904790497,0.09957266306468776,0.0,0.19482444102112412,3.175805951000078,0.0,1.0172628869866174,3.7142808639864446,2.691205863395519,2.994498184719334,1.1200331666618712,0.007116152048433522,2.0675388882492367,0.0,3.8973430222883785,0.8520474040858832,3.877716384266455,1.7805037973855393,2.4578033883051753,0.0,1.387074233827767,4.319001427981889,1.9714855510974119,1.8955796690301305,1.8457419418452834,3.814649916819145,0.8129766905668654,0.4806334679565567,5.115146619519852,0.0},fitness=net.sf.jclec.fitness.SimpleValueFitness@490d6c15[value=340.8878863402058]]
Average fitness = 340.8878863402058
Fitness variance = 0.0
Generation 30 Report
Best individual: net.sf.jclec.realarray.RealArrayIndividual@7d4793a8[genotype={4.844710904790497,0.09957266306468776,0.0,0.19482444102112412,3.175805951000078,0.0,1.0172628869866174,3.7142808639864446,2.691205863395519,2.994498184719334,1.1200331666618712,0.007116152048433522,2.0675388882492367,0.0,3.8973430222883785,0.8520474040858832,3.877716384266455,1.7805037973855393,2.4578033883051753,0.0,1.387074233827767,4.319001427981889,1.9714855510974119,1.8955796690301305,1.8457419418452834,3.814649916819145,0.8129766905668654,0.4806334679565567,5.115146619519852,0.0},fitness=net.sf.jclec.fitness.SimpleValueFitness@5479e3f[value=340.8878863402058]]
Worst individual: net.sf.jclec.realarray.RealArrayIndividual@7d4793a8[genotype={4.844710904790497,0.09957266306468776,0.0,0.19482444102112412,3.175805951000078,0.0,1.0172628869866174,3.7142808639864446,2.691205863395519,2.994498184719334,1.1200331666618712,0.007116152048433522,2.0675388882492367,0.0,3.8973430222883785,0.8520474040858832,3.877716384266455,1.7805037973855393,2.4578033883051753,0.0,1.387074233827767,4.319001427981889,1.9714855510974119,1.8955796690301305,1.8457419418452834,3.814649916819145,0.8129766905668654,0.4806334679565567,5.115146619519852,0.0},fitness=net.sf.jclec.fitness.SimpleValueFitness@5479e3f[value=340.8878863402058]]
Median individual: net.sf.jclec.realarray.RealArrayIndividual@7d4793a8[genotype={4.844710904790497,0.09957266306468776,0.0,0.19482444102112412,3.175805951000078,0.0,1.0172628869866174,3.7142808639864446,2.691205863395519,2.994498184719334,1.1200331666618712,0.007116152048433522,2.0675388882492367,0.0,3.8973430222883785,0.8520474040858832,3.877716384266455,1.7805037973855393,2.4578033883051753,0.0,1.387074233827767,4.319001427981889,1.9714855510974119,1.8955796690301305,1.8457419418452834,3.814649916819145,0.8129766905668654,0.4806334679565567,5.115146619519852,0.0},fitness=net.sf.jclec.fitness.SimpleValueFitness@5479e3f[value=340.8878863402058]]
Average fitness = 340.8878863402058
Fitness variance = 0.0
Generation 40 Report
Best individual: net.sf.jclec.realarray.RealArrayIndividual@27082746[genotype={4.844710904790497,0.09957266306468776,0.0,0.19482444102112412,3.175805951000078,0.0,1.0172628869866174,3.7142808639864446,2.691205863395519,2.994498184719334,1.1200331666618712,0.007116152048433522,2.0675388882492367,0.0,3.8973430222883785,0.8520474040858832,3.877716384266455,1.7805037973855393,2.4578033883051753,0.0,1.387074233827767,4.319001427981889,1.9714855510974119,1.8955796690301305,1.8457419418452834,3.814649916819145,0.8129766905668654,0.4806334679565567,5.115146619519852,0.0},fitness=net.sf.jclec.fitness.SimpleValueFitness@7bfcd12c[value=340.8878863402058]]
Worst individual: net.sf.jclec.realarray.RealArrayIndividual@27082746[genotype={4.844710904790497,0.09957266306468776,0.0,0.19482444102112412,3.175805951000078,0.0,1.0172628869866174,3.7142808639864446,2.691205863395519,2.994498184719334,1.1200331666618712,0.007116152048433522,2.0675388882492367,0.0,3.8973430222883785,0.8520474040858832,3.877716384266455,1.7805037973855393,2.4578033883051753,0.0,1.387074233827767,4.319001427981889,1.9714855510974119,1.8955796690301305,1.8457419418452834,3.814649916819145,0.8129766905668654,0.4806334679565567,5.115146619519852,0.0},fitness=net.sf.jclec.fitness.SimpleValueFitness@7bfcd12c[value=340.8878863402058]]
Median individual: net.sf.jclec.realarray.RealArrayIndividual@27082746[genotype={4.844710904790497,0.09957266306468776,0.0,0.19482444102112412,3.175805951000078,0.0,1.0172628869866174,3.7142808639864446,2.691205863395519,2.994498184719334,1.1200331666618712,0.007116152048433522,2.0675388882492367,0.0,3.8973430222883785,0.8520474040858832,3.877716384266455,1.7805037973855393,2.4578033883051753,0.0,1.387074233827767,4.319001427981889,1.9714855510974119,1.8955796690301305,1.8457419418452834,3.814649916819145,0.8129766905668654,0.4806334679565567,5.115146619519852,0.0},fitness=net.sf.jclec.fitness.SimpleValueFitness@7bfcd12c[value=340.8878863402058]]
Average fitness = 340.8878863402058
Fitness variance = 0.0
Generation 50 Report
Best individual: net.sf.jclec.realarray.RealArrayIndividual@42f30e0a[genotype={4.844710904790497,0.09957266306468776,0.0,0.19482444102112412,3.175805951000078,0.0,1.0172628869866174,3.7142808639864446,2.691205863395519,2.994498184719334,1.1200331666618712,0.007116152048433522,2.0675388882492367,0.0,3.8973430222883785,0.8520474040858832,3.877716384266455,1.7805037973855393,2.4578033883051753,0.0,1.387074233827767,4.319001427981889,1.9714855510974119,1.8955796690301305,1.8457419418452834,3.814649916819145,0.8129766905668654,0.4806334679565567,5.115146619519852,0.0},fitness=net.sf.jclec.fitness.SimpleValueFitness@5b1d2887[value=340.8878863402058]]
Worst individual: net.sf.jclec.realarray.RealArrayIndividual@42f30e0a[genotype={4.844710904790497,0.09957266306468776,0.0,0.19482444102112412,3.175805951000078,0.0,1.0172628869866174,3.7142808639864446,2.691205863395519,2.994498184719334,1.1200331666618712,0.007116152048433522,2.0675388882492367,0.0,3.8973430222883785,0.8520474040858832,3.877716384266455,1.7805037973855393,2.4578033883051753,0.0,1.387074233827767,4.319001427981889,1.9714855510974119,1.8955796690301305,1.8457419418452834,3.814649916819145,0.8129766905668654,0.4806334679565567,5.115146619519852,0.0},fitness=net.sf.jclec.fitness.SimpleValueFitness@5b1d2887[value=340.8878863402058]]
Median individual: net.sf.jclec.realarray.RealArrayIndividual@42f30e0a[genotype={4.844710904790497,0.09957266306468776,0.0,0.19482444102112412,3.175805951000078,0.0,1.0172628869866174,3.7142808639864446,2.691205863395519,2.994498184719334,1.1200331666618712,0.007116152048433522,2.0675388882492367,0.0,3.8973430222883785,0.8520474040858832,3.877716384266455,1.7805037973855393,2.4578033883051753,0.0,1.387074233827767,4.319001427981889,1.9714855510974119,1.8955796690301305,1.8457419418452834,3.814649916819145,0.8129766905668654,0.4806334679565567,5.115146619519852,0.0},fitness=net.sf.jclec.fitness.SimpleValueFitness@5b1d2887[value=340.8878863402058]]
Average fitness = 340.8878863402058
Fitness variance = 0.0
Generation 60 Report
Best individual: net.sf.jclec.realarray.RealArrayIndividual@46f5f779[genotype={4.844710904790497,0.09957266306468776,0.0,0.19482444102112412,3.175805951000078,0.0,1.0172628869866174,3.7142808639864446,2.691205863395519,2.994498184719334,1.1200331666618712,0.007116152048433522,2.0675388882492367,0.0,3.8973430222883785,0.8520474040858832,3.877716384266455,1.7805037973855393,2.4578033883051753,0.0,1.387074233827767,4.319001427981889,1.9714855510974119,1.8955796690301305,1.8457419418452834,3.814649916819145,0.8129766905668654,0.4806334679565567,5.115146619519852,0.0},fitness=net.sf.jclec.fitness.SimpleValueFitness@18e8568[value=340.8878863402058]]
Worst individual: net.sf.jclec.realarray.RealArrayIndividual@46f5f779[genotype={4.844710904790497,0.09957266306468776,0.0,0.19482444102112412,3.175805951000078,0.0,1.0172628869866174,3.7142808639864446,2.691205863395519,2.994498184719334,1.1200331666618712,0.007116152048433522,2.0675388882492367,0.0,3.8973430222883785,0.8520474040858832,3.877716384266455,1.7805037973855393,2.4578033883051753,0.0,1.387074233827767,4.319001427981889,1.9714855510974119,1.8955796690301305,1.8457419418452834,3.814649916819145,0.8129766905668654,0.4806334679565567,5.115146619519852,0.0},fitness=net.sf.jclec.fitness.SimpleValueFitness@18e8568[value=340.8878863402058]]
Median individual: net.sf.jclec.realarray.RealArrayIndividual@46f5f779[genotype={4.844710904790497,0.09957266306468776,0.0,0.19482444102112412,3.175805951000078,0.0,1.0172628869866174,3.7142808639864446,2.691205863395519,2.994498184719334,1.1200331666618712,0.007116152048433522,2.0675388882492367,0.0,3.8973430222883785,0.8520474040858832,3.877716384266455,1.7805037973855393,2.4578033883051753,0.0,1.387074233827767,4.319001427981889,1.9714855510974119,1.8955796690301305,1.8457419418452834,3.814649916819145,0.8129766905668654,0.4806334679565567,5.115146619519852,0.0},fitness=net.sf.jclec.fitness.SimpleValueFitness@18e8568[value=340.8878863402058]]
Average fitness = 340.8878863402058
Fitness variance = 0.0
Generation 70 Report
Best individual: net.sf.jclec.realarray.RealArrayIndividual@33e5ccce[genotype={4.844710904790497,0.09957266306468776,0.0,0.19482444102112412,3.175805951000078,0.0,1.0172628869866174,3.7142808639864446,2.691205863395519,2.994498184719334,1.1200331666618712,0.007116152048433522,2.0675388882492367,0.0,3.8973430222883785,0.8520474040858832,3.877716384266455,1.7805037973855393,2.4578033883051753,0.0,1.387074233827767,4.319001427981889,1.9714855510974119,1.8955796690301305,1.8457419418452834,3.814649916819145,0.8129766905668654,0.4806334679565567,5.115146619519852,0.0},fitness=net.sf.jclec.fitness.SimpleValueFitness@270421f5[value=340.8878863402058]]
Worst individual: net.sf.jclec.realarray.RealArrayIndividual@33e5ccce[genotype={4.844710904790497,0.09957266306468776,0.0,0.19482444102112412,3.175805951000078,0.0,1.0172628869866174,3.7142808639864446,2.691205863395519,2.994498184719334,1.1200331666618712,0.007116152048433522,2.0675388882492367,0.0,3.8973430222883785,0.8520474040858832,3.877716384266455,1.7805037973855393,2.4578033883051753,0.0,1.387074233827767,4.319001427981889,1.9714855510974119,1.8955796690301305,1.8457419418452834,3.814649916819145,0.8129766905668654,0.4806334679565567,5.115146619519852,0.0},fitness=net.sf.jclec.fitness.SimpleValueFitness@270421f5[value=340.8878863402058]]
Median individual: net.sf.jclec.realarray.RealArrayIndividual@33e5ccce[genotype={4.844710904790497,0.09957266306468776,0.0,0.19482444102112412,3.175805951000078,0.0,1.0172628869866174,3.7142808639864446,2.691205863395519,2.994498184719334,1.1200331666618712,0.007116152048433522,2.0675388882492367,0.0,3.8973430222883785,0.8520474040858832,3.877716384266455,1.7805037973855393,2.4578033883051753,0.0,1.387074233827767,4.319001427981889,1.9714855510974119,1.8955796690301305,1.8457419418452834,3.814649916819145,0.8129766905668654,0.4806334679565567,5.115146619519852,0.0},fitness=net.sf.jclec.fitness.SimpleValueFitness@270421f5[value=340.8878863402058]]
Average fitness = 340.8878863402058
Fitness variance = 0.0
Generation 80 Report
Best individual: net.sf.jclec.realarray.RealArrayIndividual@52d455b8[genotype={5.12,0.09957266306468776,0.0,1.0769195081761422,3.175805951000078,0.0,1.0172628869866174,5.12,1.142363106576288,3.1374239023224098,0.0,1.6472563674803824,2.0675388882492367,0.0,3.8973430222883785,0.3599577303311672,2.073094976241671,1.7805037973855393,1.7512569325481133,0.687549997730931,1.9206179808836734,4.319001427981889,1.9714855510974119,1.8955796690301305,0.0,3.475760486183219,2.16299068987506,0.4806334679565567,5.115146619519852,0.0},fitness=net.sf.jclec.fitness.SimpleValueFitness@18ef96[value=336.3596158674586]]
Worst individual: net.sf.jclec.realarray.RealArrayIndividual@52d455b8[genotype={5.12,0.09957266306468776,0.0,1.0769195081761422,3.175805951000078,0.0,1.0172628869866174,5.12,1.142363106576288,3.1374239023224098,0.0,1.6472563674803824,2.0675388882492367,0.0,3.8973430222883785,0.3599577303311672,2.073094976241671,1.7805037973855393,1.7512569325481133,0.687549997730931,1.9206179808836734,4.319001427981889,1.9714855510974119,1.8955796690301305,0.0,3.475760486183219,2.16299068987506,0.4806334679565567,5.115146619519852,0.0},fitness=net.sf.jclec.fitness.SimpleValueFitness@18ef96[value=336.3596158674586]]
Median individual: net.sf.jclec.realarray.RealArrayIndividual@52d455b8[genotype={5.12,0.09957266306468776,0.0,1.0769195081761422,3.175805951000078,0.0,1.0172628869866174,5.12,1.142363106576288,3.1374239023224098,0.0,1.6472563674803824,2.0675388882492367,0.0,3.8973430222883785,0.3599577303311672,2.073094976241671,1.7805037973855393,1.7512569325481133,0.687549997730931,1.9206179808836734,4.319001427981889,1.9714855510974119,1.8955796690301305,0.0,3.475760486183219,2.16299068987506,0.4806334679565567,5.115146619519852,0.0},fitness=net.sf.jclec.fitness.SimpleValueFitness@18ef96[value=336.3596158674586]]
Average fitness = 336.3596158674586
Fitness variance = 0.0
Generation 90 Report
Best individual: net.sf.jclec.realarray.RealArrayIndividual@6956de9[genotype={5.12,0.09957266306468776,0.0,1.0769195081761422,3.175805951000078,0.0,1.0172628869866174,5.12,1.142363106576288,3.1374239023224098,0.0,1.6472563674803824,2.0675388882492367,0.0,3.8973430222883785,0.3599577303311672,2.073094976241671,1.7805037973855393,1.7512569325481133,0.687549997730931,1.9206179808836734,4.319001427981889,1.9714855510974119,1.8955796690301305,0.0,3.475760486183219,2.16299068987506,0.4806334679565567,5.115146619519852,0.0},fitness=net.sf.jclec.fitness.SimpleValueFitness@6aceb1a5[value=336.3596158674586]]
Worst individual: net.sf.jclec.realarray.RealArrayIndividual@6956de9[genotype={5.12,0.09957266306468776,0.0,1.0769195081761422,3.175805951000078,0.0,1.0172628869866174,5.12,1.142363106576288,3.1374239023224098,0.0,1.6472563674803824,2.0675388882492367,0.0,3.8973430222883785,0.3599577303311672,2.073094976241671,1.7805037973855393,1.7512569325481133,0.687549997730931,1.9206179808836734,4.319001427981889,1.9714855510974119,1.8955796690301305,0.0,3.475760486183219,2.16299068987506,0.4806334679565567,5.115146619519852,0.0},fitness=net.sf.jclec.fitness.SimpleValueFitness@6aceb1a5[value=336.3596158674586]]
Median individual: net.sf.jclec.realarray.RealArrayIndividual@6956de9[genotype={5.12,0.09957266306468776,0.0,1.0769195081761422,3.175805951000078,0.0,1.0172628869866174,5.12,1.142363106576288,3.1374239023224098,0.0,1.6472563674803824,2.0675388882492367,0.0,3.8973430222883785,0.3599577303311672,2.073094976241671,1.7805037973855393,1.7512569325481133,0.687549997730931,1.9206179808836734,4.319001427981889,1.9714855510974119,1.8955796690301305,0.0,3.475760486183219,2.16299068987506,0.4806334679565567,5.115146619519852,0.0},fitness=net.sf.jclec.fitness.SimpleValueFitness@6aceb1a5[value=336.3596158674586]]
Average fitness = 336.3596158674586
Fitness variance = 0.0
Generation 100 Report
Best individual: net.sf.jclec.realarray.RealArrayIndividual@2d6d8735[genotype={5.12,0.09957266306468776,0.0,1.0769195081761422,3.175805951000078,0.0,1.0172628869866174,5.12,1.142363106576288,3.1374239023224098,0.0,1.6472563674803824,2.0675388882492367,0.0,3.8973430222883785,0.3599577303311672,2.073094976241671,1.7805037973855393,1.7512569325481133,0.687549997730931,1.9206179808836734,4.319001427981889,1.9714855510974119,1.8955796690301305,0.0,3.475760486183219,2.16299068987506,0.4806334679565567,5.115146619519852,0.0},fitness=net.sf.jclec.fitness.SimpleValueFitness@12bc6874[value=336.3596158674586]]
Worst individual: net.sf.jclec.realarray.RealArrayIndividual@2d6d8735[genotype={5.12,0.09957266306468776,0.0,1.0769195081761422,3.175805951000078,0.0,1.0172628869866174,5.12,1.142363106576288,3.1374239023224098,0.0,1.6472563674803824,2.0675388882492367,0.0,3.8973430222883785,0.3599577303311672,2.073094976241671,1.7805037973855393,1.7512569325481133,0.687549997730931,1.9206179808836734,4.319001427981889,1.9714855510974119,1.8955796690301305,0.0,3.475760486183219,2.16299068987506,0.4806334679565567,5.115146619519852,0.0},fitness=net.sf.jclec.fitness.SimpleValueFitness@12bc6874[value=336.3596158674586]]
Median individual: net.sf.jclec.realarray.RealArrayIndividual@2d6d8735[genotype={5.12,0.09957266306468776,0.0,1.0769195081761422,3.175805951000078,0.0,1.0172628869866174,5.12,1.142363106576288,3.1374239023224098,0.0,1.6472563674803824,2.0675388882492367,0.0,3.8973430222883785,0.3599577303311672,2.073094976241671,1.7805037973855393,1.7512569325481133,0.687549997730931,1.9206179808836734,4.319001427981889,1.9714855510974119,1.8955796690301305,0.0,3.475760486183219,2.16299068987506,0.4806334679565567,5.115146619519852,0.0},fitness=net.sf.jclec.fitness.SimpleValueFitness@12bc6874[value=336.3596158674586]]
Average fitness = 336.3596158674586
Fitness variance = 0.0
Generation 110 Report
Best individual: net.sf.jclec.realarray.RealArrayIndividual@de0a01f[genotype={5.12,0.09957266306468776,0.0,0.0,3.1033967499718482,0.0,1.0172628869866174,5.12,0.994982616924643,3.1374239023224098,0.0,3.308729737784711,0.5282103685120538,0.0,3.8973430222883785,0.10988474557425976,2.073094976241671,3.070020596790927,0.9218364370106322,1.7528714559651974,2.8252175701859312,4.319001427981889,1.9714855510974119,1.913559100051076,1.080626210345622,2.759492181047472,2.16299068987506,0.0,5.12,0.6332920147728847},fitness=net.sf.jclec.fitness.SimpleValueFitness@1ef7fe8e[value=312.0415632695731]]
Worst individual: net.sf.jclec.realarray.RealArrayIndividual@de0a01f[genotype={5.12,0.09957266306468776,0.0,0.0,3.1033967499718482,0.0,1.0172628869866174,5.12,0.994982616924643,3.1374239023224098,0.0,3.308729737784711,0.5282103685120538,0.0,3.8973430222883785,0.10988474557425976,2.073094976241671,3.070020596790927,0.9218364370106322,1.7528714559651974,2.8252175701859312,4.319001427981889,1.9714855510974119,1.913559100051076,1.080626210345622,2.759492181047472,2.16299068987506,0.0,5.12,0.6332920147728847},fitness=net.sf.jclec.fitness.SimpleValueFitness@1ef7fe8e[value=312.0415632695731]]
Median individual: net.sf.jclec.realarray.RealArrayIndividual@de0a01f[genotype={5.12,0.09957266306468776,0.0,0.0,3.1033967499718482,0.0,1.0172628869866174,5.12,0.994982616924643,3.1374239023224098,0.0,3.308729737784711,0.5282103685120538,0.0,3.8973430222883785,0.10988474557425976,2.073094976241671,3.070020596790927,0.9218364370106322,1.7528714559651974,2.8252175701859312,4.319001427981889,1.9714855510974119,1.913559100051076,1.080626210345622,2.759492181047472,2.16299068987506,0.0,5.12,0.6332920147728847},fitness=net.sf.jclec.fitness.SimpleValueFitness@1ef7fe8e[value=312.0415632695731]]
Average fitness = 312.0415632695731
Fitness variance = 0.0
Generation 120 Report
Best individual: net.sf.jclec.realarray.RealArrayIndividual@6f79caec[genotype={5.12,0.09957266306468776,0.0,0.0,3.1033967499718482,0.0,1.0172628869866174,5.12,0.994982616924643,3.1374239023224098,0.0,3.308729737784711,0.5282103685120538,0.0,3.8973430222883785,0.10988474557425976,2.073094976241671,3.070020596790927,0.9218364370106322,1.7528714559651974,2.8252175701859312,4.319001427981889,1.9714855510974119,1.913559100051076,1.080626210345622,2.759492181047472,2.16299068987506,0.0,5.12,0.6332920147728847},fitness=net.sf.jclec.fitness.SimpleValueFitness@5d3411d[value=312.0415632695731]]
Worst individual: net.sf.jclec.realarray.RealArrayIndividual@6f79caec[genotype={5.12,0.09957266306468776,0.0,0.0,3.1033967499718482,0.0,1.0172628869866174,5.12,0.994982616924643,3.1374239023224098,0.0,3.308729737784711,0.5282103685120538,0.0,3.8973430222883785,0.10988474557425976,2.073094976241671,3.070020596790927,0.9218364370106322,1.7528714559651974,2.8252175701859312,4.319001427981889,1.9714855510974119,1.913559100051076,1.080626210345622,2.759492181047472,2.16299068987506,0.0,5.12,0.6332920147728847},fitness=net.sf.jclec.fitness.SimpleValueFitness@5d3411d[value=312.0415632695731]]
Median individual: net.sf.jclec.realarray.RealArrayIndividual@6f79caec[genotype={5.12,0.09957266306468776,0.0,0.0,3.1033967499718482,0.0,1.0172628869866174,5.12,0.994982616924643,3.1374239023224098,0.0,3.308729737784711,0.5282103685120538,0.0,3.8973430222883785,0.10988474557425976,2.073094976241671,3.070020596790927,0.9218364370106322,1.7528714559651974,2.8252175701859312,4.319001427981889,1.9714855510974119,1.913559100051076,1.080626210345622,2.759492181047472,2.16299068987506,0.0,5.12,0.6332920147728847},fitness=net.sf.jclec.fitness.SimpleValueFitness@5d3411d[value=312.0415632695731]]
Average fitness = 312.0415632695731
Fitness variance = 0.0
Generation 130 Report
Best individual: net.sf.jclec.realarray.RealArrayIndividual@2471cca7[genotype={5.12,0.09957266306468776,0.0,0.0,3.1033967499718482,0.0,1.0172628869866174,5.12,0.994982616924643,3.1374239023224098,0.0,3.308729737784711,0.5282103685120538,0.0,3.8973430222883785,0.10988474557425976,2.073094976241671,3.070020596790927,0.9218364370106322,1.7528714559651974,2.8252175701859312,4.319001427981889,1.9714855510974119,1.913559100051076,1.080626210345622,2.759492181047472,2.16299068987506,0.0,5.12,0.6332920147728847},fitness=net.sf.jclec.fitness.SimpleValueFitness@6979e8cb[value=312.0415632695731]]
Worst individual: net.sf.jclec.realarray.RealArrayIndividual@2471cca7[genotype={5.12,0.09957266306468776,0.0,0.0,3.1033967499718482,0.0,1.0172628869866174,5.12,0.994982616924643,3.1374239023224098,0.0,3.308729737784711,0.5282103685120538,0.0,3.8973430222883785,0.10988474557425976,2.073094976241671,3.070020596790927,0.9218364370106322,1.7528714559651974,2.8252175701859312,4.319001427981889,1.9714855510974119,1.913559100051076,1.080626210345622,2.759492181047472,2.16299068987506,0.0,5.12,0.6332920147728847},fitness=net.sf.jclec.fitness.SimpleValueFitness@6979e8cb[value=312.0415632695731]]
Median individual: net.sf.jclec.realarray.RealArrayIndividual@2471cca7[genotype={5.12,0.09957266306468776,0.0,0.0,3.1033967499718482,0.0,1.0172628869866174,5.12,0.994982616924643,3.1374239023224098,0.0,3.308729737784711,0.5282103685120538,0.0,3.8973430222883785,0.10988474557425976,2.073094976241671,3.070020596790927,0.9218364370106322,1.7528714559651974,2.8252175701859312,4.319001427981889,1.9714855510974119,1.913559100051076,1.080626210345622,2.759492181047472,2.16299068987506,0.0,5.12,0.6332920147728847},fitness=net.sf.jclec.fitness.SimpleValueFitness@6979e8cb[value=312.0415632695731]]
Average fitness = 312.0415632695731
Fitness variance = 0.0
Generation 140 Report
Best individual: net.sf.jclec.realarray.RealArrayIndividual@763d9750[genotype={5.12,0.09957266306468776,0.0,0.0,3.1033967499718482,0.0,1.0172628869866174,5.12,0.994982616924643,3.1374239023224098,0.0,3.308729737784711,0.5282103685120538,0.0,3.8973430222883785,0.10988474557425976,2.073094976241671,3.070020596790927,0.9218364370106322,1.7528714559651974,2.8252175701859312,4.319001427981889,1.9714855510974119,1.913559100051076,1.080626210345622,2.759492181047472,2.16299068987506,0.0,5.12,0.6332920147728847},fitness=net.sf.jclec.fitness.SimpleValueFitness@2be94b0f[value=312.0415632695731]]
Worst individual: net.sf.jclec.realarray.RealArrayIndividual@763d9750[genotype={5.12,0.09957266306468776,0.0,0.0,3.1033967499718482,0.0,1.0172628869866174,5.12,0.994982616924643,3.1374239023224098,0.0,3.308729737784711,0.5282103685120538,0.0,3.8973430222883785,0.10988474557425976,2.073094976241671,3.070020596790927,0.9218364370106322,1.7528714559651974,2.8252175701859312,4.319001427981889,1.9714855510974119,1.913559100051076,1.080626210345622,2.759492181047472,2.16299068987506,0.0,5.12,0.6332920147728847},fitness=net.sf.jclec.fitness.SimpleValueFitness@2be94b0f[value=312.0415632695731]]
Median individual: net.sf.jclec.realarray.RealArrayIndividual@763d9750[genotype={5.12,0.09957266306468776,0.0,0.0,3.1033967499718482,0.0,1.0172628869866174,5.12,0.994982616924643,3.1374239023224098,0.0,3.308729737784711,0.5282103685120538,0.0,3.8973430222883785,0.10988474557425976,2.073094976241671,3.070020596790927,0.9218364370106322,1.7528714559651974,2.8252175701859312,4.319001427981889,1.9714855510974119,1.913559100051076,1.080626210345622,2.759492181047472,2.16299068987506,0.0,5.12,0.6332920147728847},fitness=net.sf.jclec.fitness.SimpleValueFitness@2be94b0f[value=312.0415632695731]]
Average fitness = 312.0415632695731
Fitness variance = 0.0
Generation 150 Report
Best individual: net.sf.jclec.realarray.RealArrayIndividual@d70c109[genotype={5.12,0.09957266306468776,0.0,0.0,3.1033967499718482,0.0,1.0172628869866174,5.12,0.994982616924643,3.1374239023224098,0.0,3.308729737784711,0.5282103685120538,0.0,3.8973430222883785,0.10988474557425976,2.073094976241671,3.070020596790927,0.9218364370106322,1.7528714559651974,2.8252175701859312,4.319001427981889,1.9714855510974119,1.913559100051076,1.080626210345622,2.759492181047472,2.16299068987506,0.0,5.12,0.6332920147728847},fitness=net.sf.jclec.fitness.SimpleValueFitness@50675690[value=312.0415632695731]]
Worst individual: net.sf.jclec.realarray.RealArrayIndividual@d70c109[genotype={5.12,0.09957266306468776,0.0,0.0,3.1033967499718482,0.0,1.0172628869866174,5.12,0.994982616924643,3.1374239023224098,0.0,3.308729737784711,0.5282103685120538,0.0,3.8973430222883785,0.10988474557425976,2.073094976241671,3.070020596790927,0.9218364370106322,1.7528714559651974,2.8252175701859312,4.319001427981889,1.9714855510974119,1.913559100051076,1.080626210345622,2.759492181047472,2.16299068987506,0.0,5.12,0.6332920147728847},fitness=net.sf.jclec.fitness.SimpleValueFitness@50675690[value=312.0415632695731]]
Median individual: net.sf.jclec.realarray.RealArrayIndividual@d70c109[genotype={5.12,0.09957266306468776,0.0,0.0,3.1033967499718482,0.0,1.0172628869866174,5.12,0.994982616924643,3.1374239023224098,0.0,3.308729737784711,0.5282103685120538,0.0,3.8973430222883785,0.10988474557425976,2.073094976241671,3.070020596790927,0.9218364370106322,1.7528714559651974,2.8252175701859312,4.319001427981889,1.9714855510974119,1.913559100051076,1.080626210345622,2.759492181047472,2.16299068987506,0.0,5.12,0.6332920147728847},fitness=net.sf.jclec.fitness.SimpleValueFitness@50675690[value=312.0415632695731]]
Average fitness = 312.0415632695731
Fitness variance = 0.0
Generation 160 Report
Best individual: net.sf.jclec.realarray.RealArrayIndividual@31b7dea0[genotype={5.12,0.09957266306468776,0.0,0.0,3.1033967499718482,0.0,1.0172628869866174,5.12,0.994982616924643,3.1374239023224098,0.0,3.308729737784711,0.5282103685120538,0.0,3.8973430222883785,0.10988474557425976,2.073094976241671,3.070020596790927,0.9218364370106322,1.7528714559651974,2.8252175701859312,4.319001427981889,1.9714855510974119,1.913559100051076,1.080626210345622,2.759492181047472,2.16299068987506,0.0,5.12,0.6332920147728847},fitness=net.sf.jclec.fitness.SimpleValueFitness@47d384ee[value=312.0415632695731]]
Worst individual: net.sf.jclec.realarray.RealArrayIndividual@31b7dea0[genotype={5.12,0.09957266306468776,0.0,0.0,3.1033967499718482,0.0,1.0172628869866174,5.12,0.994982616924643,3.1374239023224098,0.0,3.308729737784711,0.5282103685120538,0.0,3.8973430222883785,0.10988474557425976,2.073094976241671,3.070020596790927,0.9218364370106322,1.7528714559651974,2.8252175701859312,4.319001427981889,1.9714855510974119,1.913559100051076,1.080626210345622,2.759492181047472,2.16299068987506,0.0,5.12,0.6332920147728847},fitness=net.sf.jclec.fitness.SimpleValueFitness@47d384ee[value=312.0415632695731]]
Median individual: net.sf.jclec.realarray.RealArrayIndividual@31b7dea0[genotype={5.12,0.09957266306468776,0.0,0.0,3.1033967499718482,0.0,1.0172628869866174,5.12,0.994982616924643,3.1374239023224098,0.0,3.308729737784711,0.5282103685120538,0.0,3.8973430222883785,0.10988474557425976,2.073094976241671,3.070020596790927,0.9218364370106322,1.7528714559651974,2.8252175701859312,4.319001427981889,1.9714855510974119,1.913559100051076,1.080626210345622,2.759492181047472,2.16299068987506,0.0,5.12,0.6332920147728847},fitness=net.sf.jclec.fitness.SimpleValueFitness@47d384ee[value=312.0415632695731]]
Average fitness = 312.0415632695731
Fitness variance = 0.0
Generation 170 Report
Best individual: net.sf.jclec.realarray.RealArrayIndividual@2d6a9952[genotype={5.12,0.09957266306468776,0.0,0.0,3.1033967499718482,0.0,1.0172628869866174,5.12,0.994982616924643,3.1374239023224098,0.0,3.308729737784711,0.5282103685120538,0.0,3.8973430222883785,0.10988474557425976,2.073094976241671,3.070020596790927,0.9218364370106322,1.7528714559651974,2.8252175701859312,4.319001427981889,1.9714855510974119,1.913559100051076,1.080626210345622,2.759492181047472,2.16299068987506,0.0,5.12,0.6332920147728847},fitness=net.sf.jclec.fitness.SimpleValueFitness@3930015a[value=312.0415632695731]]
Worst individual: net.sf.jclec.realarray.RealArrayIndividual@2d6a9952[genotype={5.12,0.09957266306468776,0.0,0.0,3.1033967499718482,0.0,1.0172628869866174,5.12,0.994982616924643,3.1374239023224098,0.0,3.308729737784711,0.5282103685120538,0.0,3.8973430222883785,0.10988474557425976,2.073094976241671,3.070020596790927,0.9218364370106322,1.7528714559651974,2.8252175701859312,4.319001427981889,1.9714855510974119,1.913559100051076,1.080626210345622,2.759492181047472,2.16299068987506,0.0,5.12,0.6332920147728847},fitness=net.sf.jclec.fitness.SimpleValueFitness@3930015a[value=312.0415632695731]]
Median individual: net.sf.jclec.realarray.RealArrayIndividual@2d6a9952[genotype={5.12,0.09957266306468776,0.0,0.0,3.1033967499718482,0.0,1.0172628869866174,5.12,0.994982616924643,3.1374239023224098,0.0,3.308729737784711,0.5282103685120538,0.0,3.8973430222883785,0.10988474557425976,2.073094976241671,3.070020596790927,0.9218364370106322,1.7528714559651974,2.8252175701859312,4.319001427981889,1.9714855510974119,1.913559100051076,1.080626210345622,2.759492181047472,2.16299068987506,0.0,5.12,0.6332920147728847},fitness=net.sf.jclec.fitness.SimpleValueFitness@3930015a[value=312.0415632695731]]
Average fitness = 312.0415632695731
Fitness variance = 0.0
Generation 180 Report
Best individual: net.sf.jclec.realarray.RealArrayIndividual@629f0666[genotype={5.12,0.09957266306468776,0.0,0.0,3.1033967499718482,0.0,1.0172628869866174,5.12,0.994982616924643,3.1374239023224098,0.0,3.308729737784711,0.5282103685120538,0.0,3.8973430222883785,0.10988474557425976,2.073094976241671,3.070020596790927,0.9218364370106322,1.7528714559651974,2.8252175701859312,4.319001427981889,1.9714855510974119,1.913559100051076,1.080626210345622,2.759492181047472,2.16299068987506,0.0,5.12,0.6332920147728847},fitness=net.sf.jclec.fitness.SimpleValueFitness@1ff8b8f[value=312.0415632695731]]
Worst individual: net.sf.jclec.realarray.RealArrayIndividual@629f0666[genotype={5.12,0.09957266306468776,0.0,0.0,3.1033967499718482,0.0,1.0172628869866174,5.12,0.994982616924643,3.1374239023224098,0.0,3.308729737784711,0.5282103685120538,0.0,3.8973430222883785,0.10988474557425976,2.073094976241671,3.070020596790927,0.9218364370106322,1.7528714559651974,2.8252175701859312,4.319001427981889,1.9714855510974119,1.913559100051076,1.080626210345622,2.759492181047472,2.16299068987506,0.0,5.12,0.6332920147728847},fitness=net.sf.jclec.fitness.SimpleValueFitness@1ff8b8f[value=312.0415632695731]]
Median individual: net.sf.jclec.realarray.RealArrayIndividual@629f0666[genotype={5.12,0.09957266306468776,0.0,0.0,3.1033967499718482,0.0,1.0172628869866174,5.12,0.994982616924643,3.1374239023224098,0.0,3.308729737784711,0.5282103685120538,0.0,3.8973430222883785,0.10988474557425976,2.073094976241671,3.070020596790927,0.9218364370106322,1.7528714559651974,2.8252175701859312,4.319001427981889,1.9714855510974119,1.913559100051076,1.080626210345622,2.759492181047472,2.16299068987506,0.0,5.12,0.6332920147728847},fitness=net.sf.jclec.fitness.SimpleValueFitness@1ff8b8f[value=312.0415632695731]]
Average fitness = 312.0415632695731
Fitness variance = 0.0
Generation 190 Report
Best individual: net.sf.jclec.realarray.RealArrayIndividual@387c703b[genotype={5.12,0.09957266306468776,0.0,0.0,3.1033967499718482,0.0,1.0172628869866174,5.12,0.994982616924643,3.1374239023224098,0.0,3.308729737784711,0.5282103685120538,0.0,3.8973430222883785,0.10988474557425976,2.073094976241671,3.070020596790927,0.9218364370106322,1.7528714559651974,2.8252175701859312,4.319001427981889,1.9714855510974119,1.913559100051076,1.080626210345622,2.759492181047472,2.16299068987506,0.0,5.12,0.6332920147728847},fitness=net.sf.jclec.fitness.SimpleValueFitness@c39f790[value=312.0415632695731]]
Worst individual: net.sf.jclec.realarray.RealArrayIndividual@387c703b[genotype={5.12,0.09957266306468776,0.0,0.0,3.1033967499718482,0.0,1.0172628869866174,5.12,0.994982616924643,3.1374239023224098,0.0,3.308729737784711,0.5282103685120538,0.0,3.8973430222883785,0.10988474557425976,2.073094976241671,3.070020596790927,0.9218364370106322,1.7528714559651974,2.8252175701859312,4.319001427981889,1.9714855510974119,1.913559100051076,1.080626210345622,2.759492181047472,2.16299068987506,0.0,5.12,0.6332920147728847},fitness=net.sf.jclec.fitness.SimpleValueFitness@c39f790[value=312.0415632695731]]
Median individual: net.sf.jclec.realarray.RealArrayIndividual@387c703b[genotype={5.12,0.09957266306468776,0.0,0.0,3.1033967499718482,0.0,1.0172628869866174,5.12,0.994982616924643,3.1374239023224098,0.0,3.308729737784711,0.5282103685120538,0.0,3.8973430222883785,0.10988474557425976,2.073094976241671,3.070020596790927,0.9218364370106322,1.7528714559651974,2.8252175701859312,4.319001427981889,1.9714855510974119,1.913559100051076,1.080626210345622,2.759492181047472,2.16299068987506,0.0,5.12,0.6332920147728847},fitness=net.sf.jclec.fitness.SimpleValueFitness@c39f790[value=312.0415632695731]]
Average fitness = 312.0415632695731
Fitness variance = 0.0
Generation 200 Report
Best individual: net.sf.jclec.realarray.RealArrayIndividual@71e7a66b[genotype={5.12,0.09957266306468776,0.0,0.0,3.1033967499718482,0.0,1.0172628869866174,5.12,0.994982616924643,3.1374239023224098,0.0,3.308729737784711,0.5282103685120538,0.0,3.8973430222883785,0.10988474557425976,2.073094976241671,3.070020596790927,0.9218364370106322,1.7528714559651974,2.8252175701859312,4.319001427981889,1.9714855510974119,1.913559100051076,1.080626210345622,2.759492181047472,2.16299068987506,0.0,5.12,0.6332920147728847},fitness=net.sf.jclec.fitness.SimpleValueFitness@5f150435[value=312.0415632695731]]
Worst individual: net.sf.jclec.realarray.RealArrayIndividual@71e7a66b[genotype={5.12,0.09957266306468776,0.0,0.0,3.1033967499718482,0.0,1.0172628869866174,5.12,0.994982616924643,3.1374239023224098,0.0,3.308729737784711,0.5282103685120538,0.0,3.8973430222883785,0.10988474557425976,2.073094976241671,3.070020596790927,0.9218364370106322,1.7528714559651974,2.8252175701859312,4.319001427981889,1.9714855510974119,1.913559100051076,1.080626210345622,2.759492181047472,2.16299068987506,0.0,5.12,0.6332920147728847},fitness=net.sf.jclec.fitness.SimpleValueFitness@5f150435[value=312.0415632695731]]
Median individual: net.sf.jclec.realarray.RealArrayIndividual@71e7a66b[genotype={5.12,0.09957266306468776,0.0,0.0,3.1033967499718482,0.0,1.0172628869866174,5.12,0.994982616924643,3.1374239023224098,0.0,3.308729737784711,0.5282103685120538,0.0,3.8973430222883785,0.10988474557425976,2.073094976241671,3.070020596790927,0.9218364370106322,1.7528714559651974,2.8252175701859312,4.319001427981889,1.9714855510974119,1.913559100051076,1.080626210345622,2.759492181047472,2.16299068987506,0.0,5.12,0.6332920147728847},fitness=net.sf.jclec.fitness.SimpleValueFitness@5f150435[value=312.0415632695731]]
Average fitness = 312.0415632695731
Fitness variance = 0.0
Generation 210 Report
Best individual: net.sf.jclec.realarray.RealArrayIndividual@1c53fd30[genotype={5.12,0.09957266306468776,0.0,0.0,3.1033967499718482,0.0,1.0172628869866174,5.12,0.994982616924643,3.1374239023224098,0.0,3.308729737784711,0.5282103685120538,0.0,3.8973430222883785,0.10988474557425976,2.073094976241671,3.070020596790927,0.9218364370106322,1.7528714559651974,2.8252175701859312,4.319001427981889,1.9714855510974119,1.913559100051076,1.080626210345622,2.759492181047472,2.16299068987506,0.0,5.12,0.6332920147728847},fitness=net.sf.jclec.fitness.SimpleValueFitness@75412c2f[value=312.0415632695731]]
Worst individual: net.sf.jclec.realarray.RealArrayIndividual@1c53fd30[genotype={5.12,0.09957266306468776,0.0,0.0,3.1033967499718482,0.0,1.0172628869866174,5.12,0.994982616924643,3.1374239023224098,0.0,3.308729737784711,0.5282103685120538,0.0,3.8973430222883785,0.10988474557425976,2.073094976241671,3.070020596790927,0.9218364370106322,1.7528714559651974,2.8252175701859312,4.319001427981889,1.9714855510974119,1.913559100051076,1.080626210345622,2.759492181047472,2.16299068987506,0.0,5.12,0.6332920147728847},fitness=net.sf.jclec.fitness.SimpleValueFitness@75412c2f[value=312.0415632695731]]
Median individual: net.sf.jclec.realarray.RealArrayIndividual@1c53fd30[genotype={5.12,0.09957266306468776,0.0,0.0,3.1033967499718482,0.0,1.0172628869866174,5.12,0.994982616924643,3.1374239023224098,0.0,3.308729737784711,0.5282103685120538,0.0,3.8973430222883785,0.10988474557425976,2.073094976241671,3.070020596790927,0.9218364370106322,1.7528714559651974,2.8252175701859312,4.319001427981889,1.9714855510974119,1.913559100051076,1.080626210345622,2.759492181047472,2.16299068987506,0.0,5.12,0.6332920147728847},fitness=net.sf.jclec.fitness.SimpleValueFitness@75412c2f[value=312.0415632695731]]
Average fitness = 312.0415632695731
Fitness variance = 0.0
Generation 220 Report
Best individual: net.sf.jclec.realarray.RealArrayIndividual@282ba1e[genotype={5.12,0.09957266306468776,0.0,0.0,3.1033967499718482,0.0,1.0172628869866174,5.12,0.994982616924643,3.1374239023224098,0.0,3.308729737784711,0.5282103685120538,0.0,3.8973430222883785,0.10988474557425976,2.073094976241671,3.070020596790927,0.9218364370106322,1.7528714559651974,2.8252175701859312,4.319001427981889,1.9714855510974119,1.913559100051076,1.080626210345622,2.759492181047472,2.16299068987506,0.0,5.12,0.6332920147728847},fitness=net.sf.jclec.fitness.SimpleValueFitness@f5f2bb7[value=312.0415632695731]]
Worst individual: net.sf.jclec.realarray.RealArrayIndividual@282ba1e[genotype={5.12,0.09957266306468776,0.0,0.0,3.1033967499718482,0.0,1.0172628869866174,5.12,0.994982616924643,3.1374239023224098,0.0,3.308729737784711,0.5282103685120538,0.0,3.8973430222883785,0.10988474557425976,2.073094976241671,3.070020596790927,0.9218364370106322,1.7528714559651974,2.8252175701859312,4.319001427981889,1.9714855510974119,1.913559100051076,1.080626210345622,2.759492181047472,2.16299068987506,0.0,5.12,0.6332920147728847},fitness=net.sf.jclec.fitness.SimpleValueFitness@f5f2bb7[value=312.0415632695731]]
Median individual: net.sf.jclec.realarray.RealArrayIndividual@282ba1e[genotype={5.12,0.09957266306468776,0.0,0.0,3.1033967499718482,0.0,1.0172628869866174,5.12,0.994982616924643,3.1374239023224098,0.0,3.308729737784711,0.5282103685120538,0.0,3.8973430222883785,0.10988474557425976,2.073094976241671,3.070020596790927,0.9218364370106322,1.7528714559651974,2.8252175701859312,4.319001427981889,1.9714855510974119,1.913559100051076,1.080626210345622,2.759492181047472,2.16299068987506,0.0,5.12,0.6332920147728847},fitness=net.sf.jclec.fitness.SimpleValueFitness@f5f2bb7[value=312.0415632695731]]
Average fitness = 312.0415632695731
Fitness variance = 0.0
Generation 230 Report
Best individual: net.sf.jclec.realarray.RealArrayIndividual@73035e27[genotype={5.12,0.09957266306468776,0.0,0.0,3.1033967499718482,0.0,1.0172628869866174,5.12,0.994982616924643,3.1374239023224098,0.0,3.308729737784711,0.5282103685120538,0.0,3.8973430222883785,0.10988474557425976,2.073094976241671,3.070020596790927,0.9218364370106322,1.7528714559651974,2.8252175701859312,4.319001427981889,1.9714855510974119,1.913559100051076,1.080626210345622,2.759492181047472,2.16299068987506,0.0,5.12,0.6332920147728847},fitness=net.sf.jclec.fitness.SimpleValueFitness@3ecf72fd[value=312.0415632695731]]
Worst individual: net.sf.jclec.realarray.RealArrayIndividual@73035e27[genotype={5.12,0.09957266306468776,0.0,0.0,3.1033967499718482,0.0,1.0172628869866174,5.12,0.994982616924643,3.1374239023224098,0.0,3.308729737784711,0.5282103685120538,0.0,3.8973430222883785,0.10988474557425976,2.073094976241671,3.070020596790927,0.9218364370106322,1.7528714559651974,2.8252175701859312,4.319001427981889,1.9714855510974119,1.913559100051076,1.080626210345622,2.759492181047472,2.16299068987506,0.0,5.12,0.6332920147728847},fitness=net.sf.jclec.fitness.SimpleValueFitness@3ecf72fd[value=312.0415632695731]]
Median individual: net.sf.jclec.realarray.RealArrayIndividual@73035e27[genotype={5.12,0.09957266306468776,0.0,0.0,3.1033967499718482,0.0,1.0172628869866174,5.12,0.994982616924643,3.1374239023224098,0.0,3.308729737784711,0.5282103685120538,0.0,3.8973430222883785,0.10988474557425976,2.073094976241671,3.070020596790927,0.9218364370106322,1.7528714559651974,2.8252175701859312,4.319001427981889,1.9714855510974119,1.913559100051076,1.080626210345622,2.759492181047472,2.16299068987506,0.0,5.12,0.6332920147728847},fitness=net.sf.jclec.fitness.SimpleValueFitness@3ecf72fd[value=312.0415632695731]]
Average fitness = 312.0415632695731
Fitness variance = 0.0
Generation 240 Report
Best individual: net.sf.jclec.realarray.RealArrayIndividual@483bf400[genotype={5.12,0.09957266306468776,0.0,0.0,3.1033967499718482,0.0,1.0172628869866174,5.12,0.994982616924643,3.1374239023224098,0.0,3.308729737784711,0.5282103685120538,0.0,3.8973430222883785,0.10988474557425976,2.073094976241671,3.070020596790927,0.9218364370106322,1.7528714559651974,2.8252175701859312,4.319001427981889,1.9714855510974119,1.913559100051076,1.080626210345622,2.759492181047472,2.16299068987506,0.0,5.12,0.6332920147728847},fitness=net.sf.jclec.fitness.SimpleValueFitness@77f03bb1[value=312.0415632695731]]
Worst individual: net.sf.jclec.realarray.RealArrayIndividual@483bf400[genotype={5.12,0.09957266306468776,0.0,0.0,3.1033967499718482,0.0,1.0172628869866174,5.12,0.994982616924643,3.1374239023224098,0.0,3.308729737784711,0.5282103685120538,0.0,3.8973430222883785,0.10988474557425976,2.073094976241671,3.070020596790927,0.9218364370106322,1.7528714559651974,2.8252175701859312,4.319001427981889,1.9714855510974119,1.913559100051076,1.080626210345622,2.759492181047472,2.16299068987506,0.0,5.12,0.6332920147728847},fitness=net.sf.jclec.fitness.SimpleValueFitness@77f03bb1[value=312.0415632695731]]
Median individual: net.sf.jclec.realarray.RealArrayIndividual@483bf400[genotype={5.12,0.09957266306468776,0.0,0.0,3.1033967499718482,0.0,1.0172628869866174,5.12,0.994982616924643,3.1374239023224098,0.0,3.308729737784711,0.5282103685120538,0.0,3.8973430222883785,0.10988474557425976,2.073094976241671,3.070020596790927,0.9218364370106322,1.7528714559651974,2.8252175701859312,4.319001427981889,1.9714855510974119,1.913559100051076,1.080626210345622,2.759492181047472,2.16299068987506,0.0,5.12,0.6332920147728847},fitness=net.sf.jclec.fitness.SimpleValueFitness@77f03bb1[value=312.0415632695731]]
Average fitness = 312.0415632695731
Fitness variance = 0.0
Generation 250 Report
Best individual: net.sf.jclec.realarray.RealArrayIndividual@326de728[genotype={3.8123784727821106,0.09957266306468776,0.0,0.0,4.322961739390522,0.0,1.0172628869866174,5.12,1.8191133817629768,4.997817149870583,0.0,3.308729737784711,0.5282103685120538,0.0,3.044935534793373,1.0906642157391149,2.073094976241671,1.3086299805893438,0.9218364370106322,1.7528714559651974,0.9599560712944673,5.12,1.9714855510974119,0.9181874951556857,1.080626210345622,2.0725379644145456,2.16299068987506,0.0,5.12,0.0},fitness=net.sf.jclec.fitness.SimpleValueFitness@7a92922[value=295.00356031620333]]
Worst individual: net.sf.jclec.realarray.RealArrayIndividual@326de728[genotype={3.8123784727821106,0.09957266306468776,0.0,0.0,4.322961739390522,0.0,1.0172628869866174,5.12,1.8191133817629768,4.997817149870583,0.0,3.308729737784711,0.5282103685120538,0.0,3.044935534793373,1.0906642157391149,2.073094976241671,1.3086299805893438,0.9218364370106322,1.7528714559651974,0.9599560712944673,5.12,1.9714855510974119,0.9181874951556857,1.080626210345622,2.0725379644145456,2.16299068987506,0.0,5.12,0.0},fitness=net.sf.jclec.fitness.SimpleValueFitness@7a92922[value=295.00356031620333]]
Median individual: net.sf.jclec.realarray.RealArrayIndividual@326de728[genotype={3.8123784727821106,0.09957266306468776,0.0,0.0,4.322961739390522,0.0,1.0172628869866174,5.12,1.8191133817629768,4.997817149870583,0.0,3.308729737784711,0.5282103685120538,0.0,3.044935534793373,1.0906642157391149,2.073094976241671,1.3086299805893438,0.9218364370106322,1.7528714559651974,0.9599560712944673,5.12,1.9714855510974119,0.9181874951556857,1.080626210345622,2.0725379644145456,2.16299068987506,0.0,5.12,0.0},fitness=net.sf.jclec.fitness.SimpleValueFitness@7a92922[value=295.00356031620333]]
Average fitness = 295.00356031620333
Fitness variance = 0.0
Generation 260 Report
Best individual: net.sf.jclec.realarray.RealArrayIndividual@71f2a7d5[genotype={3.8123784727821106,0.09957266306468776,0.0,0.0,4.322961739390522,0.0,1.0172628869866174,5.12,1.8191133817629768,4.997817149870583,0.0,3.308729737784711,0.5282103685120538,0.0,3.044935534793373,1.0906642157391149,2.073094976241671,1.3086299805893438,0.9218364370106322,1.7528714559651974,0.9599560712944673,5.12,1.9714855510974119,0.9181874951556857,1.080626210345622,2.0725379644145456,2.16299068987506,0.0,5.12,0.0},fitness=net.sf.jclec.fitness.SimpleValueFitness@5474c6c[value=295.00356031620333]]
Worst individual: net.sf.jclec.realarray.RealArrayIndividual@71f2a7d5[genotype={3.8123784727821106,0.09957266306468776,0.0,0.0,4.322961739390522,0.0,1.0172628869866174,5.12,1.8191133817629768,4.997817149870583,0.0,3.308729737784711,0.5282103685120538,0.0,3.044935534793373,1.0906642157391149,2.073094976241671,1.3086299805893438,0.9218364370106322,1.7528714559651974,0.9599560712944673,5.12,1.9714855510974119,0.9181874951556857,1.080626210345622,2.0725379644145456,2.16299068987506,0.0,5.12,0.0},fitness=net.sf.jclec.fitness.SimpleValueFitness@5474c6c[value=295.00356031620333]]
Median individual: net.sf.jclec.realarray.RealArrayIndividual@71f2a7d5[genotype={3.8123784727821106,0.09957266306468776,0.0,0.0,4.322961739390522,0.0,1.0172628869866174,5.12,1.8191133817629768,4.997817149870583,0.0,3.308729737784711,0.5282103685120538,0.0,3.044935534793373,1.0906642157391149,2.073094976241671,1.3086299805893438,0.9218364370106322,1.7528714559651974,0.9599560712944673,5.12,1.9714855510974119,0.9181874951556857,1.080626210345622,2.0725379644145456,2.16299068987506,0.0,5.12,0.0},fitness=net.sf.jclec.fitness.SimpleValueFitness@5474c6c[value=295.00356031620333]]
Average fitness = 295.00356031620333
Fitness variance = 0.0
Generation 270 Report
Best individual: net.sf.jclec.realarray.RealArrayIndividual@4b6995df[genotype={3.8123784727821106,0.09957266306468776,0.0,0.0,4.322961739390522,0.0,1.0172628869866174,5.12,1.8191133817629768,4.997817149870583,0.0,3.308729737784711,0.5282103685120538,0.0,3.044935534793373,1.0906642157391149,2.073094976241671,1.3086299805893438,0.9218364370106322,1.7528714559651974,0.9599560712944673,5.12,1.9714855510974119,0.9181874951556857,1.080626210345622,2.0725379644145456,2.16299068987506,0.0,5.12,0.0},fitness=net.sf.jclec.fitness.SimpleValueFitness@591f989e[value=295.00356031620333]]
Worst individual: net.sf.jclec.realarray.RealArrayIndividual@4b6995df[genotype={3.8123784727821106,0.09957266306468776,0.0,0.0,4.322961739390522,0.0,1.0172628869866174,5.12,1.8191133817629768,4.997817149870583,0.0,3.308729737784711,0.5282103685120538,0.0,3.044935534793373,1.0906642157391149,2.073094976241671,1.3086299805893438,0.9218364370106322,1.7528714559651974,0.9599560712944673,5.12,1.9714855510974119,0.9181874951556857,1.080626210345622,2.0725379644145456,2.16299068987506,0.0,5.12,0.0},fitness=net.sf.jclec.fitness.SimpleValueFitness@591f989e[value=295.00356031620333]]
Median individual: net.sf.jclec.realarray.RealArrayIndividual@4b6995df[genotype={3.8123784727821106,0.09957266306468776,0.0,0.0,4.322961739390522,0.0,1.0172628869866174,5.12,1.8191133817629768,4.997817149870583,0.0,3.308729737784711,0.5282103685120538,0.0,3.044935534793373,1.0906642157391149,2.073094976241671,1.3086299805893438,0.9218364370106322,1.7528714559651974,0.9599560712944673,5.12,1.9714855510974119,0.9181874951556857,1.080626210345622,2.0725379644145456,2.16299068987506,0.0,5.12,0.0},fitness=net.sf.jclec.fitness.SimpleValueFitness@591f989e[value=295.00356031620333]]
Average fitness = 295.00356031620333
Fitness variance = 0.0
Generation 280 Report
Best individual: net.sf.jclec.realarray.RealArrayIndividual@66048bfd[genotype={3.8123784727821106,0.09957266306468776,0.0,0.0,4.322961739390522,0.0,1.0172628869866174,5.12,1.8191133817629768,4.997817149870583,0.0,3.308729737784711,0.5282103685120538,0.0,3.044935534793373,1.0906642157391149,2.073094976241671,1.3086299805893438,0.9218364370106322,1.7528714559651974,0.9599560712944673,5.12,1.9714855510974119,0.9181874951556857,1.080626210345622,2.0725379644145456,2.16299068987506,0.0,5.12,0.0},fitness=net.sf.jclec.fitness.SimpleValueFitness@445b84c0[value=295.00356031620333]]
Worst individual: net.sf.jclec.realarray.RealArrayIndividual@66048bfd[genotype={3.8123784727821106,0.09957266306468776,0.0,0.0,4.322961739390522,0.0,1.0172628869866174,5.12,1.8191133817629768,4.997817149870583,0.0,3.308729737784711,0.5282103685120538,0.0,3.044935534793373,1.0906642157391149,2.073094976241671,1.3086299805893438,0.9218364370106322,1.7528714559651974,0.9599560712944673,5.12,1.9714855510974119,0.9181874951556857,1.080626210345622,2.0725379644145456,2.16299068987506,0.0,5.12,0.0},fitness=net.sf.jclec.fitness.SimpleValueFitness@445b84c0[value=295.00356031620333]]
Median individual: net.sf.jclec.realarray.RealArrayIndividual@66048bfd[genotype={3.8123784727821106,0.09957266306468776,0.0,0.0,4.322961739390522,0.0,1.0172628869866174,5.12,1.8191133817629768,4.997817149870583,0.0,3.308729737784711,0.5282103685120538,0.0,3.044935534793373,1.0906642157391149,2.073094976241671,1.3086299805893438,0.9218364370106322,1.7528714559651974,0.9599560712944673,5.12,1.9714855510974119,0.9181874951556857,1.080626210345622,2.0725379644145456,2.16299068987506,0.0,5.12,0.0},fitness=net.sf.jclec.fitness.SimpleValueFitness@445b84c0[value=295.00356031620333]]
Average fitness = 295.00356031620333
Fitness variance = 0.0
Generation 290 Report
Best individual: net.sf.jclec.realarray.RealArrayIndividual@61a52fbd[genotype={3.8123784727821106,0.09957266306468776,0.0,0.0,4.322961739390522,0.0,1.0172628869866174,5.12,1.8191133817629768,4.997817149870583,0.0,3.308729737784711,0.5282103685120538,0.0,3.044935534793373,1.0906642157391149,2.073094976241671,1.3086299805893438,0.9218364370106322,1.7528714559651974,0.9599560712944673,5.12,1.9714855510974119,0.9181874951556857,1.080626210345622,2.0725379644145456,2.16299068987506,0.0,5.12,0.0},fitness=net.sf.jclec.fitness.SimpleValueFitness@63d4e2ba[value=295.00356031620333]]
Worst individual: net.sf.jclec.realarray.RealArrayIndividual@61a52fbd[genotype={3.8123784727821106,0.09957266306468776,0.0,0.0,4.322961739390522,0.0,1.0172628869866174,5.12,1.8191133817629768,4.997817149870583,0.0,3.308729737784711,0.5282103685120538,0.0,3.044935534793373,1.0906642157391149,2.073094976241671,1.3086299805893438,0.9218364370106322,1.7528714559651974,0.9599560712944673,5.12,1.9714855510974119,0.9181874951556857,1.080626210345622,2.0725379644145456,2.16299068987506,0.0,5.12,0.0},fitness=net.sf.jclec.fitness.SimpleValueFitness@63d4e2ba[value=295.00356031620333]]
Median individual: net.sf.jclec.realarray.RealArrayIndividual@61a52fbd[genotype={3.8123784727821106,0.09957266306468776,0.0,0.0,4.322961739390522,0.0,1.0172628869866174,5.12,1.8191133817629768,4.997817149870583,0.0,3.308729737784711,0.5282103685120538,0.0,3.044935534793373,1.0906642157391149,2.073094976241671,1.3086299805893438,0.9218364370106322,1.7528714559651974,0.9599560712944673,5.12,1.9714855510974119,0.9181874951556857,1.080626210345622,2.0725379644145456,2.16299068987506,0.0,5.12,0.0},fitness=net.sf.jclec.fitness.SimpleValueFitness@63d4e2ba[value=295.00356031620333]]
Average fitness = 295.00356031620333
Fitness variance = 0.0
Generation 300 Report
Best individual: net.sf.jclec.realarray.RealArrayIndividual@7bb11784[genotype={3.8123784727821106,0.09957266306468776,0.0,0.0,4.322961739390522,0.0,1.0172628869866174,5.12,1.8191133817629768,4.997817149870583,0.0,3.308729737784711,0.5282103685120538,0.0,3.044935534793373,1.0906642157391149,2.073094976241671,1.3086299805893438,0.9218364370106322,1.7528714559651974,0.9599560712944673,5.12,1.9714855510974119,0.9181874951556857,1.080626210345622,2.0725379644145456,2.16299068987506,0.0,5.12,0.0},fitness=net.sf.jclec.fitness.SimpleValueFitness@7006c658[value=295.00356031620333]]
Worst individual: net.sf.jclec.realarray.RealArrayIndividual@7bb11784[genotype={3.8123784727821106,0.09957266306468776,0.0,0.0,4.322961739390522,0.0,1.0172628869866174,5.12,1.8191133817629768,4.997817149870583,0.0,3.308729737784711,0.5282103685120538,0.0,3.044935534793373,1.0906642157391149,2.073094976241671,1.3086299805893438,0.9218364370106322,1.7528714559651974,0.9599560712944673,5.12,1.9714855510974119,0.9181874951556857,1.080626210345622,2.0725379644145456,2.16299068987506,0.0,5.12,0.0},fitness=net.sf.jclec.fitness.SimpleValueFitness@7006c658[value=295.00356031620333]]
Median individual: net.sf.jclec.realarray.RealArrayIndividual@7bb11784[genotype={3.8123784727821106,0.09957266306468776,0.0,0.0,4.322961739390522,0.0,1.0172628869866174,5.12,1.8191133817629768,4.997817149870583,0.0,3.308729737784711,0.5282103685120538,0.0,3.044935534793373,1.0906642157391149,2.073094976241671,1.3086299805893438,0.9218364370106322,1.7528714559651974,0.9599560712944673,5.12,1.9714855510974119,0.9181874951556857,1.080626210345622,2.0725379644145456,2.16299068987506,0.0,5.12,0.0},fitness=net.sf.jclec.fitness.SimpleValueFitness@7006c658[value=295.00356031620333]]
Average fitness = 295.00356031620333
Fitness variance = 0.0
Generation 310 Report
Best individual: net.sf.jclec.realarray.RealArrayIndividual@34033bd0[genotype={3.8123784727821106,0.09957266306468776,0.0,0.0,4.322961739390522,0.0,1.0172628869866174,5.12,1.8191133817629768,4.997817149870583,0.0,3.308729737784711,0.5282103685120538,0.0,3.044935534793373,1.0906642157391149,2.073094976241671,1.3086299805893438,0.9218364370106322,1.7528714559651974,0.9599560712944673,5.12,1.9714855510974119,0.9181874951556857,1.080626210345622,2.0725379644145456,2.16299068987506,0.0,5.12,0.0},fitness=net.sf.jclec.fitness.SimpleValueFitness@7cdbc5d3[value=295.00356031620333]]
Worst individual: net.sf.jclec.realarray.RealArrayIndividual@34033bd0[genotype={3.8123784727821106,0.09957266306468776,0.0,0.0,4.322961739390522,0.0,1.0172628869866174,5.12,1.8191133817629768,4.997817149870583,0.0,3.308729737784711,0.5282103685120538,0.0,3.044935534793373,1.0906642157391149,2.073094976241671,1.3086299805893438,0.9218364370106322,1.7528714559651974,0.9599560712944673,5.12,1.9714855510974119,0.9181874951556857,1.080626210345622,2.0725379644145456,2.16299068987506,0.0,5.12,0.0},fitness=net.sf.jclec.fitness.SimpleValueFitness@7cdbc5d3[value=295.00356031620333]]
Median individual: net.sf.jclec.realarray.RealArrayIndividual@34033bd0[genotype={3.8123784727821106,0.09957266306468776,0.0,0.0,4.322961739390522,0.0,1.0172628869866174,5.12,1.8191133817629768,4.997817149870583,0.0,3.308729737784711,0.5282103685120538,0.0,3.044935534793373,1.0906642157391149,2.073094976241671,1.3086299805893438,0.9218364370106322,1.7528714559651974,0.9599560712944673,5.12,1.9714855510974119,0.9181874951556857,1.080626210345622,2.0725379644145456,2.16299068987506,0.0,5.12,0.0},fitness=net.sf.jclec.fitness.SimpleValueFitness@7cdbc5d3[value=295.00356031620333]]
Average fitness = 295.00356031620333
Fitness variance = 0.0
Generation 320 Report
Best individual: net.sf.jclec.realarray.RealArrayIndividual@3aa9e816[genotype={3.8123784727821106,0.09957266306468776,0.0,0.0,4.322961739390522,0.0,1.0172628869866174,5.12,1.8191133817629768,4.997817149870583,0.0,3.308729737784711,0.5282103685120538,0.0,3.044935534793373,1.0906642157391149,2.073094976241671,1.3086299805893438,0.9218364370106322,1.7528714559651974,0.9599560712944673,5.12,1.9714855510974119,0.9181874951556857,1.080626210345622,2.0725379644145456,2.16299068987506,0.0,5.12,0.0},fitness=net.sf.jclec.fitness.SimpleValueFitness@3834d63f[value=295.00356031620333]]
Worst individual: net.sf.jclec.realarray.RealArrayIndividual@3aa9e816[genotype={3.8123784727821106,0.09957266306468776,0.0,0.0,4.322961739390522,0.0,1.0172628869866174,5.12,1.8191133817629768,4.997817149870583,0.0,3.308729737784711,0.5282103685120538,0.0,3.044935534793373,1.0906642157391149,2.073094976241671,1.3086299805893438,0.9218364370106322,1.7528714559651974,0.9599560712944673,5.12,1.9714855510974119,0.9181874951556857,1.080626210345622,2.0725379644145456,2.16299068987506,0.0,5.12,0.0},fitness=net.sf.jclec.fitness.SimpleValueFitness@3834d63f[value=295.00356031620333]]
Median individual: net.sf.jclec.realarray.RealArrayIndividual@3aa9e816[genotype={3.8123784727821106,0.09957266306468776,0.0,0.0,4.322961739390522,0.0,1.0172628869866174,5.12,1.8191133817629768,4.997817149870583,0.0,3.308729737784711,0.5282103685120538,0.0,3.044935534793373,1.0906642157391149,2.073094976241671,1.3086299805893438,0.9218364370106322,1.7528714559651974,0.9599560712944673,5.12,1.9714855510974119,0.9181874951556857,1.080626210345622,2.0725379644145456,2.16299068987506,0.0,5.12,0.0},fitness=net.sf.jclec.fitness.SimpleValueFitness@3834d63f[value=295.00356031620333]]
Average fitness = 295.00356031620333
Fitness variance = 0.0
Generation 330 Report
Best individual: net.sf.jclec.realarray.RealArrayIndividual@1ae369b7[genotype={3.8123784727821106,0.09957266306468776,0.0,0.0,4.322961739390522,0.0,1.0172628869866174,5.12,1.8191133817629768,4.997817149870583,0.0,3.308729737784711,0.5282103685120538,0.0,3.044935534793373,1.0906642157391149,2.073094976241671,1.3086299805893438,0.9218364370106322,1.7528714559651974,0.9599560712944673,5.12,1.9714855510974119,0.9181874951556857,1.080626210345622,2.0725379644145456,2.16299068987506,0.0,5.12,0.0},fitness=net.sf.jclec.fitness.SimpleValueFitness@34340fab[value=295.00356031620333]]
Worst individual: net.sf.jclec.realarray.RealArrayIndividual@1ae369b7[genotype={3.8123784727821106,0.09957266306468776,0.0,0.0,4.322961739390522,0.0,1.0172628869866174,5.12,1.8191133817629768,4.997817149870583,0.0,3.308729737784711,0.5282103685120538,0.0,3.044935534793373,1.0906642157391149,2.073094976241671,1.3086299805893438,0.9218364370106322,1.7528714559651974,0.9599560712944673,5.12,1.9714855510974119,0.9181874951556857,1.080626210345622,2.0725379644145456,2.16299068987506,0.0,5.12,0.0},fitness=net.sf.jclec.fitness.SimpleValueFitness@34340fab[value=295.00356031620333]]
Median individual: net.sf.jclec.realarray.RealArrayIndividual@1ae369b7[genotype={3.8123784727821106,0.09957266306468776,0.0,0.0,4.322961739390522,0.0,1.0172628869866174,5.12,1.8191133817629768,4.997817149870583,0.0,3.308729737784711,0.5282103685120538,0.0,3.044935534793373,1.0906642157391149,2.073094976241671,1.3086299805893438,0.9218364370106322,1.7528714559651974,0.9599560712944673,5.12,1.9714855510974119,0.9181874951556857,1.080626210345622,2.0725379644145456,2.16299068987506,0.0,5.12,0.0},fitness=net.sf.jclec.fitness.SimpleValueFitness@34340fab[value=295.00356031620333]]
Average fitness = 295.00356031620333
Fitness variance = 0.0
Generation 340 Report
Best individual: net.sf.jclec.realarray.RealArrayIndividual@2aafb23c[genotype={3.8123784727821106,0.09957266306468776,0.0,0.0,4.322961739390522,0.0,1.0172628869866174,5.12,1.8191133817629768,4.997817149870583,0.0,3.308729737784711,0.5282103685120538,0.0,3.044935534793373,1.0906642157391149,2.073094976241671,1.3086299805893438,0.9218364370106322,1.7528714559651974,0.9599560712944673,5.12,1.9714855510974119,0.9181874951556857,1.080626210345622,2.0725379644145456,2.16299068987506,0.0,5.12,0.0},fitness=net.sf.jclec.fitness.SimpleValueFitness@3ab39c39[value=295.00356031620333]]
Worst individual: net.sf.jclec.realarray.RealArrayIndividual@2aafb23c[genotype={3.8123784727821106,0.09957266306468776,0.0,0.0,4.322961739390522,0.0,1.0172628869866174,5.12,1.8191133817629768,4.997817149870583,0.0,3.308729737784711,0.5282103685120538,0.0,3.044935534793373,1.0906642157391149,2.073094976241671,1.3086299805893438,0.9218364370106322,1.7528714559651974,0.9599560712944673,5.12,1.9714855510974119,0.9181874951556857,1.080626210345622,2.0725379644145456,2.16299068987506,0.0,5.12,0.0},fitness=net.sf.jclec.fitness.SimpleValueFitness@3ab39c39[value=295.00356031620333]]
Median individual: net.sf.jclec.realarray.RealArrayIndividual@2aafb23c[genotype={3.8123784727821106,0.09957266306468776,0.0,0.0,4.322961739390522,0.0,1.0172628869866174,5.12,1.8191133817629768,4.997817149870583,0.0,3.308729737784711,0.5282103685120538,0.0,3.044935534793373,1.0906642157391149,2.073094976241671,1.3086299805893438,0.9218364370106322,1.7528714559651974,0.9599560712944673,5.12,1.9714855510974119,0.9181874951556857,1.080626210345622,2.0725379644145456,2.16299068987506,0.0,5.12,0.0},fitness=net.sf.jclec.fitness.SimpleValueFitness@3ab39c39[value=295.00356031620333]]
Average fitness = 295.00356031620333
Fitness variance = 0.0
Generation 350 Report
Best individual: net.sf.jclec.realarray.RealArrayIndividual@2eee9593[genotype={3.8123784727821106,0.09957266306468776,0.0,0.0,4.322961739390522,0.0,1.0172628869866174,5.12,1.8191133817629768,4.997817149870583,0.0,3.308729737784711,0.5282103685120538,0.0,3.044935534793373,1.0906642157391149,2.073094976241671,1.3086299805893438,0.9218364370106322,1.7528714559651974,0.9599560712944673,5.12,1.9714855510974119,0.9181874951556857,1.080626210345622,2.0725379644145456,2.16299068987506,0.0,5.12,0.0},fitness=net.sf.jclec.fitness.SimpleValueFitness@546a03af[value=295.00356031620333]]
Worst individual: net.sf.jclec.realarray.RealArrayIndividual@2eee9593[genotype={3.8123784727821106,0.09957266306468776,0.0,0.0,4.322961739390522,0.0,1.0172628869866174,5.12,1.8191133817629768,4.997817149870583,0.0,3.308729737784711,0.5282103685120538,0.0,3.044935534793373,1.0906642157391149,2.073094976241671,1.3086299805893438,0.9218364370106322,1.7528714559651974,0.9599560712944673,5.12,1.9714855510974119,0.9181874951556857,1.080626210345622,2.0725379644145456,2.16299068987506,0.0,5.12,0.0},fitness=net.sf.jclec.fitness.SimpleValueFitness@546a03af[value=295.00356031620333]]
Median individual: net.sf.jclec.realarray.RealArrayIndividual@2eee9593[genotype={3.8123784727821106,0.09957266306468776,0.0,0.0,4.322961739390522,0.0,1.0172628869866174,5.12,1.8191133817629768,4.997817149870583,0.0,3.308729737784711,0.5282103685120538,0.0,3.044935534793373,1.0906642157391149,2.073094976241671,1.3086299805893438,0.9218364370106322,1.7528714559651974,0.9599560712944673,5.12,1.9714855510974119,0.9181874951556857,1.080626210345622,2.0725379644145456,2.16299068987506,0.0,5.12,0.0},fitness=net.sf.jclec.fitness.SimpleValueFitness@546a03af[value=295.00356031620333]]
Average fitness = 295.00356031620333
Fitness variance = 0.0
Generation 360 Report
Best individual: net.sf.jclec.realarray.RealArrayIndividual@721e0f4f[genotype={3.8123784727821106,0.09957266306468776,0.0,0.0,4.322961739390522,0.0,1.0172628869866174,5.12,1.8191133817629768,4.997817149870583,0.0,3.308729737784711,0.5282103685120538,0.0,3.044935534793373,1.0906642157391149,2.073094976241671,1.3086299805893438,0.9218364370106322,1.7528714559651974,0.9599560712944673,5.12,1.9714855510974119,0.9181874951556857,1.080626210345622,2.0725379644145456,2.16299068987506,0.0,5.12,0.0},fitness=net.sf.jclec.fitness.SimpleValueFitness@6ea6d14e[value=295.00356031620333]]
Worst individual: net.sf.jclec.realarray.RealArrayIndividual@721e0f4f[genotype={3.8123784727821106,0.09957266306468776,0.0,0.0,4.322961739390522,0.0,1.0172628869866174,5.12,1.8191133817629768,4.997817149870583,0.0,3.308729737784711,0.5282103685120538,0.0,3.044935534793373,1.0906642157391149,2.073094976241671,1.3086299805893438,0.9218364370106322,1.7528714559651974,0.9599560712944673,5.12,1.9714855510974119,0.9181874951556857,1.080626210345622,2.0725379644145456,2.16299068987506,0.0,5.12,0.0},fitness=net.sf.jclec.fitness.SimpleValueFitness@6ea6d14e[value=295.00356031620333]]
Median individual: net.sf.jclec.realarray.RealArrayIndividual@721e0f4f[genotype={3.8123784727821106,0.09957266306468776,0.0,0.0,4.322961739390522,0.0,1.0172628869866174,5.12,1.8191133817629768,4.997817149870583,0.0,3.308729737784711,0.5282103685120538,0.0,3.044935534793373,1.0906642157391149,2.073094976241671,1.3086299805893438,0.9218364370106322,1.7528714559651974,0.9599560712944673,5.12,1.9714855510974119,0.9181874951556857,1.080626210345622,2.0725379644145456,2.16299068987506,0.0,5.12,0.0},fitness=net.sf.jclec.fitness.SimpleValueFitness@6ea6d14e[value=295.00356031620333]]
Average fitness = 295.00356031620333
Fitness variance = 0.0
Generation 370 Report
Best individual: net.sf.jclec.realarray.RealArrayIndividual@6ad5c04e[genotype={3.8123784727821106,0.09957266306468776,0.0,0.0,4.322961739390522,0.0,1.0172628869866174,5.12,1.8191133817629768,4.997817149870583,0.0,3.308729737784711,0.5282103685120538,0.0,3.044935534793373,1.0906642157391149,2.073094976241671,1.3086299805893438,0.9218364370106322,1.7528714559651974,0.9599560712944673,5.12,1.9714855510974119,0.9181874951556857,1.080626210345622,2.0725379644145456,2.16299068987506,0.0,5.12,0.0},fitness=net.sf.jclec.fitness.SimpleValueFitness@725bef66[value=295.00356031620333]]
Worst individual: net.sf.jclec.realarray.RealArrayIndividual@6ad5c04e[genotype={3.8123784727821106,0.09957266306468776,0.0,0.0,4.322961739390522,0.0,1.0172628869866174,5.12,1.8191133817629768,4.997817149870583,0.0,3.308729737784711,0.5282103685120538,0.0,3.044935534793373,1.0906642157391149,2.073094976241671,1.3086299805893438,0.9218364370106322,1.7528714559651974,0.9599560712944673,5.12,1.9714855510974119,0.9181874951556857,1.080626210345622,2.0725379644145456,2.16299068987506,0.0,5.12,0.0},fitness=net.sf.jclec.fitness.SimpleValueFitness@725bef66[value=295.00356031620333]]
Median individual: net.sf.jclec.realarray.RealArrayIndividual@6ad5c04e[genotype={3.8123784727821106,0.09957266306468776,0.0,0.0,4.322961739390522,0.0,1.0172628869866174,5.12,1.8191133817629768,4.997817149870583,0.0,3.308729737784711,0.5282103685120538,0.0,3.044935534793373,1.0906642157391149,2.073094976241671,1.3086299805893438,0.9218364370106322,1.7528714559651974,0.9599560712944673,5.12,1.9714855510974119,0.9181874951556857,1.080626210345622,2.0725379644145456,2.16299068987506,0.0,5.12,0.0},fitness=net.sf.jclec.fitness.SimpleValueFitness@725bef66[value=295.00356031620333]]
Average fitness = 295.00356031620333
Fitness variance = 0.0
Generation 380 Report
Best individual: net.sf.jclec.realarray.RealArrayIndividual@2aaf7cc2[genotype={3.8123784727821106,0.09957266306468776,0.0,0.0,4.322961739390522,0.0,1.0172628869866174,5.12,1.8191133817629768,4.997817149870583,0.0,3.308729737784711,0.5282103685120538,0.0,3.044935534793373,1.0906642157391149,2.073094976241671,1.3086299805893438,0.9218364370106322,1.7528714559651974,0.9599560712944673,5.12,1.9714855510974119,0.9181874951556857,1.080626210345622,2.0725379644145456,2.16299068987506,0.0,5.12,0.0},fitness=net.sf.jclec.fitness.SimpleValueFitness@1888ff2c[value=295.00356031620333]]
Worst individual: net.sf.jclec.realarray.RealArrayIndividual@2aaf7cc2[genotype={3.8123784727821106,0.09957266306468776,0.0,0.0,4.322961739390522,0.0,1.0172628869866174,5.12,1.8191133817629768,4.997817149870583,0.0,3.308729737784711,0.5282103685120538,0.0,3.044935534793373,1.0906642157391149,2.073094976241671,1.3086299805893438,0.9218364370106322,1.7528714559651974,0.9599560712944673,5.12,1.9714855510974119,0.9181874951556857,1.080626210345622,2.0725379644145456,2.16299068987506,0.0,5.12,0.0},fitness=net.sf.jclec.fitness.SimpleValueFitness@1888ff2c[value=295.00356031620333]]
Median individual: net.sf.jclec.realarray.RealArrayIndividual@2aaf7cc2[genotype={3.8123784727821106,0.09957266306468776,0.0,0.0,4.322961739390522,0.0,1.0172628869866174,5.12,1.8191133817629768,4.997817149870583,0.0,3.308729737784711,0.5282103685120538,0.0,3.044935534793373,1.0906642157391149,2.073094976241671,1.3086299805893438,0.9218364370106322,1.7528714559651974,0.9599560712944673,5.12,1.9714855510974119,0.9181874951556857,1.080626210345622,2.0725379644145456,2.16299068987506,0.0,5.12,0.0},fitness=net.sf.jclec.fitness.SimpleValueFitness@1888ff2c[value=295.00356031620333]]
Average fitness = 295.00356031620333
Fitness variance = 0.0
Generation 390 Report
Best individual: net.sf.jclec.realarray.RealArrayIndividual@35851384[genotype={3.8123784727821106,0.09957266306468776,0.0,0.0,4.322961739390522,0.0,1.0172628869866174,5.12,1.8191133817629768,4.997817149870583,0.0,3.308729737784711,0.5282103685120538,0.0,3.044935534793373,1.0906642157391149,2.073094976241671,1.3086299805893438,0.9218364370106322,1.7528714559651974,0.9599560712944673,5.12,1.9714855510974119,0.9181874951556857,1.080626210345622,2.0725379644145456,2.16299068987506,0.0,5.12,0.0},fitness=net.sf.jclec.fitness.SimpleValueFitness@6adca536[value=295.00356031620333]]
Worst individual: net.sf.jclec.realarray.RealArrayIndividual@35851384[genotype={3.8123784727821106,0.09957266306468776,0.0,0.0,4.322961739390522,0.0,1.0172628869866174,5.12,1.8191133817629768,4.997817149870583,0.0,3.308729737784711,0.5282103685120538,0.0,3.044935534793373,1.0906642157391149,2.073094976241671,1.3086299805893438,0.9218364370106322,1.7528714559651974,0.9599560712944673,5.12,1.9714855510974119,0.9181874951556857,1.080626210345622,2.0725379644145456,2.16299068987506,0.0,5.12,0.0},fitness=net.sf.jclec.fitness.SimpleValueFitness@6adca536[value=295.00356031620333]]
Median individual: net.sf.jclec.realarray.RealArrayIndividual@35851384[genotype={3.8123784727821106,0.09957266306468776,0.0,0.0,4.322961739390522,0.0,1.0172628869866174,5.12,1.8191133817629768,4.997817149870583,0.0,3.308729737784711,0.5282103685120538,0.0,3.044935534793373,1.0906642157391149,2.073094976241671,1.3086299805893438,0.9218364370106322,1.7528714559651974,0.9599560712944673,5.12,1.9714855510974119,0.9181874951556857,1.080626210345622,2.0725379644145456,2.16299068987506,0.0,5.12,0.0},fitness=net.sf.jclec.fitness.SimpleValueFitness@6adca536[value=295.00356031620333]]
Average fitness = 295.00356031620333
Fitness variance = 0.0
Generation 400 Report
Best individual: net.sf.jclec.realarray.RealArrayIndividual@357246de[genotype={3.8123784727821106,0.09957266306468776,0.0,0.0,4.322961739390522,0.0,1.0172628869866174,5.12,1.8191133817629768,4.997817149870583,0.0,3.308729737784711,0.5282103685120538,0.0,3.044935534793373,1.0906642157391149,2.073094976241671,1.3086299805893438,0.9218364370106322,1.7528714559651974,0.9599560712944673,5.12,1.9714855510974119,0.9181874951556857,1.080626210345622,2.0725379644145456,2.16299068987506,0.0,5.12,0.0},fitness=net.sf.jclec.fitness.SimpleValueFitness@256216b3[value=295.00356031620333]]
Worst individual: net.sf.jclec.realarray.RealArrayIndividual@357246de[genotype={3.8123784727821106,0.09957266306468776,0.0,0.0,4.322961739390522,0.0,1.0172628869866174,5.12,1.8191133817629768,4.997817149870583,0.0,3.308729737784711,0.5282103685120538,0.0,3.044935534793373,1.0906642157391149,2.073094976241671,1.3086299805893438,0.9218364370106322,1.7528714559651974,0.9599560712944673,5.12,1.9714855510974119,0.9181874951556857,1.080626210345622,2.0725379644145456,2.16299068987506,0.0,5.12,0.0},fitness=net.sf.jclec.fitness.SimpleValueFitness@256216b3[value=295.00356031620333]]
Median individual: net.sf.jclec.realarray.RealArrayIndividual@357246de[genotype={3.8123784727821106,0.09957266306468776,0.0,0.0,4.322961739390522,0.0,1.0172628869866174,5.12,1.8191133817629768,4.997817149870583,0.0,3.308729737784711,0.5282103685120538,0.0,3.044935534793373,1.0906642157391149,2.073094976241671,1.3086299805893438,0.9218364370106322,1.7528714559651974,0.9599560712944673,5.12,1.9714855510974119,0.9181874951556857,1.080626210345622,2.0725379644145456,2.16299068987506,0.0,5.12,0.0},fitness=net.sf.jclec.fitness.SimpleValueFitness@256216b3[value=295.00356031620333]]
Average fitness = 295.00356031620333
Fitness variance = 0.0
Generation 410 Report
Best individual: net.sf.jclec.realarray.RealArrayIndividual@2a18f23c[genotype={3.8123784727821106,0.09957266306468776,0.0,0.0,4.322961739390522,0.0,1.0172628869866174,5.12,1.8191133817629768,4.997817149870583,0.0,3.308729737784711,0.5282103685120538,0.0,3.044935534793373,1.0906642157391149,2.073094976241671,1.3086299805893438,0.9218364370106322,1.7528714559651974,0.9599560712944673,5.12,1.9714855510974119,0.9181874951556857,1.080626210345622,2.0725379644145456,2.16299068987506,0.0,5.12,0.0},fitness=net.sf.jclec.fitness.SimpleValueFitness@16c0663d[value=295.00356031620333]]
Worst individual: net.sf.jclec.realarray.RealArrayIndividual@2a18f23c[genotype={3.8123784727821106,0.09957266306468776,0.0,0.0,4.322961739390522,0.0,1.0172628869866174,5.12,1.8191133817629768,4.997817149870583,0.0,3.308729737784711,0.5282103685120538,0.0,3.044935534793373,1.0906642157391149,2.073094976241671,1.3086299805893438,0.9218364370106322,1.7528714559651974,0.9599560712944673,5.12,1.9714855510974119,0.9181874951556857,1.080626210345622,2.0725379644145456,2.16299068987506,0.0,5.12,0.0},fitness=net.sf.jclec.fitness.SimpleValueFitness@16c0663d[value=295.00356031620333]]
Median individual: net.sf.jclec.realarray.RealArrayIndividual@2a18f23c[genotype={3.8123784727821106,0.09957266306468776,0.0,0.0,4.322961739390522,0.0,1.0172628869866174,5.12,1.8191133817629768,4.997817149870583,0.0,3.308729737784711,0.5282103685120538,0.0,3.044935534793373,1.0906642157391149,2.073094976241671,1.3086299805893438,0.9218364370106322,1.7528714559651974,0.9599560712944673,5.12,1.9714855510974119,0.9181874951556857,1.080626210345622,2.0725379644145456,2.16299068987506,0.0,5.12,0.0},fitness=net.sf.jclec.fitness.SimpleValueFitness@16c0663d[value=295.00356031620333]]
Average fitness = 295.00356031620333
Fitness variance = 0.0
Generation 420 Report
Best individual: net.sf.jclec.realarray.RealArrayIndividual@23223dd8[genotype={3.8123784727821106,0.09957266306468776,0.0,0.0,4.322961739390522,0.0,1.0172628869866174,5.12,1.8191133817629768,4.997817149870583,0.0,3.308729737784711,0.5282103685120538,0.0,3.044935534793373,1.0906642157391149,2.073094976241671,1.3086299805893438,0.9218364370106322,1.7528714559651974,0.9599560712944673,5.12,1.9714855510974119,0.9181874951556857,1.080626210345622,2.0725379644145456,2.16299068987506,0.0,5.12,0.0},fitness=net.sf.jclec.fitness.SimpleValueFitness@1b40d5f0[value=295.00356031620333]]
Worst individual: net.sf.jclec.realarray.RealArrayIndividual@23223dd8[genotype={3.8123784727821106,0.09957266306468776,0.0,0.0,4.322961739390522,0.0,1.0172628869866174,5.12,1.8191133817629768,4.997817149870583,0.0,3.308729737784711,0.5282103685120538,0.0,3.044935534793373,1.0906642157391149,2.073094976241671,1.3086299805893438,0.9218364370106322,1.7528714559651974,0.9599560712944673,5.12,1.9714855510974119,0.9181874951556857,1.080626210345622,2.0725379644145456,2.16299068987506,0.0,5.12,0.0},fitness=net.sf.jclec.fitness.SimpleValueFitness@1b40d5f0[value=295.00356031620333]]
Median individual: net.sf.jclec.realarray.RealArrayIndividual@23223dd8[genotype={3.8123784727821106,0.09957266306468776,0.0,0.0,4.322961739390522,0.0,1.0172628869866174,5.12,1.8191133817629768,4.997817149870583,0.0,3.308729737784711,0.5282103685120538,0.0,3.044935534793373,1.0906642157391149,2.073094976241671,1.3086299805893438,0.9218364370106322,1.7528714559651974,0.9599560712944673,5.12,1.9714855510974119,0.9181874951556857,1.080626210345622,2.0725379644145456,2.16299068987506,0.0,5.12,0.0},fitness=net.sf.jclec.fitness.SimpleValueFitness@1b40d5f0[value=295.00356031620333]]
Average fitness = 295.00356031620333
Fitness variance = 0.0
Generation 430 Report
Best individual: net.sf.jclec.realarray.RealArrayIndividual@ea4a92b[genotype={3.8123784727821106,0.09957266306468776,0.0,0.0,4.322961739390522,0.0,1.0172628869866174,5.12,1.8191133817629768,4.997817149870583,0.0,3.308729737784711,0.5282103685120538,0.0,3.044935534793373,1.0906642157391149,2.073094976241671,1.3086299805893438,0.9218364370106322,1.7528714559651974,0.9599560712944673,5.12,1.9714855510974119,0.9181874951556857,1.080626210345622,2.0725379644145456,2.16299068987506,0.0,5.12,0.0},fitness=net.sf.jclec.fitness.SimpleValueFitness@47f37ef1[value=295.00356031620333]]
Worst individual: net.sf.jclec.realarray.RealArrayIndividual@ea4a92b[genotype={3.8123784727821106,0.09957266306468776,0.0,0.0,4.322961739390522,0.0,1.0172628869866174,5.12,1.8191133817629768,4.997817149870583,0.0,3.308729737784711,0.5282103685120538,0.0,3.044935534793373,1.0906642157391149,2.073094976241671,1.3086299805893438,0.9218364370106322,1.7528714559651974,0.9599560712944673,5.12,1.9714855510974119,0.9181874951556857,1.080626210345622,2.0725379644145456,2.16299068987506,0.0,5.12,0.0},fitness=net.sf.jclec.fitness.SimpleValueFitness@47f37ef1[value=295.00356031620333]]
Median individual: net.sf.jclec.realarray.RealArrayIndividual@ea4a92b[genotype={3.8123784727821106,0.09957266306468776,0.0,0.0,4.322961739390522,0.0,1.0172628869866174,5.12,1.8191133817629768,4.997817149870583,0.0,3.308729737784711,0.5282103685120538,0.0,3.044935534793373,1.0906642157391149,2.073094976241671,1.3086299805893438,0.9218364370106322,1.7528714559651974,0.9599560712944673,5.12,1.9714855510974119,0.9181874951556857,1.080626210345622,2.0725379644145456,2.16299068987506,0.0,5.12,0.0},fitness=net.sf.jclec.fitness.SimpleValueFitness@47f37ef1[value=295.00356031620333]]
Average fitness = 295.00356031620333
Fitness variance = 0.0
Generation 440 Report
Best individual: net.sf.jclec.realarray.RealArrayIndividual@5a01ccaa[genotype={3.8123784727821106,0.09957266306468776,0.0,0.0,4.322961739390522,0.0,1.0172628869866174,5.12,1.8191133817629768,4.997817149870583,0.0,3.308729737784711,0.5282103685120538,0.0,3.044935534793373,1.0906642157391149,2.073094976241671,1.3086299805893438,0.9218364370106322,1.7528714559651974,0.9599560712944673,5.12,1.9714855510974119,0.9181874951556857,1.080626210345622,2.0725379644145456,2.16299068987506,0.0,5.12,0.0},fitness=net.sf.jclec.fitness.SimpleValueFitness@19bb089b[value=295.00356031620333]]
Worst individual: net.sf.jclec.realarray.RealArrayIndividual@5a01ccaa[genotype={3.8123784727821106,0.09957266306468776,0.0,0.0,4.322961739390522,0.0,1.0172628869866174,5.12,1.8191133817629768,4.997817149870583,0.0,3.308729737784711,0.5282103685120538,0.0,3.044935534793373,1.0906642157391149,2.073094976241671,1.3086299805893438,0.9218364370106322,1.7528714559651974,0.9599560712944673,5.12,1.9714855510974119,0.9181874951556857,1.080626210345622,2.0725379644145456,2.16299068987506,0.0,5.12,0.0},fitness=net.sf.jclec.fitness.SimpleValueFitness@19bb089b[value=295.00356031620333]]
Median individual: net.sf.jclec.realarray.RealArrayIndividual@5a01ccaa[genotype={3.8123784727821106,0.09957266306468776,0.0,0.0,4.322961739390522,0.0,1.0172628869866174,5.12,1.8191133817629768,4.997817149870583,0.0,3.308729737784711,0.5282103685120538,0.0,3.044935534793373,1.0906642157391149,2.073094976241671,1.3086299805893438,0.9218364370106322,1.7528714559651974,0.9599560712944673,5.12,1.9714855510974119,0.9181874951556857,1.080626210345622,2.0725379644145456,2.16299068987506,0.0,5.12,0.0},fitness=net.sf.jclec.fitness.SimpleValueFitness@19bb089b[value=295.00356031620333]]
Average fitness = 295.00356031620333
Fitness variance = 0.0
Generation 450 Report
Best individual: net.sf.jclec.realarray.RealArrayIndividual@4563e9ab[genotype={3.8123784727821106,0.09957266306468776,0.0,0.0,4.322961739390522,0.0,1.0172628869866174,5.12,1.8191133817629768,4.997817149870583,0.0,3.308729737784711,0.5282103685120538,0.0,3.044935534793373,1.0906642157391149,2.073094976241671,1.3086299805893438,0.9218364370106322,1.7528714559651974,0.9599560712944673,5.12,1.9714855510974119,0.9181874951556857,1.080626210345622,2.0725379644145456,2.16299068987506,0.0,5.12,0.0},fitness=net.sf.jclec.fitness.SimpleValueFitness@5e025e70[value=295.00356031620333]]
Worst individual: net.sf.jclec.realarray.RealArrayIndividual@4563e9ab[genotype={3.8123784727821106,0.09957266306468776,0.0,0.0,4.322961739390522,0.0,1.0172628869866174,5.12,1.8191133817629768,4.997817149870583,0.0,3.308729737784711,0.5282103685120538,0.0,3.044935534793373,1.0906642157391149,2.073094976241671,1.3086299805893438,0.9218364370106322,1.7528714559651974,0.9599560712944673,5.12,1.9714855510974119,0.9181874951556857,1.080626210345622,2.0725379644145456,2.16299068987506,0.0,5.12,0.0},fitness=net.sf.jclec.fitness.SimpleValueFitness@5e025e70[value=295.00356031620333]]
Median individual: net.sf.jclec.realarray.RealArrayIndividual@4563e9ab[genotype={3.8123784727821106,0.09957266306468776,0.0,0.0,4.322961739390522,0.0,1.0172628869866174,5.12,1.8191133817629768,4.997817149870583,0.0,3.308729737784711,0.5282103685120538,0.0,3.044935534793373,1.0906642157391149,2.073094976241671,1.3086299805893438,0.9218364370106322,1.7528714559651974,0.9599560712944673,5.12,1.9714855510974119,0.9181874951556857,1.080626210345622,2.0725379644145456,2.16299068987506,0.0,5.12,0.0},fitness=net.sf.jclec.fitness.SimpleValueFitness@5e025e70[value=295.00356031620333]]
Average fitness = 295.00356031620333
Fitness variance = 0.0
Generation 460 Report
Best individual: net.sf.jclec.realarray.RealArrayIndividual@1fbc7afb[genotype={3.8123784727821106,0.09957266306468776,0.0,0.0,4.322961739390522,0.0,1.0172628869866174,5.12,1.8191133817629768,4.997817149870583,0.0,3.308729737784711,0.5282103685120538,0.0,3.044935534793373,1.0906642157391149,2.073094976241671,1.3086299805893438,0.9218364370106322,1.7528714559651974,0.9599560712944673,5.12,1.9714855510974119,0.9181874951556857,1.080626210345622,2.0725379644145456,2.16299068987506,0.0,5.12,0.0},fitness=net.sf.jclec.fitness.SimpleValueFitness@4cdbe50f[value=295.00356031620333]]
Worst individual: net.sf.jclec.realarray.RealArrayIndividual@1fbc7afb[genotype={3.8123784727821106,0.09957266306468776,0.0,0.0,4.322961739390522,0.0,1.0172628869866174,5.12,1.8191133817629768,4.997817149870583,0.0,3.308729737784711,0.5282103685120538,0.0,3.044935534793373,1.0906642157391149,2.073094976241671,1.3086299805893438,0.9218364370106322,1.7528714559651974,0.9599560712944673,5.12,1.9714855510974119,0.9181874951556857,1.080626210345622,2.0725379644145456,2.16299068987506,0.0,5.12,0.0},fitness=net.sf.jclec.fitness.SimpleValueFitness@4cdbe50f[value=295.00356031620333]]
Median individual: net.sf.jclec.realarray.RealArrayIndividual@1fbc7afb[genotype={3.8123784727821106,0.09957266306468776,0.0,0.0,4.322961739390522,0.0,1.0172628869866174,5.12,1.8191133817629768,4.997817149870583,0.0,3.308729737784711,0.5282103685120538,0.0,3.044935534793373,1.0906642157391149,2.073094976241671,1.3086299805893438,0.9218364370106322,1.7528714559651974,0.9599560712944673,5.12,1.9714855510974119,0.9181874951556857,1.080626210345622,2.0725379644145456,2.16299068987506,0.0,5.12,0.0},fitness=net.sf.jclec.fitness.SimpleValueFitness@4cdbe50f[value=295.00356031620333]]
Average fitness = 295.00356031620333
Fitness variance = 0.0
Generation 470 Report
Best individual: net.sf.jclec.realarray.RealArrayIndividual@66d33a[genotype={3.8123784727821106,0.09957266306468776,0.0,0.0,4.322961739390522,0.0,1.0172628869866174,5.12,1.8191133817629768,4.997817149870583,0.0,3.308729737784711,0.5282103685120538,0.0,3.044935534793373,1.0906642157391149,2.073094976241671,1.3086299805893438,0.9218364370106322,1.7528714559651974,0.9599560712944673,5.12,1.9714855510974119,0.9181874951556857,1.080626210345622,2.0725379644145456,2.16299068987506,0.0,5.12,0.0},fitness=net.sf.jclec.fitness.SimpleValueFitness@7e0babb1[value=295.00356031620333]]
Worst individual: net.sf.jclec.realarray.RealArrayIndividual@66d33a[genotype={3.8123784727821106,0.09957266306468776,0.0,0.0,4.322961739390522,0.0,1.0172628869866174,5.12,1.8191133817629768,4.997817149870583,0.0,3.308729737784711,0.5282103685120538,0.0,3.044935534793373,1.0906642157391149,2.073094976241671,1.3086299805893438,0.9218364370106322,1.7528714559651974,0.9599560712944673,5.12,1.9714855510974119,0.9181874951556857,1.080626210345622,2.0725379644145456,2.16299068987506,0.0,5.12,0.0},fitness=net.sf.jclec.fitness.SimpleValueFitness@7e0babb1[value=295.00356031620333]]
Median individual: net.sf.jclec.realarray.RealArrayIndividual@66d33a[genotype={3.8123784727821106,0.09957266306468776,0.0,0.0,4.322961739390522,0.0,1.0172628869866174,5.12,1.8191133817629768,4.997817149870583,0.0,3.308729737784711,0.5282103685120538,0.0,3.044935534793373,1.0906642157391149,2.073094976241671,1.3086299805893438,0.9218364370106322,1.7528714559651974,0.9599560712944673,5.12,1.9714855510974119,0.9181874951556857,1.080626210345622,2.0725379644145456,2.16299068987506,0.0,5.12,0.0},fitness=net.sf.jclec.fitness.SimpleValueFitness@7e0babb1[value=295.00356031620333]]
Average fitness = 295.00356031620333
Fitness variance = 0.0
Generation 480 Report
Best individual: net.sf.jclec.realarray.RealArrayIndividual@6debcae2[genotype={3.1828973901025,0.09957266306468776,0.5495735468498779,0.9616354002396461,4.322961739390522,0.0,0.0,3.667362430039147,2.9422606006265966,4.997817149870583,1.1160358369304113,3.833017859280782,2.054719347273862,0.0,3.044935534793373,0.0,3.003314929894954,3.1301598959987578,0.9218364370106322,1.7528714559651974,0.0,4.087860611459014,1.9714855510974119,0.9181874951556857,1.080626210345622,1.4892941207466805,1.083686692255443,0.0,5.12,0.10942642924863222},fitness=net.sf.jclec.fitness.SimpleValueFitness@2ff4f00f[value=292.3976020450875]]
Worst individual: net.sf.jclec.realarray.RealArrayIndividual@6debcae2[genotype={3.1828973901025,0.09957266306468776,0.5495735468498779,0.9616354002396461,4.322961739390522,0.0,0.0,3.667362430039147,2.9422606006265966,4.997817149870583,1.1160358369304113,3.833017859280782,2.054719347273862,0.0,3.044935534793373,0.0,3.003314929894954,3.1301598959987578,0.9218364370106322,1.7528714559651974,0.0,4.087860611459014,1.9714855510974119,0.9181874951556857,1.080626210345622,1.4892941207466805,1.083686692255443,0.0,5.12,0.10942642924863222},fitness=net.sf.jclec.fitness.SimpleValueFitness@2ff4f00f[value=292.3976020450875]]
Median individual: net.sf.jclec.realarray.RealArrayIndividual@6debcae2[genotype={3.1828973901025,0.09957266306468776,0.5495735468498779,0.9616354002396461,4.322961739390522,0.0,0.0,3.667362430039147,2.9422606006265966,4.997817149870583,1.1160358369304113,3.833017859280782,2.054719347273862,0.0,3.044935534793373,0.0,3.003314929894954,3.1301598959987578,0.9218364370106322,1.7528714559651974,0.0,4.087860611459014,1.9714855510974119,0.9181874951556857,1.080626210345622,1.4892941207466805,1.083686692255443,0.0,5.12,0.10942642924863222},fitness=net.sf.jclec.fitness.SimpleValueFitness@2ff4f00f[value=292.3976020450875]]
Average fitness = 292.3976020450875
Fitness variance = 0.0
Generation 490 Report
Best individual: net.sf.jclec.realarray.RealArrayIndividual@c818063[genotype={3.1828973901025,0.09957266306468776,0.5495735468498779,0.9616354002396461,4.322961739390522,0.0,0.0,3.667362430039147,2.9422606006265966,4.997817149870583,1.1160358369304113,3.833017859280782,2.054719347273862,0.0,3.044935534793373,0.0,3.003314929894954,3.1301598959987578,0.9218364370106322,1.7528714559651974,0.0,4.087860611459014,1.9714855510974119,0.9181874951556857,1.080626210345622,1.4892941207466805,1.083686692255443,0.0,5.12,0.10942642924863222},fitness=net.sf.jclec.fitness.SimpleValueFitness@75bd9247[value=292.3976020450875]]
Worst individual: net.sf.jclec.realarray.RealArrayIndividual@c818063[genotype={3.1828973901025,0.09957266306468776,0.5495735468498779,0.9616354002396461,4.322961739390522,0.0,0.0,3.667362430039147,2.9422606006265966,4.997817149870583,1.1160358369304113,3.833017859280782,2.054719347273862,0.0,3.044935534793373,0.0,3.003314929894954,3.1301598959987578,0.9218364370106322,1.7528714559651974,0.0,4.087860611459014,1.9714855510974119,0.9181874951556857,1.080626210345622,1.4892941207466805,1.083686692255443,0.0,5.12,0.10942642924863222},fitness=net.sf.jclec.fitness.SimpleValueFitness@75bd9247[value=292.3976020450875]]
Median individual: net.sf.jclec.realarray.RealArrayIndividual@c818063[genotype={3.1828973901025,0.09957266306468776,0.5495735468498779,0.9616354002396461,4.322961739390522,0.0,0.0,3.667362430039147,2.9422606006265966,4.997817149870583,1.1160358369304113,3.833017859280782,2.054719347273862,0.0,3.044935534793373,0.0,3.003314929894954,3.1301598959987578,0.9218364370106322,1.7528714559651974,0.0,4.087860611459014,1.9714855510974119,0.9181874951556857,1.080626210345622,1.4892941207466805,1.083686692255443,0.0,5.12,0.10942642924863222},fitness=net.sf.jclec.fitness.SimpleValueFitness@75bd9247[value=292.3976020450875]]
Average fitness = 292.3976020450875
Fitness variance = 0.0
Generation 500 Report
Best individual: net.sf.jclec.realarray.RealArrayIndividual@7d417077[genotype={3.1828973901025,0.09957266306468776,0.5495735468498779,0.9616354002396461,4.322961739390522,0.0,0.0,3.667362430039147,2.9422606006265966,4.997817149870583,1.1160358369304113,3.833017859280782,2.054719347273862,0.0,3.044935534793373,0.0,3.003314929894954,3.1301598959987578,0.9218364370106322,1.7528714559651974,0.0,4.087860611459014,1.9714855510974119,0.9181874951556857,1.080626210345622,1.4892941207466805,1.083686692255443,0.0,5.12,0.10942642924863222},fitness=net.sf.jclec.fitness.SimpleValueFitness@35bbe5e8[value=292.3976020450875]]
Worst individual: net.sf.jclec.realarray.RealArrayIndividual@7d417077[genotype={3.1828973901025,0.09957266306468776,0.5495735468498779,0.9616354002396461,4.322961739390522,0.0,0.0,3.667362430039147,2.9422606006265966,4.997817149870583,1.1160358369304113,3.833017859280782,2.054719347273862,0.0,3.044935534793373,0.0,3.003314929894954,3.1301598959987578,0.9218364370106322,1.7528714559651974,0.0,4.087860611459014,1.9714855510974119,0.9181874951556857,1.080626210345622,1.4892941207466805,1.083686692255443,0.0,5.12,0.10942642924863222},fitness=net.sf.jclec.fitness.SimpleValueFitness@35bbe5e8[value=292.3976020450875]]
Median individual: net.sf.jclec.realarray.RealArrayIndividual@7d417077[genotype={3.1828973901025,0.09957266306468776,0.5495735468498779,0.9616354002396461,4.322961739390522,0.0,0.0,3.667362430039147,2.9422606006265966,4.997817149870583,1.1160358369304113,3.833017859280782,2.054719347273862,0.0,3.044935534793373,0.0,3.003314929894954,3.1301598959987578,0.9218364370106322,1.7528714559651974,0.0,4.087860611459014,1.9714855510974119,0.9181874951556857,1.080626210345622,1.4892941207466805,1.083686692255443,0.0,5.12,0.10942642924863222},fitness=net.sf.jclec.fitness.SimpleValueFitness@35bbe5e8[value=292.3976020450875]]
Average fitness = 292.3976020450875
Fitness variance = 0.0
