Wed Nov 28 15.51.20 CET 2018
Generation 0 Report
Best individual: net.sf.jclec.realarray.RealArrayIndividual@5ccd43c2[genotype={0.9037376960079304,0.08461186401199668,1.7401582929939954,3.0034345467943666,0.8793257762255751,1.9082628841771823,2.7814918107950506,3.2150947874915983,1.7023317014249528,3.5352520928755036,1.8166531676490099,2.1054288603535283,0.8524997895858863,2.7450655517150433,3.065447890865152,5.1199436724950695,1.7501795268257931,0.18761004482457705,2.1544750777014,0.6936847542055209,0.21337868318410344,1.3576281703010527,3.9536065678556196,0.2573371218250327,3.858028133167364,5.020681999676942,1.6312325850690155,2.1384422408271773,2.37716204685241,5.036410833781038},fitness=net.sf.jclec.fitness.SimpleValueFitness@7960847b[value=409.5203903646855]]
Worst individual: net.sf.jclec.realarray.RealArrayIndividual@4c3e4790[genotype={4.496729472654782,1.7054642093113899,2.438462032978337,4.258397382933452,3.4644789352572407,4.47562840501345,1.161637721729379,3.3965999408495766,4.04121228027304,3.3247132754533135,0.7009955406520402,4.237881144161666,3.47415159634852,4.554397726217884,4.5609284833462675,0.5529986341523538,1.61795839189715,3.901078433031557,3.281568542755736,4.434010359502717,0.1601500840922911,1.2743508543219517,3.943089044280223,2.000208372752013,1.9806901804055943,3.5765479752724434,3.5747949239436863,0.6867216917293558,2.73832666708236,0.5915347141326106},fitness=net.sf.jclec.fitness.SimpleValueFitness@5679c6c6[value=687.2102452723591]]
Median individual: net.sf.jclec.realarray.RealArrayIndividual@26f0a63f[genotype={1.9910702961975524,0.5624965463413172,4.666422606342662,1.8598674637373076,0.571059831448684,2.026881387642995,1.4966035583244064,0.8178523024316503,4.612507969691714,3.4230266598048904,1.258155508955598,1.113302375620518,2.6739004315578683,2.523490733740281,4.762652968043011,2.474835589629998,0.06383721287202355,3.694703002544593,1.2469486361869124,0.6085452507901046,0.34289866428393473,5.070345244324346,4.826731725168291,3.855077119045029,1.5770508051612755,1.6422342223508453,4.383031232613483,5.096982002901016,3.017523721449017,1.7040069067013262},fitness=net.sf.jclec.fitness.SimpleValueFitness@53bd815b[value=587.5607727931174]]
Average fitness = 552.1218607592409
Fitness variance = 2997.6616205047467
Generation 10 Report
Best individual: net.sf.jclec.realarray.RealArrayIndividual@4ca8195f[genotype={2.3806894656749535,0.3011938328601654,0.0,1.0691200768978477,0.9629476523603989,4.182432703169719,0.9750542467357672,1.7584460315364465,1.8375287088348742,1.6522080842664384,2.443714018317159,1.3496062945825371,2.826026521187978,0.7903284308644718,2.2854835868066545,2.6801335162695152,0.6628700541949519,0.0,4.989472764415929,0.9891685741148062,1.9766514629912055,1.8715043703258456,2.8427857744599967,3.9339248467643118,2.2519657502371673,1.1819253712255002,0.0,3.074739662566754,3.982194088369756,1.4536957273552462},fitness=net.sf.jclec.fitness.SimpleValueFitness@61baa894[value=358.22895189889186]]
Worst individual: net.sf.jclec.realarray.RealArrayIndividual@4ca8195f[genotype={2.3806894656749535,0.3011938328601654,0.0,1.0691200768978477,0.9629476523603989,4.182432703169719,0.9750542467357672,1.7584460315364465,1.8375287088348742,1.6522080842664384,2.443714018317159,1.3496062945825371,2.826026521187978,0.7903284308644718,2.2854835868066545,2.6801335162695152,0.6628700541949519,0.0,4.989472764415929,0.9891685741148062,1.9766514629912055,1.8715043703258456,2.8427857744599967,3.9339248467643118,2.2519657502371673,1.1819253712255002,0.0,3.074739662566754,3.982194088369756,1.4536957273552462},fitness=net.sf.jclec.fitness.SimpleValueFitness@61baa894[value=358.22895189889186]]
Median individual: net.sf.jclec.realarray.RealArrayIndividual@4ca8195f[genotype={2.3806894656749535,0.3011938328601654,0.0,1.0691200768978477,0.9629476523603989,4.182432703169719,0.9750542467357672,1.7584460315364465,1.8375287088348742,1.6522080842664384,2.443714018317159,1.3496062945825371,2.826026521187978,0.7903284308644718,2.2854835868066545,2.6801335162695152,0.6628700541949519,0.0,4.989472764415929,0.9891685741148062,1.9766514629912055,1.8715043703258456,2.8427857744599967,3.9339248467643118,2.2519657502371673,1.1819253712255002,0.0,3.074739662566754,3.982194088369756,1.4536957273552462},fitness=net.sf.jclec.fitness.SimpleValueFitness@61baa894[value=358.22895189889186]]
Average fitness = 358.22895189889186
Fitness variance = 0.0
Generation 20 Report
Best individual: net.sf.jclec.realarray.RealArrayIndividual@b065c63[genotype={2.632365192426147,0.5773951914989888,1.6312102081927518,1.0691200768978477,0.7018043469190397,4.063885372618191,0.9750542467357672,1.7584460315364465,0.7660008674950554,1.6522080842664384,2.8713900208580077,0.0,1.840168082353646,0.7903284308644718,3.846485573274461,4.272085930636279,0.7582892816435174,0.0,4.989472764415929,0.0,1.9766514629912055,0.8470299958882193,1.3781095299654709,2.708903455291349,1.8195518275003162,0.0,0.0,3.074739662566754,3.982194088369756,1.4536957273552462},fitness=net.sf.jclec.fitness.SimpleValueFitness@490d6c15[value=353.26839490379973]]
Worst individual: net.sf.jclec.realarray.RealArrayIndividual@b065c63[genotype={2.632365192426147,0.5773951914989888,1.6312102081927518,1.0691200768978477,0.7018043469190397,4.063885372618191,0.9750542467357672,1.7584460315364465,0.7660008674950554,1.6522080842664384,2.8713900208580077,0.0,1.840168082353646,0.7903284308644718,3.846485573274461,4.272085930636279,0.7582892816435174,0.0,4.989472764415929,0.0,1.9766514629912055,0.8470299958882193,1.3781095299654709,2.708903455291349,1.8195518275003162,0.0,0.0,3.074739662566754,3.982194088369756,1.4536957273552462},fitness=net.sf.jclec.fitness.SimpleValueFitness@490d6c15[value=353.26839490379973]]
Median individual: net.sf.jclec.realarray.RealArrayIndividual@b065c63[genotype={2.632365192426147,0.5773951914989888,1.6312102081927518,1.0691200768978477,0.7018043469190397,4.063885372618191,0.9750542467357672,1.7584460315364465,0.7660008674950554,1.6522080842664384,2.8713900208580077,0.0,1.840168082353646,0.7903284308644718,3.846485573274461,4.272085930636279,0.7582892816435174,0.0,4.989472764415929,0.0,1.9766514629912055,0.8470299958882193,1.3781095299654709,2.708903455291349,1.8195518275003162,0.0,0.0,3.074739662566754,3.982194088369756,1.4536957273552462},fitness=net.sf.jclec.fitness.SimpleValueFitness@490d6c15[value=353.26839490379973]]
Average fitness = 353.26839490379973
Fitness variance = 0.0
Generation 30 Report
Best individual: net.sf.jclec.realarray.RealArrayIndividual@7d4793a8[genotype={2.632365192426147,0.5773951914989888,1.6312102081927518,1.0691200768978477,0.7018043469190397,4.063885372618191,0.9750542467357672,1.7584460315364465,0.7660008674950554,1.6522080842664384,2.8713900208580077,0.0,1.840168082353646,0.7903284308644718,3.846485573274461,4.272085930636279,0.7582892816435174,0.0,4.989472764415929,0.0,1.9766514629912055,0.8470299958882193,1.3781095299654709,2.708903455291349,1.8195518275003162,0.0,0.0,3.074739662566754,3.982194088369756,1.4536957273552462},fitness=net.sf.jclec.fitness.SimpleValueFitness@5479e3f[value=353.26839490379973]]
Worst individual: net.sf.jclec.realarray.RealArrayIndividual@7d4793a8[genotype={2.632365192426147,0.5773951914989888,1.6312102081927518,1.0691200768978477,0.7018043469190397,4.063885372618191,0.9750542467357672,1.7584460315364465,0.7660008674950554,1.6522080842664384,2.8713900208580077,0.0,1.840168082353646,0.7903284308644718,3.846485573274461,4.272085930636279,0.7582892816435174,0.0,4.989472764415929,0.0,1.9766514629912055,0.8470299958882193,1.3781095299654709,2.708903455291349,1.8195518275003162,0.0,0.0,3.074739662566754,3.982194088369756,1.4536957273552462},fitness=net.sf.jclec.fitness.SimpleValueFitness@5479e3f[value=353.26839490379973]]
Median individual: net.sf.jclec.realarray.RealArrayIndividual@7d4793a8[genotype={2.632365192426147,0.5773951914989888,1.6312102081927518,1.0691200768978477,0.7018043469190397,4.063885372618191,0.9750542467357672,1.7584460315364465,0.7660008674950554,1.6522080842664384,2.8713900208580077,0.0,1.840168082353646,0.7903284308644718,3.846485573274461,4.272085930636279,0.7582892816435174,0.0,4.989472764415929,0.0,1.9766514629912055,0.8470299958882193,1.3781095299654709,2.708903455291349,1.8195518275003162,0.0,0.0,3.074739662566754,3.982194088369756,1.4536957273552462},fitness=net.sf.jclec.fitness.SimpleValueFitness@5479e3f[value=353.26839490379973]]
Average fitness = 353.26839490379973
Fitness variance = 0.0
Generation 40 Report
Best individual: net.sf.jclec.realarray.RealArrayIndividual@27082746[genotype={2.632365192426147,0.5773951914989888,1.6312102081927518,1.0691200768978477,0.7018043469190397,4.063885372618191,0.9750542467357672,1.7584460315364465,0.7660008674950554,1.6522080842664384,2.8713900208580077,0.0,1.840168082353646,0.7903284308644718,3.846485573274461,4.272085930636279,0.7582892816435174,0.0,4.989472764415929,0.0,1.9766514629912055,0.8470299958882193,1.3781095299654709,2.708903455291349,1.8195518275003162,0.0,0.0,3.074739662566754,3.982194088369756,1.4536957273552462},fitness=net.sf.jclec.fitness.SimpleValueFitness@7bfcd12c[value=353.26839490379973]]
Worst individual: net.sf.jclec.realarray.RealArrayIndividual@27082746[genotype={2.632365192426147,0.5773951914989888,1.6312102081927518,1.0691200768978477,0.7018043469190397,4.063885372618191,0.9750542467357672,1.7584460315364465,0.7660008674950554,1.6522080842664384,2.8713900208580077,0.0,1.840168082353646,0.7903284308644718,3.846485573274461,4.272085930636279,0.7582892816435174,0.0,4.989472764415929,0.0,1.9766514629912055,0.8470299958882193,1.3781095299654709,2.708903455291349,1.8195518275003162,0.0,0.0,3.074739662566754,3.982194088369756,1.4536957273552462},fitness=net.sf.jclec.fitness.SimpleValueFitness@7bfcd12c[value=353.26839490379973]]
Median individual: net.sf.jclec.realarray.RealArrayIndividual@27082746[genotype={2.632365192426147,0.5773951914989888,1.6312102081927518,1.0691200768978477,0.7018043469190397,4.063885372618191,0.9750542467357672,1.7584460315364465,0.7660008674950554,1.6522080842664384,2.8713900208580077,0.0,1.840168082353646,0.7903284308644718,3.846485573274461,4.272085930636279,0.7582892816435174,0.0,4.989472764415929,0.0,1.9766514629912055,0.8470299958882193,1.3781095299654709,2.708903455291349,1.8195518275003162,0.0,0.0,3.074739662566754,3.982194088369756,1.4536957273552462},fitness=net.sf.jclec.fitness.SimpleValueFitness@7bfcd12c[value=353.26839490379973]]
Average fitness = 353.26839490379973
Fitness variance = 0.0
Generation 50 Report
Best individual: net.sf.jclec.realarray.RealArrayIndividual@42f30e0a[genotype={2.632365192426147,0.5773951914989888,1.6312102081927518,1.0691200768978477,0.7018043469190397,4.063885372618191,0.9750542467357672,1.7584460315364465,0.7660008674950554,1.6522080842664384,2.8713900208580077,0.0,1.840168082353646,0.7903284308644718,3.846485573274461,4.272085930636279,0.7582892816435174,0.0,4.989472764415929,0.0,1.9766514629912055,0.8470299958882193,1.3781095299654709,2.708903455291349,1.8195518275003162,0.0,0.0,3.074739662566754,3.982194088369756,1.4536957273552462},fitness=net.sf.jclec.fitness.SimpleValueFitness@5b1d2887[value=353.26839490379973]]
Worst individual: net.sf.jclec.realarray.RealArrayIndividual@42f30e0a[genotype={2.632365192426147,0.5773951914989888,1.6312102081927518,1.0691200768978477,0.7018043469190397,4.063885372618191,0.9750542467357672,1.7584460315364465,0.7660008674950554,1.6522080842664384,2.8713900208580077,0.0,1.840168082353646,0.7903284308644718,3.846485573274461,4.272085930636279,0.7582892816435174,0.0,4.989472764415929,0.0,1.9766514629912055,0.8470299958882193,1.3781095299654709,2.708903455291349,1.8195518275003162,0.0,0.0,3.074739662566754,3.982194088369756,1.4536957273552462},fitness=net.sf.jclec.fitness.SimpleValueFitness@5b1d2887[value=353.26839490379973]]
Median individual: net.sf.jclec.realarray.RealArrayIndividual@42f30e0a[genotype={2.632365192426147,0.5773951914989888,1.6312102081927518,1.0691200768978477,0.7018043469190397,4.063885372618191,0.9750542467357672,1.7584460315364465,0.7660008674950554,1.6522080842664384,2.8713900208580077,0.0,1.840168082353646,0.7903284308644718,3.846485573274461,4.272085930636279,0.7582892816435174,0.0,4.989472764415929,0.0,1.9766514629912055,0.8470299958882193,1.3781095299654709,2.708903455291349,1.8195518275003162,0.0,0.0,3.074739662566754,3.982194088369756,1.4536957273552462},fitness=net.sf.jclec.fitness.SimpleValueFitness@5b1d2887[value=353.26839490379973]]
Average fitness = 353.26839490379973
Fitness variance = 0.0
Generation 60 Report
Best individual: net.sf.jclec.realarray.RealArrayIndividual@46f5f779[genotype={2.632365192426147,0.5773951914989888,1.6312102081927518,1.0691200768978477,0.7018043469190397,4.063885372618191,0.9750542467357672,1.7584460315364465,0.7660008674950554,1.6522080842664384,2.8713900208580077,0.0,1.840168082353646,0.7903284308644718,3.846485573274461,4.272085930636279,0.7582892816435174,0.0,4.989472764415929,0.0,1.9766514629912055,0.8470299958882193,1.3781095299654709,2.708903455291349,1.8195518275003162,0.0,0.0,3.074739662566754,3.982194088369756,1.4536957273552462},fitness=net.sf.jclec.fitness.SimpleValueFitness@18e8568[value=353.26839490379973]]
Worst individual: net.sf.jclec.realarray.RealArrayIndividual@46f5f779[genotype={2.632365192426147,0.5773951914989888,1.6312102081927518,1.0691200768978477,0.7018043469190397,4.063885372618191,0.9750542467357672,1.7584460315364465,0.7660008674950554,1.6522080842664384,2.8713900208580077,0.0,1.840168082353646,0.7903284308644718,3.846485573274461,4.272085930636279,0.7582892816435174,0.0,4.989472764415929,0.0,1.9766514629912055,0.8470299958882193,1.3781095299654709,2.708903455291349,1.8195518275003162,0.0,0.0,3.074739662566754,3.982194088369756,1.4536957273552462},fitness=net.sf.jclec.fitness.SimpleValueFitness@18e8568[value=353.26839490379973]]
Median individual: net.sf.jclec.realarray.RealArrayIndividual@46f5f779[genotype={2.632365192426147,0.5773951914989888,1.6312102081927518,1.0691200768978477,0.7018043469190397,4.063885372618191,0.9750542467357672,1.7584460315364465,0.7660008674950554,1.6522080842664384,2.8713900208580077,0.0,1.840168082353646,0.7903284308644718,3.846485573274461,4.272085930636279,0.7582892816435174,0.0,4.989472764415929,0.0,1.9766514629912055,0.8470299958882193,1.3781095299654709,2.708903455291349,1.8195518275003162,0.0,0.0,3.074739662566754,3.982194088369756,1.4536957273552462},fitness=net.sf.jclec.fitness.SimpleValueFitness@18e8568[value=353.26839490379973]]
Average fitness = 353.26839490379973
Fitness variance = 0.0
Generation 70 Report
Best individual: net.sf.jclec.realarray.RealArrayIndividual@33e5ccce[genotype={2.632365192426147,0.5773951914989888,1.6312102081927518,1.0691200768978477,0.7018043469190397,4.063885372618191,0.9750542467357672,1.7584460315364465,0.7660008674950554,1.6522080842664384,2.8713900208580077,0.0,1.840168082353646,0.7903284308644718,3.846485573274461,4.272085930636279,0.7582892816435174,0.0,4.989472764415929,0.0,1.9766514629912055,0.8470299958882193,1.3781095299654709,2.708903455291349,1.8195518275003162,0.0,0.0,3.074739662566754,3.982194088369756,1.4536957273552462},fitness=net.sf.jclec.fitness.SimpleValueFitness@270421f5[value=353.26839490379973]]
Worst individual: net.sf.jclec.realarray.RealArrayIndividual@33e5ccce[genotype={2.632365192426147,0.5773951914989888,1.6312102081927518,1.0691200768978477,0.7018043469190397,4.063885372618191,0.9750542467357672,1.7584460315364465,0.7660008674950554,1.6522080842664384,2.8713900208580077,0.0,1.840168082353646,0.7903284308644718,3.846485573274461,4.272085930636279,0.7582892816435174,0.0,4.989472764415929,0.0,1.9766514629912055,0.8470299958882193,1.3781095299654709,2.708903455291349,1.8195518275003162,0.0,0.0,3.074739662566754,3.982194088369756,1.4536957273552462},fitness=net.sf.jclec.fitness.SimpleValueFitness@270421f5[value=353.26839490379973]]
Median individual: net.sf.jclec.realarray.RealArrayIndividual@33e5ccce[genotype={2.632365192426147,0.5773951914989888,1.6312102081927518,1.0691200768978477,0.7018043469190397,4.063885372618191,0.9750542467357672,1.7584460315364465,0.7660008674950554,1.6522080842664384,2.8713900208580077,0.0,1.840168082353646,0.7903284308644718,3.846485573274461,4.272085930636279,0.7582892816435174,0.0,4.989472764415929,0.0,1.9766514629912055,0.8470299958882193,1.3781095299654709,2.708903455291349,1.8195518275003162,0.0,0.0,3.074739662566754,3.982194088369756,1.4536957273552462},fitness=net.sf.jclec.fitness.SimpleValueFitness@270421f5[value=353.26839490379973]]
Average fitness = 353.26839490379973
Fitness variance = 0.0
Generation 80 Report
Best individual: net.sf.jclec.realarray.RealArrayIndividual@52d455b8[genotype={2.632365192426147,0.5773951914989888,2.3937667879483477,1.0691200768978477,0.7018043469190397,4.063885372618191,0.0,1.5898764663439318,2.381784830680637,3.12492725594122,2.007578413620194,0.0,0.26895149775027827,0.0,3.846485573274461,4.272085930636279,0.7582892816435174,0.0,4.989472764415929,0.0,0.0,0.8470299958882193,1.1228528799854165,2.708903455291349,3.7805259023290274,0.0,0.0,3.074739662566754,3.982194088369756,0.8882482776563243},fitness=net.sf.jclec.fitness.SimpleValueFitness@18ef96[value=335.96532100657424]]
Worst individual: net.sf.jclec.realarray.RealArrayIndividual@52d455b8[genotype={2.632365192426147,0.5773951914989888,2.3937667879483477,1.0691200768978477,0.7018043469190397,4.063885372618191,0.0,1.5898764663439318,2.381784830680637,3.12492725594122,2.007578413620194,0.0,0.26895149775027827,0.0,3.846485573274461,4.272085930636279,0.7582892816435174,0.0,4.989472764415929,0.0,0.0,0.8470299958882193,1.1228528799854165,2.708903455291349,3.7805259023290274,0.0,0.0,3.074739662566754,3.982194088369756,0.8882482776563243},fitness=net.sf.jclec.fitness.SimpleValueFitness@18ef96[value=335.96532100657424]]
Median individual: net.sf.jclec.realarray.RealArrayIndividual@52d455b8[genotype={2.632365192426147,0.5773951914989888,2.3937667879483477,1.0691200768978477,0.7018043469190397,4.063885372618191,0.0,1.5898764663439318,2.381784830680637,3.12492725594122,2.007578413620194,0.0,0.26895149775027827,0.0,3.846485573274461,4.272085930636279,0.7582892816435174,0.0,4.989472764415929,0.0,0.0,0.8470299958882193,1.1228528799854165,2.708903455291349,3.7805259023290274,0.0,0.0,3.074739662566754,3.982194088369756,0.8882482776563243},fitness=net.sf.jclec.fitness.SimpleValueFitness@18ef96[value=335.96532100657424]]
Average fitness = 335.96532100657424
Fitness variance = 0.0
Generation 90 Report
Best individual: net.sf.jclec.realarray.RealArrayIndividual@6956de9[genotype={2.632365192426147,0.5773951914989888,2.3937667879483477,1.0691200768978477,0.7018043469190397,4.063885372618191,0.0,1.5898764663439318,2.381784830680637,3.12492725594122,2.007578413620194,0.0,0.26895149775027827,0.0,3.846485573274461,4.272085930636279,0.7582892816435174,0.0,4.989472764415929,0.0,0.0,0.8470299958882193,1.1228528799854165,2.708903455291349,3.7805259023290274,0.0,0.0,3.074739662566754,3.982194088369756,0.8882482776563243},fitness=net.sf.jclec.fitness.SimpleValueFitness@6aceb1a5[value=335.96532100657424]]
Worst individual: net.sf.jclec.realarray.RealArrayIndividual@6956de9[genotype={2.632365192426147,0.5773951914989888,2.3937667879483477,1.0691200768978477,0.7018043469190397,4.063885372618191,0.0,1.5898764663439318,2.381784830680637,3.12492725594122,2.007578413620194,0.0,0.26895149775027827,0.0,3.846485573274461,4.272085930636279,0.7582892816435174,0.0,4.989472764415929,0.0,0.0,0.8470299958882193,1.1228528799854165,2.708903455291349,3.7805259023290274,0.0,0.0,3.074739662566754,3.982194088369756,0.8882482776563243},fitness=net.sf.jclec.fitness.SimpleValueFitness@6aceb1a5[value=335.96532100657424]]
Median individual: net.sf.jclec.realarray.RealArrayIndividual@6956de9[genotype={2.632365192426147,0.5773951914989888,2.3937667879483477,1.0691200768978477,0.7018043469190397,4.063885372618191,0.0,1.5898764663439318,2.381784830680637,3.12492725594122,2.007578413620194,0.0,0.26895149775027827,0.0,3.846485573274461,4.272085930636279,0.7582892816435174,0.0,4.989472764415929,0.0,0.0,0.8470299958882193,1.1228528799854165,2.708903455291349,3.7805259023290274,0.0,0.0,3.074739662566754,3.982194088369756,0.8882482776563243},fitness=net.sf.jclec.fitness.SimpleValueFitness@6aceb1a5[value=335.96532100657424]]
Average fitness = 335.96532100657424
Fitness variance = 0.0
Generation 100 Report
Best individual: net.sf.jclec.realarray.RealArrayIndividual@2d6d8735[genotype={2.44015789223581,2.168844633919751,2.3937667879483477,0.0,0.0,4.063885372618191,1.0076134521718116,1.9309346856745524,2.381784830680637,1.9146773189071098,2.007578413620194,0.8906855439765784,2.005428987662318,0.0,1.937493356038697,4.272085930636279,0.7582892816435174,1.6771263588369858,5.12,0.0,0.0,2.2997776286835636,1.1228528799854165,0.9521204794221674,3.7805259023290274,1.649861677380433,0.0,3.074739662566754,3.611983714314335,0.8882482776563243},fitness=net.sf.jclec.fitness.SimpleValueFitness@12bc6874[value=320.4262075762866]]
Worst individual: net.sf.jclec.realarray.RealArrayIndividual@2d6d8735[genotype={2.44015789223581,2.168844633919751,2.3937667879483477,0.0,0.0,4.063885372618191,1.0076134521718116,1.9309346856745524,2.381784830680637,1.9146773189071098,2.007578413620194,0.8906855439765784,2.005428987662318,0.0,1.937493356038697,4.272085930636279,0.7582892816435174,1.6771263588369858,5.12,0.0,0.0,2.2997776286835636,1.1228528799854165,0.9521204794221674,3.7805259023290274,1.649861677380433,0.0,3.074739662566754,3.611983714314335,0.8882482776563243},fitness=net.sf.jclec.fitness.SimpleValueFitness@12bc6874[value=320.4262075762866]]
Median individual: net.sf.jclec.realarray.RealArrayIndividual@2d6d8735[genotype={2.44015789223581,2.168844633919751,2.3937667879483477,0.0,0.0,4.063885372618191,1.0076134521718116,1.9309346856745524,2.381784830680637,1.9146773189071098,2.007578413620194,0.8906855439765784,2.005428987662318,0.0,1.937493356038697,4.272085930636279,0.7582892816435174,1.6771263588369858,5.12,0.0,0.0,2.2997776286835636,1.1228528799854165,0.9521204794221674,3.7805259023290274,1.649861677380433,0.0,3.074739662566754,3.611983714314335,0.8882482776563243},fitness=net.sf.jclec.fitness.SimpleValueFitness@12bc6874[value=320.4262075762866]]
Average fitness = 320.4262075762866
Fitness variance = 0.0
Generation 110 Report
Best individual: net.sf.jclec.realarray.RealArrayIndividual@de0a01f[genotype={2.44015789223581,2.168844633919751,2.3937667879483477,0.0,0.0,4.063885372618191,1.0076134521718116,1.9309346856745524,2.381784830680637,1.9146773189071098,2.007578413620194,0.8906855439765784,2.005428987662318,0.0,1.937493356038697,4.272085930636279,0.7582892816435174,1.6771263588369858,5.12,0.0,0.0,2.2997776286835636,1.1228528799854165,0.9521204794221674,3.7805259023290274,1.649861677380433,0.0,3.074739662566754,3.611983714314335,0.8882482776563243},fitness=net.sf.jclec.fitness.SimpleValueFitness@1ef7fe8e[value=320.4262075762866]]
Worst individual: net.sf.jclec.realarray.RealArrayIndividual@de0a01f[genotype={2.44015789223581,2.168844633919751,2.3937667879483477,0.0,0.0,4.063885372618191,1.0076134521718116,1.9309346856745524,2.381784830680637,1.9146773189071098,2.007578413620194,0.8906855439765784,2.005428987662318,0.0,1.937493356038697,4.272085930636279,0.7582892816435174,1.6771263588369858,5.12,0.0,0.0,2.2997776286835636,1.1228528799854165,0.9521204794221674,3.7805259023290274,1.649861677380433,0.0,3.074739662566754,3.611983714314335,0.8882482776563243},fitness=net.sf.jclec.fitness.SimpleValueFitness@1ef7fe8e[value=320.4262075762866]]
Median individual: net.sf.jclec.realarray.RealArrayIndividual@de0a01f[genotype={2.44015789223581,2.168844633919751,2.3937667879483477,0.0,0.0,4.063885372618191,1.0076134521718116,1.9309346856745524,2.381784830680637,1.9146773189071098,2.007578413620194,0.8906855439765784,2.005428987662318,0.0,1.937493356038697,4.272085930636279,0.7582892816435174,1.6771263588369858,5.12,0.0,0.0,2.2997776286835636,1.1228528799854165,0.9521204794221674,3.7805259023290274,1.649861677380433,0.0,3.074739662566754,3.611983714314335,0.8882482776563243},fitness=net.sf.jclec.fitness.SimpleValueFitness@1ef7fe8e[value=320.4262075762866]]
Average fitness = 320.4262075762866
Fitness variance = 0.0
Generation 120 Report
Best individual: net.sf.jclec.realarray.RealArrayIndividual@6f79caec[genotype={2.44015789223581,2.168844633919751,2.3937667879483477,0.0,0.0,4.063885372618191,1.0076134521718116,1.9309346856745524,2.381784830680637,1.9146773189071098,2.007578413620194,0.8906855439765784,2.005428987662318,0.0,1.937493356038697,4.272085930636279,0.7582892816435174,1.6771263588369858,5.12,0.0,0.0,2.2997776286835636,1.1228528799854165,0.9521204794221674,3.7805259023290274,1.649861677380433,0.0,3.074739662566754,3.611983714314335,0.8882482776563243},fitness=net.sf.jclec.fitness.SimpleValueFitness@5d3411d[value=320.4262075762866]]
Worst individual: net.sf.jclec.realarray.RealArrayIndividual@6f79caec[genotype={2.44015789223581,2.168844633919751,2.3937667879483477,0.0,0.0,4.063885372618191,1.0076134521718116,1.9309346856745524,2.381784830680637,1.9146773189071098,2.007578413620194,0.8906855439765784,2.005428987662318,0.0,1.937493356038697,4.272085930636279,0.7582892816435174,1.6771263588369858,5.12,0.0,0.0,2.2997776286835636,1.1228528799854165,0.9521204794221674,3.7805259023290274,1.649861677380433,0.0,3.074739662566754,3.611983714314335,0.8882482776563243},fitness=net.sf.jclec.fitness.SimpleValueFitness@5d3411d[value=320.4262075762866]]
Median individual: net.sf.jclec.realarray.RealArrayIndividual@6f79caec[genotype={2.44015789223581,2.168844633919751,2.3937667879483477,0.0,0.0,4.063885372618191,1.0076134521718116,1.9309346856745524,2.381784830680637,1.9146773189071098,2.007578413620194,0.8906855439765784,2.005428987662318,0.0,1.937493356038697,4.272085930636279,0.7582892816435174,1.6771263588369858,5.12,0.0,0.0,2.2997776286835636,1.1228528799854165,0.9521204794221674,3.7805259023290274,1.649861677380433,0.0,3.074739662566754,3.611983714314335,0.8882482776563243},fitness=net.sf.jclec.fitness.SimpleValueFitness@5d3411d[value=320.4262075762866]]
Average fitness = 320.4262075762866
Fitness variance = 0.0
Generation 130 Report
Best individual: net.sf.jclec.realarray.RealArrayIndividual@2471cca7[genotype={2.44015789223581,2.168844633919751,2.3937667879483477,0.0,0.0,4.063885372618191,1.0076134521718116,1.9309346856745524,2.381784830680637,1.9146773189071098,2.007578413620194,0.8906855439765784,2.005428987662318,0.0,1.937493356038697,4.272085930636279,0.7582892816435174,1.6771263588369858,5.12,0.0,0.0,2.2997776286835636,1.1228528799854165,0.9521204794221674,3.7805259023290274,1.649861677380433,0.0,3.074739662566754,3.611983714314335,0.8882482776563243},fitness=net.sf.jclec.fitness.SimpleValueFitness@6979e8cb[value=320.4262075762866]]
Worst individual: net.sf.jclec.realarray.RealArrayIndividual@2471cca7[genotype={2.44015789223581,2.168844633919751,2.3937667879483477,0.0,0.0,4.063885372618191,1.0076134521718116,1.9309346856745524,2.381784830680637,1.9146773189071098,2.007578413620194,0.8906855439765784,2.005428987662318,0.0,1.937493356038697,4.272085930636279,0.7582892816435174,1.6771263588369858,5.12,0.0,0.0,2.2997776286835636,1.1228528799854165,0.9521204794221674,3.7805259023290274,1.649861677380433,0.0,3.074739662566754,3.611983714314335,0.8882482776563243},fitness=net.sf.jclec.fitness.SimpleValueFitness@6979e8cb[value=320.4262075762866]]
Median individual: net.sf.jclec.realarray.RealArrayIndividual@2471cca7[genotype={2.44015789223581,2.168844633919751,2.3937667879483477,0.0,0.0,4.063885372618191,1.0076134521718116,1.9309346856745524,2.381784830680637,1.9146773189071098,2.007578413620194,0.8906855439765784,2.005428987662318,0.0,1.937493356038697,4.272085930636279,0.7582892816435174,1.6771263588369858,5.12,0.0,0.0,2.2997776286835636,1.1228528799854165,0.9521204794221674,3.7805259023290274,1.649861677380433,0.0,3.074739662566754,3.611983714314335,0.8882482776563243},fitness=net.sf.jclec.fitness.SimpleValueFitness@6979e8cb[value=320.4262075762866]]
Average fitness = 320.4262075762866
Fitness variance = 0.0
Generation 140 Report
Best individual: net.sf.jclec.realarray.RealArrayIndividual@763d9750[genotype={2.44015789223581,2.168844633919751,2.3937667879483477,0.0,0.0,4.063885372618191,1.0076134521718116,1.9309346856745524,2.381784830680637,1.9146773189071098,2.007578413620194,0.8906855439765784,2.005428987662318,0.0,1.937493356038697,4.272085930636279,0.7582892816435174,1.6771263588369858,5.12,0.0,0.0,2.2997776286835636,1.1228528799854165,0.9521204794221674,3.7805259023290274,1.649861677380433,0.0,3.074739662566754,3.611983714314335,0.8882482776563243},fitness=net.sf.jclec.fitness.SimpleValueFitness@2be94b0f[value=320.4262075762866]]
Worst individual: net.sf.jclec.realarray.RealArrayIndividual@763d9750[genotype={2.44015789223581,2.168844633919751,2.3937667879483477,0.0,0.0,4.063885372618191,1.0076134521718116,1.9309346856745524,2.381784830680637,1.9146773189071098,2.007578413620194,0.8906855439765784,2.005428987662318,0.0,1.937493356038697,4.272085930636279,0.7582892816435174,1.6771263588369858,5.12,0.0,0.0,2.2997776286835636,1.1228528799854165,0.9521204794221674,3.7805259023290274,1.649861677380433,0.0,3.074739662566754,3.611983714314335,0.8882482776563243},fitness=net.sf.jclec.fitness.SimpleValueFitness@2be94b0f[value=320.4262075762866]]
Median individual: net.sf.jclec.realarray.RealArrayIndividual@763d9750[genotype={2.44015789223581,2.168844633919751,2.3937667879483477,0.0,0.0,4.063885372618191,1.0076134521718116,1.9309346856745524,2.381784830680637,1.9146773189071098,2.007578413620194,0.8906855439765784,2.005428987662318,0.0,1.937493356038697,4.272085930636279,0.7582892816435174,1.6771263588369858,5.12,0.0,0.0,2.2997776286835636,1.1228528799854165,0.9521204794221674,3.7805259023290274,1.649861677380433,0.0,3.074739662566754,3.611983714314335,0.8882482776563243},fitness=net.sf.jclec.fitness.SimpleValueFitness@2be94b0f[value=320.4262075762866]]
Average fitness = 320.4262075762866
Fitness variance = 0.0
Generation 150 Report
Best individual: net.sf.jclec.realarray.RealArrayIndividual@d70c109[genotype={0.943614992119028,3.2088979633235377,2.3937667879483477,0.0,0.0,2.7396170890873153,0.0,1.9309346856745524,3.901402171214061,0.11844746650975213,2.007578413620194,0.21737282669837676,1.554927282466726,0.0,1.937493356038697,4.272085930636279,0.21552643462977117,1.6771263588369858,5.12,0.0,0.0,0.9689753757808977,1.1228528799854165,0.9521204794221674,3.451766244095878,1.3357234002623724,0.0,1.4183864161994872,2.7182625737441,0.8882482776563243},fitness=net.sf.jclec.fitness.SimpleValueFitness@50675690[value=305.6758733172871]]
Worst individual: net.sf.jclec.realarray.RealArrayIndividual@d70c109[genotype={0.943614992119028,3.2088979633235377,2.3937667879483477,0.0,0.0,2.7396170890873153,0.0,1.9309346856745524,3.901402171214061,0.11844746650975213,2.007578413620194,0.21737282669837676,1.554927282466726,0.0,1.937493356038697,4.272085930636279,0.21552643462977117,1.6771263588369858,5.12,0.0,0.0,0.9689753757808977,1.1228528799854165,0.9521204794221674,3.451766244095878,1.3357234002623724,0.0,1.4183864161994872,2.7182625737441,0.8882482776563243},fitness=net.sf.jclec.fitness.SimpleValueFitness@50675690[value=305.6758733172871]]
Median individual: net.sf.jclec.realarray.RealArrayIndividual@d70c109[genotype={0.943614992119028,3.2088979633235377,2.3937667879483477,0.0,0.0,2.7396170890873153,0.0,1.9309346856745524,3.901402171214061,0.11844746650975213,2.007578413620194,0.21737282669837676,1.554927282466726,0.0,1.937493356038697,4.272085930636279,0.21552643462977117,1.6771263588369858,5.12,0.0,0.0,0.9689753757808977,1.1228528799854165,0.9521204794221674,3.451766244095878,1.3357234002623724,0.0,1.4183864161994872,2.7182625737441,0.8882482776563243},fitness=net.sf.jclec.fitness.SimpleValueFitness@50675690[value=305.6758733172871]]
Average fitness = 305.6758733172871
Fitness variance = 0.0
Generation 160 Report
Best individual: net.sf.jclec.realarray.RealArrayIndividual@31b7dea0[genotype={0.943614992119028,3.2088979633235377,2.3937667879483477,0.0,0.0,2.7396170890873153,0.0,1.9309346856745524,3.901402171214061,0.11844746650975213,2.007578413620194,0.21737282669837676,1.554927282466726,0.0,1.937493356038697,4.272085930636279,0.21552643462977117,1.6771263588369858,5.12,0.0,0.0,0.9689753757808977,1.1228528799854165,0.9521204794221674,3.451766244095878,1.3357234002623724,0.0,1.4183864161994872,2.7182625737441,0.8882482776563243},fitness=net.sf.jclec.fitness.SimpleValueFitness@47d384ee[value=305.6758733172871]]
Worst individual: net.sf.jclec.realarray.RealArrayIndividual@31b7dea0[genotype={0.943614992119028,3.2088979633235377,2.3937667879483477,0.0,0.0,2.7396170890873153,0.0,1.9309346856745524,3.901402171214061,0.11844746650975213,2.007578413620194,0.21737282669837676,1.554927282466726,0.0,1.937493356038697,4.272085930636279,0.21552643462977117,1.6771263588369858,5.12,0.0,0.0,0.9689753757808977,1.1228528799854165,0.9521204794221674,3.451766244095878,1.3357234002623724,0.0,1.4183864161994872,2.7182625737441,0.8882482776563243},fitness=net.sf.jclec.fitness.SimpleValueFitness@47d384ee[value=305.6758733172871]]
Median individual: net.sf.jclec.realarray.RealArrayIndividual@31b7dea0[genotype={0.943614992119028,3.2088979633235377,2.3937667879483477,0.0,0.0,2.7396170890873153,0.0,1.9309346856745524,3.901402171214061,0.11844746650975213,2.007578413620194,0.21737282669837676,1.554927282466726,0.0,1.937493356038697,4.272085930636279,0.21552643462977117,1.6771263588369858,5.12,0.0,0.0,0.9689753757808977,1.1228528799854165,0.9521204794221674,3.451766244095878,1.3357234002623724,0.0,1.4183864161994872,2.7182625737441,0.8882482776563243},fitness=net.sf.jclec.fitness.SimpleValueFitness@47d384ee[value=305.6758733172871]]
Average fitness = 305.6758733172871
Fitness variance = 0.0
Generation 170 Report
Best individual: net.sf.jclec.realarray.RealArrayIndividual@2d6a9952[genotype={1.751695801479681,3.2088979633235377,3.556057197666736,0.7906722702764153,0.12409342095673326,3.007301247366746,0.0,0.10978443050323206,3.901402171214061,0.0,2.007578413620194,0.21737282669837676,1.8503566194717276,0.0,1.937493356038697,5.12,0.9052643568799137,0.8594647908758799,5.12,0.3449025122698033,0.0,1.243072800297868,0.0,0.9521204794221674,3.899225131222373,2.804769219535911,0.0,0.5503460176244357,2.7182625737441,0.8882482776563243},fitness=net.sf.jclec.fitness.SimpleValueFitness@3930015a[value=293.21275915876726]]
Worst individual: net.sf.jclec.realarray.RealArrayIndividual@2d6a9952[genotype={1.751695801479681,3.2088979633235377,3.556057197666736,0.7906722702764153,0.12409342095673326,3.007301247366746,0.0,0.10978443050323206,3.901402171214061,0.0,2.007578413620194,0.21737282669837676,1.8503566194717276,0.0,1.937493356038697,5.12,0.9052643568799137,0.8594647908758799,5.12,0.3449025122698033,0.0,1.243072800297868,0.0,0.9521204794221674,3.899225131222373,2.804769219535911,0.0,0.5503460176244357,2.7182625737441,0.8882482776563243},fitness=net.sf.jclec.fitness.SimpleValueFitness@3930015a[value=293.21275915876726]]
Median individual: net.sf.jclec.realarray.RealArrayIndividual@2d6a9952[genotype={1.751695801479681,3.2088979633235377,3.556057197666736,0.7906722702764153,0.12409342095673326,3.007301247366746,0.0,0.10978443050323206,3.901402171214061,0.0,2.007578413620194,0.21737282669837676,1.8503566194717276,0.0,1.937493356038697,5.12,0.9052643568799137,0.8594647908758799,5.12,0.3449025122698033,0.0,1.243072800297868,0.0,0.9521204794221674,3.899225131222373,2.804769219535911,0.0,0.5503460176244357,2.7182625737441,0.8882482776563243},fitness=net.sf.jclec.fitness.SimpleValueFitness@3930015a[value=293.21275915876726]]
Average fitness = 293.21275915876726
Fitness variance = 0.0
Generation 180 Report
Best individual: net.sf.jclec.realarray.RealArrayIndividual@629f0666[genotype={1.751695801479681,4.530257915494047,4.215153233607365,0.7906722702764153,0.12409342095673326,3.007301247366746,0.06878000362372072,0.10978443050323206,3.901402171214061,0.0,2.5625614788742994,0.032831378801739364,1.0350034593719502,0.0,0.9112412711595455,4.204723561765542,0.0,0.14537047022266725,5.12,0.3449025122698033,0.0,1.9651135351702986,0.0,0.9521204794221674,2.372597225419458,2.804769219535911,0.0,0.0,2.7182625737441,1.0251287001690563},fitness=net.sf.jclec.fitness.SimpleValueFitness@1ff8b8f[value=285.4633275655617]]
Worst individual: net.sf.jclec.realarray.RealArrayIndividual@629f0666[genotype={1.751695801479681,4.530257915494047,4.215153233607365,0.7906722702764153,0.12409342095673326,3.007301247366746,0.06878000362372072,0.10978443050323206,3.901402171214061,0.0,2.5625614788742994,0.032831378801739364,1.0350034593719502,0.0,0.9112412711595455,4.204723561765542,0.0,0.14537047022266725,5.12,0.3449025122698033,0.0,1.9651135351702986,0.0,0.9521204794221674,2.372597225419458,2.804769219535911,0.0,0.0,2.7182625737441,1.0251287001690563},fitness=net.sf.jclec.fitness.SimpleValueFitness@1ff8b8f[value=285.4633275655617]]
Median individual: net.sf.jclec.realarray.RealArrayIndividual@629f0666[genotype={1.751695801479681,4.530257915494047,4.215153233607365,0.7906722702764153,0.12409342095673326,3.007301247366746,0.06878000362372072,0.10978443050323206,3.901402171214061,0.0,2.5625614788742994,0.032831378801739364,1.0350034593719502,0.0,0.9112412711595455,4.204723561765542,0.0,0.14537047022266725,5.12,0.3449025122698033,0.0,1.9651135351702986,0.0,0.9521204794221674,2.372597225419458,2.804769219535911,0.0,0.0,2.7182625737441,1.0251287001690563},fitness=net.sf.jclec.fitness.SimpleValueFitness@1ff8b8f[value=285.4633275655617]]
Average fitness = 285.4633275655617
Fitness variance = 0.0
Generation 190 Report
Best individual: net.sf.jclec.realarray.RealArrayIndividual@387c703b[genotype={1.751695801479681,4.530257915494047,4.215153233607365,0.7906722702764153,0.12409342095673326,3.007301247366746,0.06878000362372072,0.10978443050323206,3.901402171214061,0.0,2.5625614788742994,0.032831378801739364,1.0350034593719502,0.0,0.9112412711595455,4.204723561765542,0.0,0.14537047022266725,5.12,0.3449025122698033,0.0,1.9651135351702986,0.0,0.9521204794221674,2.372597225419458,2.804769219535911,0.0,0.0,2.7182625737441,1.0251287001690563},fitness=net.sf.jclec.fitness.SimpleValueFitness@c39f790[value=285.4633275655617]]
Worst individual: net.sf.jclec.realarray.RealArrayIndividual@387c703b[genotype={1.751695801479681,4.530257915494047,4.215153233607365,0.7906722702764153,0.12409342095673326,3.007301247366746,0.06878000362372072,0.10978443050323206,3.901402171214061,0.0,2.5625614788742994,0.032831378801739364,1.0350034593719502,0.0,0.9112412711595455,4.204723561765542,0.0,0.14537047022266725,5.12,0.3449025122698033,0.0,1.9651135351702986,0.0,0.9521204794221674,2.372597225419458,2.804769219535911,0.0,0.0,2.7182625737441,1.0251287001690563},fitness=net.sf.jclec.fitness.SimpleValueFitness@c39f790[value=285.4633275655617]]
Median individual: net.sf.jclec.realarray.RealArrayIndividual@387c703b[genotype={1.751695801479681,4.530257915494047,4.215153233607365,0.7906722702764153,0.12409342095673326,3.007301247366746,0.06878000362372072,0.10978443050323206,3.901402171214061,0.0,2.5625614788742994,0.032831378801739364,1.0350034593719502,0.0,0.9112412711595455,4.204723561765542,0.0,0.14537047022266725,5.12,0.3449025122698033,0.0,1.9651135351702986,0.0,0.9521204794221674,2.372597225419458,2.804769219535911,0.0,0.0,2.7182625737441,1.0251287001690563},fitness=net.sf.jclec.fitness.SimpleValueFitness@c39f790[value=285.4633275655617]]
Average fitness = 285.4633275655617
Fitness variance = 0.0
Generation 200 Report
Best individual: net.sf.jclec.realarray.RealArrayIndividual@71e7a66b[genotype={1.751695801479681,4.530257915494047,4.215153233607365,0.7906722702764153,0.12409342095673326,3.007301247366746,0.06878000362372072,0.10978443050323206,3.901402171214061,0.0,2.5625614788742994,0.032831378801739364,1.0350034593719502,0.0,0.9112412711595455,4.204723561765542,0.0,0.14537047022266725,5.12,0.3449025122698033,0.0,1.9651135351702986,0.0,0.9521204794221674,2.372597225419458,2.804769219535911,0.0,0.0,2.7182625737441,1.0251287001690563},fitness=net.sf.jclec.fitness.SimpleValueFitness@5f150435[value=285.4633275655617]]
Worst individual: net.sf.jclec.realarray.RealArrayIndividual@71e7a66b[genotype={1.751695801479681,4.530257915494047,4.215153233607365,0.7906722702764153,0.12409342095673326,3.007301247366746,0.06878000362372072,0.10978443050323206,3.901402171214061,0.0,2.5625614788742994,0.032831378801739364,1.0350034593719502,0.0,0.9112412711595455,4.204723561765542,0.0,0.14537047022266725,5.12,0.3449025122698033,0.0,1.9651135351702986,0.0,0.9521204794221674,2.372597225419458,2.804769219535911,0.0,0.0,2.7182625737441,1.0251287001690563},fitness=net.sf.jclec.fitness.SimpleValueFitness@5f150435[value=285.4633275655617]]
Median individual: net.sf.jclec.realarray.RealArrayIndividual@71e7a66b[genotype={1.751695801479681,4.530257915494047,4.215153233607365,0.7906722702764153,0.12409342095673326,3.007301247366746,0.06878000362372072,0.10978443050323206,3.901402171214061,0.0,2.5625614788742994,0.032831378801739364,1.0350034593719502,0.0,0.9112412711595455,4.204723561765542,0.0,0.14537047022266725,5.12,0.3449025122698033,0.0,1.9651135351702986,0.0,0.9521204794221674,2.372597225419458,2.804769219535911,0.0,0.0,2.7182625737441,1.0251287001690563},fitness=net.sf.jclec.fitness.SimpleValueFitness@5f150435[value=285.4633275655617]]
Average fitness = 285.4633275655617
Fitness variance = 0.0
Generation 210 Report
Best individual: net.sf.jclec.realarray.RealArrayIndividual@1c53fd30[genotype={3.1317648551391923,4.08269750774584,2.3728711494327523,0.7906722702764153,0.0,2.8987379335058034,0.3461358781862791,0.10978443050323206,5.12,0.0,2.5625614788742994,0.0,1.0350034593719502,0.0,0.9112412711595455,5.016526191418187,0.0,0.14537047022266725,5.12,0.0,0.589459797166346,2.2142933043149755,1.784839295566519,0.9521204794221674,2.372597225419458,2.9838314610130765,0.0,0.0,1.0068254289106549,1.0251287001690563},fitness=net.sf.jclec.fitness.SimpleValueFitness@75412c2f[value=284.23658382036876]]
Worst individual: net.sf.jclec.realarray.RealArrayIndividual@1c53fd30[genotype={3.1317648551391923,4.08269750774584,2.3728711494327523,0.7906722702764153,0.0,2.8987379335058034,0.3461358781862791,0.10978443050323206,5.12,0.0,2.5625614788742994,0.0,1.0350034593719502,0.0,0.9112412711595455,5.016526191418187,0.0,0.14537047022266725,5.12,0.0,0.589459797166346,2.2142933043149755,1.784839295566519,0.9521204794221674,2.372597225419458,2.9838314610130765,0.0,0.0,1.0068254289106549,1.0251287001690563},fitness=net.sf.jclec.fitness.SimpleValueFitness@75412c2f[value=284.23658382036876]]
Median individual: net.sf.jclec.realarray.RealArrayIndividual@1c53fd30[genotype={3.1317648551391923,4.08269750774584,2.3728711494327523,0.7906722702764153,0.0,2.8987379335058034,0.3461358781862791,0.10978443050323206,5.12,0.0,2.5625614788742994,0.0,1.0350034593719502,0.0,0.9112412711595455,5.016526191418187,0.0,0.14537047022266725,5.12,0.0,0.589459797166346,2.2142933043149755,1.784839295566519,0.9521204794221674,2.372597225419458,2.9838314610130765,0.0,0.0,1.0068254289106549,1.0251287001690563},fitness=net.sf.jclec.fitness.SimpleValueFitness@75412c2f[value=284.23658382036876]]
Average fitness = 284.23658382036876
Fitness variance = 0.0
Generation 220 Report
Best individual: net.sf.jclec.realarray.RealArrayIndividual@282ba1e[genotype={3.1317648551391923,4.08269750774584,2.3728711494327523,0.7906722702764153,0.0,2.8987379335058034,0.3461358781862791,0.10978443050323206,5.12,0.0,2.5625614788742994,0.0,1.0350034593719502,0.0,0.9112412711595455,5.016526191418187,0.0,0.14537047022266725,5.12,0.0,0.589459797166346,2.2142933043149755,1.784839295566519,0.9521204794221674,2.372597225419458,2.9838314610130765,0.0,0.0,1.0068254289106549,1.0251287001690563},fitness=net.sf.jclec.fitness.SimpleValueFitness@f5f2bb7[value=284.23658382036876]]
Worst individual: net.sf.jclec.realarray.RealArrayIndividual@282ba1e[genotype={3.1317648551391923,4.08269750774584,2.3728711494327523,0.7906722702764153,0.0,2.8987379335058034,0.3461358781862791,0.10978443050323206,5.12,0.0,2.5625614788742994,0.0,1.0350034593719502,0.0,0.9112412711595455,5.016526191418187,0.0,0.14537047022266725,5.12,0.0,0.589459797166346,2.2142933043149755,1.784839295566519,0.9521204794221674,2.372597225419458,2.9838314610130765,0.0,0.0,1.0068254289106549,1.0251287001690563},fitness=net.sf.jclec.fitness.SimpleValueFitness@f5f2bb7[value=284.23658382036876]]
Median individual: net.sf.jclec.realarray.RealArrayIndividual@282ba1e[genotype={3.1317648551391923,4.08269750774584,2.3728711494327523,0.7906722702764153,0.0,2.8987379335058034,0.3461358781862791,0.10978443050323206,5.12,0.0,2.5625614788742994,0.0,1.0350034593719502,0.0,0.9112412711595455,5.016526191418187,0.0,0.14537047022266725,5.12,0.0,0.589459797166346,2.2142933043149755,1.784839295566519,0.9521204794221674,2.372597225419458,2.9838314610130765,0.0,0.0,1.0068254289106549,1.0251287001690563},fitness=net.sf.jclec.fitness.SimpleValueFitness@f5f2bb7[value=284.23658382036876]]
Average fitness = 284.23658382036876
Fitness variance = 0.0
Generation 230 Report
Best individual: net.sf.jclec.realarray.RealArrayIndividual@73035e27[genotype={3.1317648551391923,4.08269750774584,2.3728711494327523,0.7906722702764153,0.0,2.8987379335058034,0.3461358781862791,0.10978443050323206,5.12,0.0,2.5625614788742994,0.0,1.0350034593719502,0.0,0.9112412711595455,5.016526191418187,0.0,0.14537047022266725,5.12,0.0,0.589459797166346,2.2142933043149755,1.784839295566519,0.9521204794221674,2.372597225419458,2.9838314610130765,0.0,0.0,1.0068254289106549,1.0251287001690563},fitness=net.sf.jclec.fitness.SimpleValueFitness@3ecf72fd[value=284.23658382036876]]
Worst individual: net.sf.jclec.realarray.RealArrayIndividual@73035e27[genotype={3.1317648551391923,4.08269750774584,2.3728711494327523,0.7906722702764153,0.0,2.8987379335058034,0.3461358781862791,0.10978443050323206,5.12,0.0,2.5625614788742994,0.0,1.0350034593719502,0.0,0.9112412711595455,5.016526191418187,0.0,0.14537047022266725,5.12,0.0,0.589459797166346,2.2142933043149755,1.784839295566519,0.9521204794221674,2.372597225419458,2.9838314610130765,0.0,0.0,1.0068254289106549,1.0251287001690563},fitness=net.sf.jclec.fitness.SimpleValueFitness@3ecf72fd[value=284.23658382036876]]
Median individual: net.sf.jclec.realarray.RealArrayIndividual@73035e27[genotype={3.1317648551391923,4.08269750774584,2.3728711494327523,0.7906722702764153,0.0,2.8987379335058034,0.3461358781862791,0.10978443050323206,5.12,0.0,2.5625614788742994,0.0,1.0350034593719502,0.0,0.9112412711595455,5.016526191418187,0.0,0.14537047022266725,5.12,0.0,0.589459797166346,2.2142933043149755,1.784839295566519,0.9521204794221674,2.372597225419458,2.9838314610130765,0.0,0.0,1.0068254289106549,1.0251287001690563},fitness=net.sf.jclec.fitness.SimpleValueFitness@3ecf72fd[value=284.23658382036876]]
Average fitness = 284.23658382036876
Fitness variance = 0.0
Generation 240 Report
Best individual: net.sf.jclec.realarray.RealArrayIndividual@483bf400[genotype={3.1317648551391923,4.08269750774584,2.3728711494327523,0.7906722702764153,0.0,2.8987379335058034,0.3461358781862791,0.10978443050323206,5.12,0.0,2.5625614788742994,0.0,1.0350034593719502,0.0,0.9112412711595455,5.016526191418187,0.0,0.14537047022266725,5.12,0.0,0.589459797166346,2.2142933043149755,1.784839295566519,0.9521204794221674,2.372597225419458,2.9838314610130765,0.0,0.0,1.0068254289106549,1.0251287001690563},fitness=net.sf.jclec.fitness.SimpleValueFitness@77f03bb1[value=284.23658382036876]]
Worst individual: net.sf.jclec.realarray.RealArrayIndividual@483bf400[genotype={3.1317648551391923,4.08269750774584,2.3728711494327523,0.7906722702764153,0.0,2.8987379335058034,0.3461358781862791,0.10978443050323206,5.12,0.0,2.5625614788742994,0.0,1.0350034593719502,0.0,0.9112412711595455,5.016526191418187,0.0,0.14537047022266725,5.12,0.0,0.589459797166346,2.2142933043149755,1.784839295566519,0.9521204794221674,2.372597225419458,2.9838314610130765,0.0,0.0,1.0068254289106549,1.0251287001690563},fitness=net.sf.jclec.fitness.SimpleValueFitness@77f03bb1[value=284.23658382036876]]
Median individual: net.sf.jclec.realarray.RealArrayIndividual@483bf400[genotype={3.1317648551391923,4.08269750774584,2.3728711494327523,0.7906722702764153,0.0,2.8987379335058034,0.3461358781862791,0.10978443050323206,5.12,0.0,2.5625614788742994,0.0,1.0350034593719502,0.0,0.9112412711595455,5.016526191418187,0.0,0.14537047022266725,5.12,0.0,0.589459797166346,2.2142933043149755,1.784839295566519,0.9521204794221674,2.372597225419458,2.9838314610130765,0.0,0.0,1.0068254289106549,1.0251287001690563},fitness=net.sf.jclec.fitness.SimpleValueFitness@77f03bb1[value=284.23658382036876]]
Average fitness = 284.23658382036876
Fitness variance = 0.0
Generation 250 Report
Best individual: net.sf.jclec.realarray.RealArrayIndividual@326de728[genotype={3.1317648551391923,4.08269750774584,2.3728711494327523,0.7906722702764153,0.0,2.8987379335058034,0.3461358781862791,0.10978443050323206,5.12,0.0,2.5625614788742994,0.0,1.0350034593719502,0.0,0.9112412711595455,5.016526191418187,0.0,0.14537047022266725,5.12,0.0,0.589459797166346,2.2142933043149755,1.784839295566519,0.9521204794221674,2.372597225419458,2.9838314610130765,0.0,0.0,1.0068254289106549,1.0251287001690563},fitness=net.sf.jclec.fitness.SimpleValueFitness@7a92922[value=284.23658382036876]]
Worst individual: net.sf.jclec.realarray.RealArrayIndividual@326de728[genotype={3.1317648551391923,4.08269750774584,2.3728711494327523,0.7906722702764153,0.0,2.8987379335058034,0.3461358781862791,0.10978443050323206,5.12,0.0,2.5625614788742994,0.0,1.0350034593719502,0.0,0.9112412711595455,5.016526191418187,0.0,0.14537047022266725,5.12,0.0,0.589459797166346,2.2142933043149755,1.784839295566519,0.9521204794221674,2.372597225419458,2.9838314610130765,0.0,0.0,1.0068254289106549,1.0251287001690563},fitness=net.sf.jclec.fitness.SimpleValueFitness@7a92922[value=284.23658382036876]]
Median individual: net.sf.jclec.realarray.RealArrayIndividual@326de728[genotype={3.1317648551391923,4.08269750774584,2.3728711494327523,0.7906722702764153,0.0,2.8987379335058034,0.3461358781862791,0.10978443050323206,5.12,0.0,2.5625614788742994,0.0,1.0350034593719502,0.0,0.9112412711595455,5.016526191418187,0.0,0.14537047022266725,5.12,0.0,0.589459797166346,2.2142933043149755,1.784839295566519,0.9521204794221674,2.372597225419458,2.9838314610130765,0.0,0.0,1.0068254289106549,1.0251287001690563},fitness=net.sf.jclec.fitness.SimpleValueFitness@7a92922[value=284.23658382036876]]
Average fitness = 284.23658382036876
Fitness variance = 0.0
Generation 260 Report
Best individual: net.sf.jclec.realarray.RealArrayIndividual@71f2a7d5[genotype={3.1317648551391923,4.08269750774584,2.3728711494327523,0.7906722702764153,0.0,2.8987379335058034,0.3461358781862791,0.10978443050323206,5.12,0.0,2.5625614788742994,0.0,1.0350034593719502,0.0,0.9112412711595455,5.016526191418187,0.0,0.14537047022266725,5.12,0.0,0.589459797166346,2.2142933043149755,1.784839295566519,0.9521204794221674,2.372597225419458,2.9838314610130765,0.0,0.0,1.0068254289106549,1.0251287001690563},fitness=net.sf.jclec.fitness.SimpleValueFitness@5474c6c[value=284.23658382036876]]
Worst individual: net.sf.jclec.realarray.RealArrayIndividual@71f2a7d5[genotype={3.1317648551391923,4.08269750774584,2.3728711494327523,0.7906722702764153,0.0,2.8987379335058034,0.3461358781862791,0.10978443050323206,5.12,0.0,2.5625614788742994,0.0,1.0350034593719502,0.0,0.9112412711595455,5.016526191418187,0.0,0.14537047022266725,5.12,0.0,0.589459797166346,2.2142933043149755,1.784839295566519,0.9521204794221674,2.372597225419458,2.9838314610130765,0.0,0.0,1.0068254289106549,1.0251287001690563},fitness=net.sf.jclec.fitness.SimpleValueFitness@5474c6c[value=284.23658382036876]]
Median individual: net.sf.jclec.realarray.RealArrayIndividual@71f2a7d5[genotype={3.1317648551391923,4.08269750774584,2.3728711494327523,0.7906722702764153,0.0,2.8987379335058034,0.3461358781862791,0.10978443050323206,5.12,0.0,2.5625614788742994,0.0,1.0350034593719502,0.0,0.9112412711595455,5.016526191418187,0.0,0.14537047022266725,5.12,0.0,0.589459797166346,2.2142933043149755,1.784839295566519,0.9521204794221674,2.372597225419458,2.9838314610130765,0.0,0.0,1.0068254289106549,1.0251287001690563},fitness=net.sf.jclec.fitness.SimpleValueFitness@5474c6c[value=284.23658382036876]]
Average fitness = 284.23658382036876
Fitness variance = 0.0
Generation 270 Report
Best individual: net.sf.jclec.realarray.RealArrayIndividual@4b6995df[genotype={3.1317648551391923,4.08269750774584,2.3728711494327523,0.7906722702764153,0.0,2.8987379335058034,0.3461358781862791,0.10978443050323206,5.12,0.0,2.5625614788742994,0.0,1.0350034593719502,0.0,0.9112412711595455,5.016526191418187,0.0,0.14537047022266725,5.12,0.0,0.589459797166346,2.2142933043149755,1.784839295566519,0.9521204794221674,2.372597225419458,2.9838314610130765,0.0,0.0,1.0068254289106549,1.0251287001690563},fitness=net.sf.jclec.fitness.SimpleValueFitness@591f989e[value=284.23658382036876]]
Worst individual: net.sf.jclec.realarray.RealArrayIndividual@4b6995df[genotype={3.1317648551391923,4.08269750774584,2.3728711494327523,0.7906722702764153,0.0,2.8987379335058034,0.3461358781862791,0.10978443050323206,5.12,0.0,2.5625614788742994,0.0,1.0350034593719502,0.0,0.9112412711595455,5.016526191418187,0.0,0.14537047022266725,5.12,0.0,0.589459797166346,2.2142933043149755,1.784839295566519,0.9521204794221674,2.372597225419458,2.9838314610130765,0.0,0.0,1.0068254289106549,1.0251287001690563},fitness=net.sf.jclec.fitness.SimpleValueFitness@591f989e[value=284.23658382036876]]
Median individual: net.sf.jclec.realarray.RealArrayIndividual@4b6995df[genotype={3.1317648551391923,4.08269750774584,2.3728711494327523,0.7906722702764153,0.0,2.8987379335058034,0.3461358781862791,0.10978443050323206,5.12,0.0,2.5625614788742994,0.0,1.0350034593719502,0.0,0.9112412711595455,5.016526191418187,0.0,0.14537047022266725,5.12,0.0,0.589459797166346,2.2142933043149755,1.784839295566519,0.9521204794221674,2.372597225419458,2.9838314610130765,0.0,0.0,1.0068254289106549,1.0251287001690563},fitness=net.sf.jclec.fitness.SimpleValueFitness@591f989e[value=284.23658382036876]]
Average fitness = 284.23658382036876
Fitness variance = 0.0
Generation 280 Report
Best individual: net.sf.jclec.realarray.RealArrayIndividual@66048bfd[genotype={3.1317648551391923,4.08269750774584,2.3728711494327523,0.7906722702764153,0.0,2.8987379335058034,0.3461358781862791,0.10978443050323206,5.12,0.0,2.5625614788742994,0.0,1.0350034593719502,0.0,0.9112412711595455,5.016526191418187,0.0,0.14537047022266725,5.12,0.0,0.589459797166346,2.2142933043149755,1.784839295566519,0.9521204794221674,2.372597225419458,2.9838314610130765,0.0,0.0,1.0068254289106549,1.0251287001690563},fitness=net.sf.jclec.fitness.SimpleValueFitness@445b84c0[value=284.23658382036876]]
Worst individual: net.sf.jclec.realarray.RealArrayIndividual@66048bfd[genotype={3.1317648551391923,4.08269750774584,2.3728711494327523,0.7906722702764153,0.0,2.8987379335058034,0.3461358781862791,0.10978443050323206,5.12,0.0,2.5625614788742994,0.0,1.0350034593719502,0.0,0.9112412711595455,5.016526191418187,0.0,0.14537047022266725,5.12,0.0,0.589459797166346,2.2142933043149755,1.784839295566519,0.9521204794221674,2.372597225419458,2.9838314610130765,0.0,0.0,1.0068254289106549,1.0251287001690563},fitness=net.sf.jclec.fitness.SimpleValueFitness@445b84c0[value=284.23658382036876]]
Median individual: net.sf.jclec.realarray.RealArrayIndividual@66048bfd[genotype={3.1317648551391923,4.08269750774584,2.3728711494327523,0.7906722702764153,0.0,2.8987379335058034,0.3461358781862791,0.10978443050323206,5.12,0.0,2.5625614788742994,0.0,1.0350034593719502,0.0,0.9112412711595455,5.016526191418187,0.0,0.14537047022266725,5.12,0.0,0.589459797166346,2.2142933043149755,1.784839295566519,0.9521204794221674,2.372597225419458,2.9838314610130765,0.0,0.0,1.0068254289106549,1.0251287001690563},fitness=net.sf.jclec.fitness.SimpleValueFitness@445b84c0[value=284.23658382036876]]
Average fitness = 284.23658382036876
Fitness variance = 0.0
Generation 290 Report
Best individual: net.sf.jclec.realarray.RealArrayIndividual@61a52fbd[genotype={3.1317648551391923,4.08269750774584,2.3728711494327523,0.7906722702764153,0.0,2.8987379335058034,0.3461358781862791,0.10978443050323206,5.12,0.0,2.5625614788742994,0.0,1.0350034593719502,0.0,0.9112412711595455,5.016526191418187,0.0,0.14537047022266725,5.12,0.0,0.589459797166346,2.2142933043149755,1.784839295566519,0.9521204794221674,2.372597225419458,2.9838314610130765,0.0,0.0,1.0068254289106549,1.0251287001690563},fitness=net.sf.jclec.fitness.SimpleValueFitness@63d4e2ba[value=284.23658382036876]]
Worst individual: net.sf.jclec.realarray.RealArrayIndividual@61a52fbd[genotype={3.1317648551391923,4.08269750774584,2.3728711494327523,0.7906722702764153,0.0,2.8987379335058034,0.3461358781862791,0.10978443050323206,5.12,0.0,2.5625614788742994,0.0,1.0350034593719502,0.0,0.9112412711595455,5.016526191418187,0.0,0.14537047022266725,5.12,0.0,0.589459797166346,2.2142933043149755,1.784839295566519,0.9521204794221674,2.372597225419458,2.9838314610130765,0.0,0.0,1.0068254289106549,1.0251287001690563},fitness=net.sf.jclec.fitness.SimpleValueFitness@63d4e2ba[value=284.23658382036876]]
Median individual: net.sf.jclec.realarray.RealArrayIndividual@61a52fbd[genotype={3.1317648551391923,4.08269750774584,2.3728711494327523,0.7906722702764153,0.0,2.8987379335058034,0.3461358781862791,0.10978443050323206,5.12,0.0,2.5625614788742994,0.0,1.0350034593719502,0.0,0.9112412711595455,5.016526191418187,0.0,0.14537047022266725,5.12,0.0,0.589459797166346,2.2142933043149755,1.784839295566519,0.9521204794221674,2.372597225419458,2.9838314610130765,0.0,0.0,1.0068254289106549,1.0251287001690563},fitness=net.sf.jclec.fitness.SimpleValueFitness@63d4e2ba[value=284.23658382036876]]
Average fitness = 284.23658382036876
Fitness variance = 0.0
Generation 300 Report
Best individual: net.sf.jclec.realarray.RealArrayIndividual@7bb11784[genotype={3.1317648551391923,4.08269750774584,2.3728711494327523,0.7906722702764153,0.0,2.8987379335058034,0.3461358781862791,0.10978443050323206,5.12,0.0,2.5625614788742994,0.0,1.0350034593719502,0.0,0.9112412711595455,5.016526191418187,0.0,0.14537047022266725,5.12,0.0,0.589459797166346,2.2142933043149755,1.784839295566519,0.9521204794221674,2.372597225419458,2.9838314610130765,0.0,0.0,1.0068254289106549,1.0251287001690563},fitness=net.sf.jclec.fitness.SimpleValueFitness@7006c658[value=284.23658382036876]]
Worst individual: net.sf.jclec.realarray.RealArrayIndividual@7bb11784[genotype={3.1317648551391923,4.08269750774584,2.3728711494327523,0.7906722702764153,0.0,2.8987379335058034,0.3461358781862791,0.10978443050323206,5.12,0.0,2.5625614788742994,0.0,1.0350034593719502,0.0,0.9112412711595455,5.016526191418187,0.0,0.14537047022266725,5.12,0.0,0.589459797166346,2.2142933043149755,1.784839295566519,0.9521204794221674,2.372597225419458,2.9838314610130765,0.0,0.0,1.0068254289106549,1.0251287001690563},fitness=net.sf.jclec.fitness.SimpleValueFitness@7006c658[value=284.23658382036876]]
Median individual: net.sf.jclec.realarray.RealArrayIndividual@7bb11784[genotype={3.1317648551391923,4.08269750774584,2.3728711494327523,0.7906722702764153,0.0,2.8987379335058034,0.3461358781862791,0.10978443050323206,5.12,0.0,2.5625614788742994,0.0,1.0350034593719502,0.0,0.9112412711595455,5.016526191418187,0.0,0.14537047022266725,5.12,0.0,0.589459797166346,2.2142933043149755,1.784839295566519,0.9521204794221674,2.372597225419458,2.9838314610130765,0.0,0.0,1.0068254289106549,1.0251287001690563},fitness=net.sf.jclec.fitness.SimpleValueFitness@7006c658[value=284.23658382036876]]
Average fitness = 284.23658382036876
Fitness variance = 0.0
Generation 310 Report
Best individual: net.sf.jclec.realarray.RealArrayIndividual@34033bd0[genotype={3.1317648551391923,4.08269750774584,2.3728711494327523,0.7906722702764153,0.0,2.8987379335058034,0.3461358781862791,0.10978443050323206,5.12,0.0,2.5625614788742994,0.0,1.0350034593719502,0.0,0.9112412711595455,5.016526191418187,0.0,0.14537047022266725,5.12,0.0,0.589459797166346,2.2142933043149755,1.784839295566519,0.9521204794221674,2.372597225419458,2.9838314610130765,0.0,0.0,1.0068254289106549,1.0251287001690563},fitness=net.sf.jclec.fitness.SimpleValueFitness@7cdbc5d3[value=284.23658382036876]]
Worst individual: net.sf.jclec.realarray.RealArrayIndividual@34033bd0[genotype={3.1317648551391923,4.08269750774584,2.3728711494327523,0.7906722702764153,0.0,2.8987379335058034,0.3461358781862791,0.10978443050323206,5.12,0.0,2.5625614788742994,0.0,1.0350034593719502,0.0,0.9112412711595455,5.016526191418187,0.0,0.14537047022266725,5.12,0.0,0.589459797166346,2.2142933043149755,1.784839295566519,0.9521204794221674,2.372597225419458,2.9838314610130765,0.0,0.0,1.0068254289106549,1.0251287001690563},fitness=net.sf.jclec.fitness.SimpleValueFitness@7cdbc5d3[value=284.23658382036876]]
Median individual: net.sf.jclec.realarray.RealArrayIndividual@34033bd0[genotype={3.1317648551391923,4.08269750774584,2.3728711494327523,0.7906722702764153,0.0,2.8987379335058034,0.3461358781862791,0.10978443050323206,5.12,0.0,2.5625614788742994,0.0,1.0350034593719502,0.0,0.9112412711595455,5.016526191418187,0.0,0.14537047022266725,5.12,0.0,0.589459797166346,2.2142933043149755,1.784839295566519,0.9521204794221674,2.372597225419458,2.9838314610130765,0.0,0.0,1.0068254289106549,1.0251287001690563},fitness=net.sf.jclec.fitness.SimpleValueFitness@7cdbc5d3[value=284.23658382036876]]
Average fitness = 284.23658382036876
Fitness variance = 0.0
Generation 320 Report
Best individual: net.sf.jclec.realarray.RealArrayIndividual@3aa9e816[genotype={3.1317648551391923,4.08269750774584,2.3728711494327523,0.7906722702764153,0.0,2.8987379335058034,0.3461358781862791,0.10978443050323206,5.12,0.0,2.5625614788742994,0.0,1.0350034593719502,0.0,0.9112412711595455,5.016526191418187,0.0,0.14537047022266725,5.12,0.0,0.589459797166346,2.2142933043149755,1.784839295566519,0.9521204794221674,2.372597225419458,2.9838314610130765,0.0,0.0,1.0068254289106549,1.0251287001690563},fitness=net.sf.jclec.fitness.SimpleValueFitness@3834d63f[value=284.23658382036876]]
Worst individual: net.sf.jclec.realarray.RealArrayIndividual@3aa9e816[genotype={3.1317648551391923,4.08269750774584,2.3728711494327523,0.7906722702764153,0.0,2.8987379335058034,0.3461358781862791,0.10978443050323206,5.12,0.0,2.5625614788742994,0.0,1.0350034593719502,0.0,0.9112412711595455,5.016526191418187,0.0,0.14537047022266725,5.12,0.0,0.589459797166346,2.2142933043149755,1.784839295566519,0.9521204794221674,2.372597225419458,2.9838314610130765,0.0,0.0,1.0068254289106549,1.0251287001690563},fitness=net.sf.jclec.fitness.SimpleValueFitness@3834d63f[value=284.23658382036876]]
Median individual: net.sf.jclec.realarray.RealArrayIndividual@3aa9e816[genotype={3.1317648551391923,4.08269750774584,2.3728711494327523,0.7906722702764153,0.0,2.8987379335058034,0.3461358781862791,0.10978443050323206,5.12,0.0,2.5625614788742994,0.0,1.0350034593719502,0.0,0.9112412711595455,5.016526191418187,0.0,0.14537047022266725,5.12,0.0,0.589459797166346,2.2142933043149755,1.784839295566519,0.9521204794221674,2.372597225419458,2.9838314610130765,0.0,0.0,1.0068254289106549,1.0251287001690563},fitness=net.sf.jclec.fitness.SimpleValueFitness@3834d63f[value=284.23658382036876]]
Average fitness = 284.23658382036876
Fitness variance = 0.0
Generation 330 Report
Best individual: net.sf.jclec.realarray.RealArrayIndividual@1ae369b7[genotype={3.1317648551391923,4.08269750774584,2.3728711494327523,0.7906722702764153,0.0,2.8987379335058034,0.3461358781862791,0.10978443050323206,5.12,0.0,2.5625614788742994,0.0,1.0350034593719502,0.0,0.9112412711595455,5.016526191418187,0.0,0.14537047022266725,5.12,0.0,0.589459797166346,2.2142933043149755,1.784839295566519,0.9521204794221674,2.372597225419458,2.9838314610130765,0.0,0.0,1.0068254289106549,1.0251287001690563},fitness=net.sf.jclec.fitness.SimpleValueFitness@34340fab[value=284.23658382036876]]
Worst individual: net.sf.jclec.realarray.RealArrayIndividual@1ae369b7[genotype={3.1317648551391923,4.08269750774584,2.3728711494327523,0.7906722702764153,0.0,2.8987379335058034,0.3461358781862791,0.10978443050323206,5.12,0.0,2.5625614788742994,0.0,1.0350034593719502,0.0,0.9112412711595455,5.016526191418187,0.0,0.14537047022266725,5.12,0.0,0.589459797166346,2.2142933043149755,1.784839295566519,0.9521204794221674,2.372597225419458,2.9838314610130765,0.0,0.0,1.0068254289106549,1.0251287001690563},fitness=net.sf.jclec.fitness.SimpleValueFitness@34340fab[value=284.23658382036876]]
Median individual: net.sf.jclec.realarray.RealArrayIndividual@1ae369b7[genotype={3.1317648551391923,4.08269750774584,2.3728711494327523,0.7906722702764153,0.0,2.8987379335058034,0.3461358781862791,0.10978443050323206,5.12,0.0,2.5625614788742994,0.0,1.0350034593719502,0.0,0.9112412711595455,5.016526191418187,0.0,0.14537047022266725,5.12,0.0,0.589459797166346,2.2142933043149755,1.784839295566519,0.9521204794221674,2.372597225419458,2.9838314610130765,0.0,0.0,1.0068254289106549,1.0251287001690563},fitness=net.sf.jclec.fitness.SimpleValueFitness@34340fab[value=284.23658382036876]]
Average fitness = 284.23658382036876
Fitness variance = 0.0
Generation 340 Report
Best individual: net.sf.jclec.realarray.RealArrayIndividual@2aafb23c[genotype={3.1317648551391923,4.08269750774584,2.3728711494327523,0.7906722702764153,0.0,2.8987379335058034,0.3461358781862791,0.10978443050323206,5.12,0.0,2.5625614788742994,0.0,1.0350034593719502,0.0,0.9112412711595455,5.016526191418187,0.0,0.14537047022266725,5.12,0.0,0.589459797166346,2.2142933043149755,1.784839295566519,0.9521204794221674,2.372597225419458,2.9838314610130765,0.0,0.0,1.0068254289106549,1.0251287001690563},fitness=net.sf.jclec.fitness.SimpleValueFitness@3ab39c39[value=284.23658382036876]]
Worst individual: net.sf.jclec.realarray.RealArrayIndividual@2aafb23c[genotype={3.1317648551391923,4.08269750774584,2.3728711494327523,0.7906722702764153,0.0,2.8987379335058034,0.3461358781862791,0.10978443050323206,5.12,0.0,2.5625614788742994,0.0,1.0350034593719502,0.0,0.9112412711595455,5.016526191418187,0.0,0.14537047022266725,5.12,0.0,0.589459797166346,2.2142933043149755,1.784839295566519,0.9521204794221674,2.372597225419458,2.9838314610130765,0.0,0.0,1.0068254289106549,1.0251287001690563},fitness=net.sf.jclec.fitness.SimpleValueFitness@3ab39c39[value=284.23658382036876]]
Median individual: net.sf.jclec.realarray.RealArrayIndividual@2aafb23c[genotype={3.1317648551391923,4.08269750774584,2.3728711494327523,0.7906722702764153,0.0,2.8987379335058034,0.3461358781862791,0.10978443050323206,5.12,0.0,2.5625614788742994,0.0,1.0350034593719502,0.0,0.9112412711595455,5.016526191418187,0.0,0.14537047022266725,5.12,0.0,0.589459797166346,2.2142933043149755,1.784839295566519,0.9521204794221674,2.372597225419458,2.9838314610130765,0.0,0.0,1.0068254289106549,1.0251287001690563},fitness=net.sf.jclec.fitness.SimpleValueFitness@3ab39c39[value=284.23658382036876]]
Average fitness = 284.23658382036876
Fitness variance = 0.0
Generation 350 Report
Best individual: net.sf.jclec.realarray.RealArrayIndividual@2eee9593[genotype={3.1317648551391923,4.08269750774584,2.3728711494327523,0.7906722702764153,0.0,2.8987379335058034,0.3461358781862791,0.10978443050323206,5.12,0.0,2.5625614788742994,0.0,1.0350034593719502,0.0,0.9112412711595455,5.016526191418187,0.0,0.14537047022266725,5.12,0.0,0.589459797166346,2.2142933043149755,1.784839295566519,0.9521204794221674,2.372597225419458,2.9838314610130765,0.0,0.0,1.0068254289106549,1.0251287001690563},fitness=net.sf.jclec.fitness.SimpleValueFitness@546a03af[value=284.23658382036876]]
Worst individual: net.sf.jclec.realarray.RealArrayIndividual@2eee9593[genotype={3.1317648551391923,4.08269750774584,2.3728711494327523,0.7906722702764153,0.0,2.8987379335058034,0.3461358781862791,0.10978443050323206,5.12,0.0,2.5625614788742994,0.0,1.0350034593719502,0.0,0.9112412711595455,5.016526191418187,0.0,0.14537047022266725,5.12,0.0,0.589459797166346,2.2142933043149755,1.784839295566519,0.9521204794221674,2.372597225419458,2.9838314610130765,0.0,0.0,1.0068254289106549,1.0251287001690563},fitness=net.sf.jclec.fitness.SimpleValueFitness@546a03af[value=284.23658382036876]]
Median individual: net.sf.jclec.realarray.RealArrayIndividual@2eee9593[genotype={3.1317648551391923,4.08269750774584,2.3728711494327523,0.7906722702764153,0.0,2.8987379335058034,0.3461358781862791,0.10978443050323206,5.12,0.0,2.5625614788742994,0.0,1.0350034593719502,0.0,0.9112412711595455,5.016526191418187,0.0,0.14537047022266725,5.12,0.0,0.589459797166346,2.2142933043149755,1.784839295566519,0.9521204794221674,2.372597225419458,2.9838314610130765,0.0,0.0,1.0068254289106549,1.0251287001690563},fitness=net.sf.jclec.fitness.SimpleValueFitness@546a03af[value=284.23658382036876]]
Average fitness = 284.23658382036876
Fitness variance = 0.0
Generation 360 Report
Best individual: net.sf.jclec.realarray.RealArrayIndividual@721e0f4f[genotype={3.1317648551391923,4.08269750774584,1.5117442230131193,0.7451547187505345,0.0,2.8987379335058034,0.0,0.10978443050323206,5.12,0.0,2.5625614788742994,0.0,1.2003782817022752,1.5950181719037664,0.9112412711595455,5.016526191418187,0.0,0.0,5.12,0.0,0.0,3.219375334115663,1.0326315735343912,0.9521204794221674,1.6348262479343236,2.9838314610130765,0.0,0.0,1.8252693721779656,0.9936077650305708},fitness=net.sf.jclec.fitness.SimpleValueFitness@6ea6d14e[value=276.31764215283255]]
Worst individual: net.sf.jclec.realarray.RealArrayIndividual@721e0f4f[genotype={3.1317648551391923,4.08269750774584,1.5117442230131193,0.7451547187505345,0.0,2.8987379335058034,0.0,0.10978443050323206,5.12,0.0,2.5625614788742994,0.0,1.2003782817022752,1.5950181719037664,0.9112412711595455,5.016526191418187,0.0,0.0,5.12,0.0,0.0,3.219375334115663,1.0326315735343912,0.9521204794221674,1.6348262479343236,2.9838314610130765,0.0,0.0,1.8252693721779656,0.9936077650305708},fitness=net.sf.jclec.fitness.SimpleValueFitness@6ea6d14e[value=276.31764215283255]]
Median individual: net.sf.jclec.realarray.RealArrayIndividual@721e0f4f[genotype={3.1317648551391923,4.08269750774584,1.5117442230131193,0.7451547187505345,0.0,2.8987379335058034,0.0,0.10978443050323206,5.12,0.0,2.5625614788742994,0.0,1.2003782817022752,1.5950181719037664,0.9112412711595455,5.016526191418187,0.0,0.0,5.12,0.0,0.0,3.219375334115663,1.0326315735343912,0.9521204794221674,1.6348262479343236,2.9838314610130765,0.0,0.0,1.8252693721779656,0.9936077650305708},fitness=net.sf.jclec.fitness.SimpleValueFitness@6ea6d14e[value=276.31764215283255]]
Average fitness = 276.31764215283255
Fitness variance = 0.0
Generation 370 Report
Best individual: net.sf.jclec.realarray.RealArrayIndividual@6ad5c04e[genotype={3.1317648551391923,4.08269750774584,1.5117442230131193,0.7451547187505345,0.0,2.8987379335058034,0.0,0.10978443050323206,5.12,0.0,2.5625614788742994,0.0,1.2003782817022752,1.5950181719037664,0.9112412711595455,5.016526191418187,0.0,0.0,5.12,0.0,0.0,3.219375334115663,1.0326315735343912,0.9521204794221674,1.6348262479343236,2.9838314610130765,0.0,0.0,1.8252693721779656,0.9936077650305708},fitness=net.sf.jclec.fitness.SimpleValueFitness@725bef66[value=276.31764215283255]]
Worst individual: net.sf.jclec.realarray.RealArrayIndividual@6ad5c04e[genotype={3.1317648551391923,4.08269750774584,1.5117442230131193,0.7451547187505345,0.0,2.8987379335058034,0.0,0.10978443050323206,5.12,0.0,2.5625614788742994,0.0,1.2003782817022752,1.5950181719037664,0.9112412711595455,5.016526191418187,0.0,0.0,5.12,0.0,0.0,3.219375334115663,1.0326315735343912,0.9521204794221674,1.6348262479343236,2.9838314610130765,0.0,0.0,1.8252693721779656,0.9936077650305708},fitness=net.sf.jclec.fitness.SimpleValueFitness@725bef66[value=276.31764215283255]]
Median individual: net.sf.jclec.realarray.RealArrayIndividual@6ad5c04e[genotype={3.1317648551391923,4.08269750774584,1.5117442230131193,0.7451547187505345,0.0,2.8987379335058034,0.0,0.10978443050323206,5.12,0.0,2.5625614788742994,0.0,1.2003782817022752,1.5950181719037664,0.9112412711595455,5.016526191418187,0.0,0.0,5.12,0.0,0.0,3.219375334115663,1.0326315735343912,0.9521204794221674,1.6348262479343236,2.9838314610130765,0.0,0.0,1.8252693721779656,0.9936077650305708},fitness=net.sf.jclec.fitness.SimpleValueFitness@725bef66[value=276.31764215283255]]
Average fitness = 276.31764215283255
Fitness variance = 0.0
Generation 380 Report
Best individual: net.sf.jclec.realarray.RealArrayIndividual@2aaf7cc2[genotype={3.1317648551391923,4.08269750774584,1.5117442230131193,0.7451547187505345,0.0,2.8987379335058034,0.0,0.10978443050323206,5.12,0.0,2.5625614788742994,0.0,1.2003782817022752,1.5950181719037664,0.9112412711595455,5.016526191418187,0.0,0.0,5.12,0.0,0.0,3.219375334115663,1.0326315735343912,0.9521204794221674,1.6348262479343236,2.9838314610130765,0.0,0.0,1.8252693721779656,0.9936077650305708},fitness=net.sf.jclec.fitness.SimpleValueFitness@1888ff2c[value=276.31764215283255]]
Worst individual: net.sf.jclec.realarray.RealArrayIndividual@2aaf7cc2[genotype={3.1317648551391923,4.08269750774584,1.5117442230131193,0.7451547187505345,0.0,2.8987379335058034,0.0,0.10978443050323206,5.12,0.0,2.5625614788742994,0.0,1.2003782817022752,1.5950181719037664,0.9112412711595455,5.016526191418187,0.0,0.0,5.12,0.0,0.0,3.219375334115663,1.0326315735343912,0.9521204794221674,1.6348262479343236,2.9838314610130765,0.0,0.0,1.8252693721779656,0.9936077650305708},fitness=net.sf.jclec.fitness.SimpleValueFitness@1888ff2c[value=276.31764215283255]]
Median individual: net.sf.jclec.realarray.RealArrayIndividual@2aaf7cc2[genotype={3.1317648551391923,4.08269750774584,1.5117442230131193,0.7451547187505345,0.0,2.8987379335058034,0.0,0.10978443050323206,5.12,0.0,2.5625614788742994,0.0,1.2003782817022752,1.5950181719037664,0.9112412711595455,5.016526191418187,0.0,0.0,5.12,0.0,0.0,3.219375334115663,1.0326315735343912,0.9521204794221674,1.6348262479343236,2.9838314610130765,0.0,0.0,1.8252693721779656,0.9936077650305708},fitness=net.sf.jclec.fitness.SimpleValueFitness@1888ff2c[value=276.31764215283255]]
Average fitness = 276.31764215283255
Fitness variance = 0.0
Generation 390 Report
Best individual: net.sf.jclec.realarray.RealArrayIndividual@35851384[genotype={3.1317648551391923,2.578260747073781,0.0,0.7451547187505345,0.0,2.8987379335058034,0.0,1.1794146434331725,5.12,1.744638038419117,2.421462819764301,0.0,1.2003782817022752,0.4319237151241624,0.0,4.932200859283992,0.0,0.0,5.12,0.0,0.0,3.219375334115663,1.5668812258681932,0.9521204794221674,1.0285653436274704,2.9838314610130765,0.0,0.0,2.0037205337817214,0.0},fitness=net.sf.jclec.fitness.SimpleValueFitness@6adca536[value=271.18890600795436]]
Worst individual: net.sf.jclec.realarray.RealArrayIndividual@35851384[genotype={3.1317648551391923,2.578260747073781,0.0,0.7451547187505345,0.0,2.8987379335058034,0.0,1.1794146434331725,5.12,1.744638038419117,2.421462819764301,0.0,1.2003782817022752,0.4319237151241624,0.0,4.932200859283992,0.0,0.0,5.12,0.0,0.0,3.219375334115663,1.5668812258681932,0.9521204794221674,1.0285653436274704,2.9838314610130765,0.0,0.0,2.0037205337817214,0.0},fitness=net.sf.jclec.fitness.SimpleValueFitness@6adca536[value=271.18890600795436]]
Median individual: net.sf.jclec.realarray.RealArrayIndividual@35851384[genotype={3.1317648551391923,2.578260747073781,0.0,0.7451547187505345,0.0,2.8987379335058034,0.0,1.1794146434331725,5.12,1.744638038419117,2.421462819764301,0.0,1.2003782817022752,0.4319237151241624,0.0,4.932200859283992,0.0,0.0,5.12,0.0,0.0,3.219375334115663,1.5668812258681932,0.9521204794221674,1.0285653436274704,2.9838314610130765,0.0,0.0,2.0037205337817214,0.0},fitness=net.sf.jclec.fitness.SimpleValueFitness@6adca536[value=271.18890600795436]]
Average fitness = 271.18890600795436
Fitness variance = 0.0
Generation 400 Report
Best individual: net.sf.jclec.realarray.RealArrayIndividual@357246de[genotype={3.1317648551391923,2.578260747073781,0.0,0.7451547187505345,0.0,2.8987379335058034,0.0,1.1794146434331725,5.12,1.744638038419117,2.421462819764301,0.0,1.2003782817022752,0.4319237151241624,0.0,4.932200859283992,0.0,0.0,5.12,0.0,0.0,3.219375334115663,1.5668812258681932,0.9521204794221674,1.0285653436274704,2.9838314610130765,0.0,0.0,2.0037205337817214,0.0},fitness=net.sf.jclec.fitness.SimpleValueFitness@256216b3[value=271.18890600795436]]
Worst individual: net.sf.jclec.realarray.RealArrayIndividual@357246de[genotype={3.1317648551391923,2.578260747073781,0.0,0.7451547187505345,0.0,2.8987379335058034,0.0,1.1794146434331725,5.12,1.744638038419117,2.421462819764301,0.0,1.2003782817022752,0.4319237151241624,0.0,4.932200859283992,0.0,0.0,5.12,0.0,0.0,3.219375334115663,1.5668812258681932,0.9521204794221674,1.0285653436274704,2.9838314610130765,0.0,0.0,2.0037205337817214,0.0},fitness=net.sf.jclec.fitness.SimpleValueFitness@256216b3[value=271.18890600795436]]
Median individual: net.sf.jclec.realarray.RealArrayIndividual@357246de[genotype={3.1317648551391923,2.578260747073781,0.0,0.7451547187505345,0.0,2.8987379335058034,0.0,1.1794146434331725,5.12,1.744638038419117,2.421462819764301,0.0,1.2003782817022752,0.4319237151241624,0.0,4.932200859283992,0.0,0.0,5.12,0.0,0.0,3.219375334115663,1.5668812258681932,0.9521204794221674,1.0285653436274704,2.9838314610130765,0.0,0.0,2.0037205337817214,0.0},fitness=net.sf.jclec.fitness.SimpleValueFitness@256216b3[value=271.18890600795436]]
Average fitness = 271.18890600795436
Fitness variance = 0.0
Generation 410 Report
Best individual: net.sf.jclec.realarray.RealArrayIndividual@2a18f23c[genotype={3.1317648551391923,2.578260747073781,0.0,0.7451547187505345,0.0,2.8987379335058034,0.0,1.1794146434331725,5.12,1.744638038419117,2.421462819764301,0.0,1.2003782817022752,0.4319237151241624,0.0,4.932200859283992,0.0,0.0,5.12,0.0,0.0,3.219375334115663,1.5668812258681932,0.9521204794221674,1.0285653436274704,2.9838314610130765,0.0,0.0,2.0037205337817214,0.0},fitness=net.sf.jclec.fitness.SimpleValueFitness@16c0663d[value=271.18890600795436]]
Worst individual: net.sf.jclec.realarray.RealArrayIndividual@2a18f23c[genotype={3.1317648551391923,2.578260747073781,0.0,0.7451547187505345,0.0,2.8987379335058034,0.0,1.1794146434331725,5.12,1.744638038419117,2.421462819764301,0.0,1.2003782817022752,0.4319237151241624,0.0,4.932200859283992,0.0,0.0,5.12,0.0,0.0,3.219375334115663,1.5668812258681932,0.9521204794221674,1.0285653436274704,2.9838314610130765,0.0,0.0,2.0037205337817214,0.0},fitness=net.sf.jclec.fitness.SimpleValueFitness@16c0663d[value=271.18890600795436]]
Median individual: net.sf.jclec.realarray.RealArrayIndividual@2a18f23c[genotype={3.1317648551391923,2.578260747073781,0.0,0.7451547187505345,0.0,2.8987379335058034,0.0,1.1794146434331725,5.12,1.744638038419117,2.421462819764301,0.0,1.2003782817022752,0.4319237151241624,0.0,4.932200859283992,0.0,0.0,5.12,0.0,0.0,3.219375334115663,1.5668812258681932,0.9521204794221674,1.0285653436274704,2.9838314610130765,0.0,0.0,2.0037205337817214,0.0},fitness=net.sf.jclec.fitness.SimpleValueFitness@16c0663d[value=271.18890600795436]]
Average fitness = 271.18890600795436
Fitness variance = 0.0
Generation 420 Report
Best individual: net.sf.jclec.realarray.RealArrayIndividual@23223dd8[genotype={3.1317648551391923,2.578260747073781,0.0,0.7451547187505345,0.0,2.8987379335058034,0.0,1.1794146434331725,5.12,1.744638038419117,2.421462819764301,0.0,1.2003782817022752,0.4319237151241624,0.0,4.932200859283992,0.0,0.0,5.12,0.0,0.0,3.219375334115663,1.5668812258681932,0.9521204794221674,1.0285653436274704,2.9838314610130765,0.0,0.0,2.0037205337817214,0.0},fitness=net.sf.jclec.fitness.SimpleValueFitness@1b40d5f0[value=271.18890600795436]]
Worst individual: net.sf.jclec.realarray.RealArrayIndividual@23223dd8[genotype={3.1317648551391923,2.578260747073781,0.0,0.7451547187505345,0.0,2.8987379335058034,0.0,1.1794146434331725,5.12,1.744638038419117,2.421462819764301,0.0,1.2003782817022752,0.4319237151241624,0.0,4.932200859283992,0.0,0.0,5.12,0.0,0.0,3.219375334115663,1.5668812258681932,0.9521204794221674,1.0285653436274704,2.9838314610130765,0.0,0.0,2.0037205337817214,0.0},fitness=net.sf.jclec.fitness.SimpleValueFitness@1b40d5f0[value=271.18890600795436]]
Median individual: net.sf.jclec.realarray.RealArrayIndividual@23223dd8[genotype={3.1317648551391923,2.578260747073781,0.0,0.7451547187505345,0.0,2.8987379335058034,0.0,1.1794146434331725,5.12,1.744638038419117,2.421462819764301,0.0,1.2003782817022752,0.4319237151241624,0.0,4.932200859283992,0.0,0.0,5.12,0.0,0.0,3.219375334115663,1.5668812258681932,0.9521204794221674,1.0285653436274704,2.9838314610130765,0.0,0.0,2.0037205337817214,0.0},fitness=net.sf.jclec.fitness.SimpleValueFitness@1b40d5f0[value=271.18890600795436]]
Average fitness = 271.18890600795436
Fitness variance = 0.0
Generation 430 Report
Best individual: net.sf.jclec.realarray.RealArrayIndividual@ea4a92b[genotype={3.1317648551391923,2.578260747073781,0.0,0.7451547187505345,0.0,2.8987379335058034,0.0,1.1794146434331725,5.12,1.744638038419117,2.421462819764301,0.0,1.2003782817022752,0.4319237151241624,0.0,4.932200859283992,0.0,0.0,5.12,0.0,0.0,3.219375334115663,1.5668812258681932,0.9521204794221674,1.0285653436274704,2.9838314610130765,0.0,0.0,2.0037205337817214,0.0},fitness=net.sf.jclec.fitness.SimpleValueFitness@47f37ef1[value=271.18890600795436]]
Worst individual: net.sf.jclec.realarray.RealArrayIndividual@ea4a92b[genotype={3.1317648551391923,2.578260747073781,0.0,0.7451547187505345,0.0,2.8987379335058034,0.0,1.1794146434331725,5.12,1.744638038419117,2.421462819764301,0.0,1.2003782817022752,0.4319237151241624,0.0,4.932200859283992,0.0,0.0,5.12,0.0,0.0,3.219375334115663,1.5668812258681932,0.9521204794221674,1.0285653436274704,2.9838314610130765,0.0,0.0,2.0037205337817214,0.0},fitness=net.sf.jclec.fitness.SimpleValueFitness@47f37ef1[value=271.18890600795436]]
Median individual: net.sf.jclec.realarray.RealArrayIndividual@ea4a92b[genotype={3.1317648551391923,2.578260747073781,0.0,0.7451547187505345,0.0,2.8987379335058034,0.0,1.1794146434331725,5.12,1.744638038419117,2.421462819764301,0.0,1.2003782817022752,0.4319237151241624,0.0,4.932200859283992,0.0,0.0,5.12,0.0,0.0,3.219375334115663,1.5668812258681932,0.9521204794221674,1.0285653436274704,2.9838314610130765,0.0,0.0,2.0037205337817214,0.0},fitness=net.sf.jclec.fitness.SimpleValueFitness@47f37ef1[value=271.18890600795436]]
Average fitness = 271.18890600795436
Fitness variance = 0.0
Generation 440 Report
Best individual: net.sf.jclec.realarray.RealArrayIndividual@5a01ccaa[genotype={3.1317648551391923,2.578260747073781,0.0,0.7451547187505345,0.0,2.8987379335058034,0.0,1.1794146434331725,5.12,1.744638038419117,2.421462819764301,0.0,1.2003782817022752,0.4319237151241624,0.0,4.932200859283992,0.0,0.0,5.12,0.0,0.0,3.219375334115663,1.5668812258681932,0.9521204794221674,1.0285653436274704,2.9838314610130765,0.0,0.0,2.0037205337817214,0.0},fitness=net.sf.jclec.fitness.SimpleValueFitness@19bb089b[value=271.18890600795436]]
Worst individual: net.sf.jclec.realarray.RealArrayIndividual@5a01ccaa[genotype={3.1317648551391923,2.578260747073781,0.0,0.7451547187505345,0.0,2.8987379335058034,0.0,1.1794146434331725,5.12,1.744638038419117,2.421462819764301,0.0,1.2003782817022752,0.4319237151241624,0.0,4.932200859283992,0.0,0.0,5.12,0.0,0.0,3.219375334115663,1.5668812258681932,0.9521204794221674,1.0285653436274704,2.9838314610130765,0.0,0.0,2.0037205337817214,0.0},fitness=net.sf.jclec.fitness.SimpleValueFitness@19bb089b[value=271.18890600795436]]
Median individual: net.sf.jclec.realarray.RealArrayIndividual@5a01ccaa[genotype={3.1317648551391923,2.578260747073781,0.0,0.7451547187505345,0.0,2.8987379335058034,0.0,1.1794146434331725,5.12,1.744638038419117,2.421462819764301,0.0,1.2003782817022752,0.4319237151241624,0.0,4.932200859283992,0.0,0.0,5.12,0.0,0.0,3.219375334115663,1.5668812258681932,0.9521204794221674,1.0285653436274704,2.9838314610130765,0.0,0.0,2.0037205337817214,0.0},fitness=net.sf.jclec.fitness.SimpleValueFitness@19bb089b[value=271.18890600795436]]
Average fitness = 271.18890600795436
Fitness variance = 0.0
Generation 450 Report
Best individual: net.sf.jclec.realarray.RealArrayIndividual@4563e9ab[genotype={3.1317648551391923,2.578260747073781,0.0,0.7451547187505345,0.0,2.8987379335058034,0.0,1.1794146434331725,5.12,1.744638038419117,2.421462819764301,0.0,1.2003782817022752,0.4319237151241624,0.0,4.932200859283992,0.0,0.0,5.12,0.0,0.0,3.219375334115663,1.5668812258681932,0.9521204794221674,1.0285653436274704,2.9838314610130765,0.0,0.0,2.0037205337817214,0.0},fitness=net.sf.jclec.fitness.SimpleValueFitness@5e025e70[value=271.18890600795436]]
Worst individual: net.sf.jclec.realarray.RealArrayIndividual@4563e9ab[genotype={3.1317648551391923,2.578260747073781,0.0,0.7451547187505345,0.0,2.8987379335058034,0.0,1.1794146434331725,5.12,1.744638038419117,2.421462819764301,0.0,1.2003782817022752,0.4319237151241624,0.0,4.932200859283992,0.0,0.0,5.12,0.0,0.0,3.219375334115663,1.5668812258681932,0.9521204794221674,1.0285653436274704,2.9838314610130765,0.0,0.0,2.0037205337817214,0.0},fitness=net.sf.jclec.fitness.SimpleValueFitness@5e025e70[value=271.18890600795436]]
Median individual: net.sf.jclec.realarray.RealArrayIndividual@4563e9ab[genotype={3.1317648551391923,2.578260747073781,0.0,0.7451547187505345,0.0,2.8987379335058034,0.0,1.1794146434331725,5.12,1.744638038419117,2.421462819764301,0.0,1.2003782817022752,0.4319237151241624,0.0,4.932200859283992,0.0,0.0,5.12,0.0,0.0,3.219375334115663,1.5668812258681932,0.9521204794221674,1.0285653436274704,2.9838314610130765,0.0,0.0,2.0037205337817214,0.0},fitness=net.sf.jclec.fitness.SimpleValueFitness@5e025e70[value=271.18890600795436]]
Average fitness = 271.18890600795436
Fitness variance = 0.0
Generation 460 Report
Best individual: net.sf.jclec.realarray.RealArrayIndividual@1fbc7afb[genotype={3.1317648551391923,2.578260747073781,0.0,0.7451547187505345,0.0,2.8987379335058034,0.0,1.1794146434331725,5.12,1.744638038419117,2.421462819764301,0.0,1.2003782817022752,0.4319237151241624,0.0,4.932200859283992,0.0,0.0,5.12,0.0,0.0,3.219375334115663,1.5668812258681932,0.9521204794221674,1.0285653436274704,2.9838314610130765,0.0,0.0,2.0037205337817214,0.0},fitness=net.sf.jclec.fitness.SimpleValueFitness@4cdbe50f[value=271.18890600795436]]
Worst individual: net.sf.jclec.realarray.RealArrayIndividual@1fbc7afb[genotype={3.1317648551391923,2.578260747073781,0.0,0.7451547187505345,0.0,2.8987379335058034,0.0,1.1794146434331725,5.12,1.744638038419117,2.421462819764301,0.0,1.2003782817022752,0.4319237151241624,0.0,4.932200859283992,0.0,0.0,5.12,0.0,0.0,3.219375334115663,1.5668812258681932,0.9521204794221674,1.0285653436274704,2.9838314610130765,0.0,0.0,2.0037205337817214,0.0},fitness=net.sf.jclec.fitness.SimpleValueFitness@4cdbe50f[value=271.18890600795436]]
Median individual: net.sf.jclec.realarray.RealArrayIndividual@1fbc7afb[genotype={3.1317648551391923,2.578260747073781,0.0,0.7451547187505345,0.0,2.8987379335058034,0.0,1.1794146434331725,5.12,1.744638038419117,2.421462819764301,0.0,1.2003782817022752,0.4319237151241624,0.0,4.932200859283992,0.0,0.0,5.12,0.0,0.0,3.219375334115663,1.5668812258681932,0.9521204794221674,1.0285653436274704,2.9838314610130765,0.0,0.0,2.0037205337817214,0.0},fitness=net.sf.jclec.fitness.SimpleValueFitness@4cdbe50f[value=271.18890600795436]]
Average fitness = 271.18890600795436
Fitness variance = 0.0
Generation 470 Report
Best individual: net.sf.jclec.realarray.RealArrayIndividual@66d33a[genotype={3.1317648551391923,2.578260747073781,0.0,0.7451547187505345,0.0,2.8987379335058034,0.0,1.1794146434331725,5.12,1.744638038419117,2.421462819764301,0.0,1.2003782817022752,0.4319237151241624,0.0,4.932200859283992,0.0,0.0,5.12,0.0,0.0,3.219375334115663,1.5668812258681932,0.9521204794221674,1.0285653436274704,2.9838314610130765,0.0,0.0,2.0037205337817214,0.0},fitness=net.sf.jclec.fitness.SimpleValueFitness@7e0babb1[value=271.18890600795436]]
Worst individual: net.sf.jclec.realarray.RealArrayIndividual@66d33a[genotype={3.1317648551391923,2.578260747073781,0.0,0.7451547187505345,0.0,2.8987379335058034,0.0,1.1794146434331725,5.12,1.744638038419117,2.421462819764301,0.0,1.2003782817022752,0.4319237151241624,0.0,4.932200859283992,0.0,0.0,5.12,0.0,0.0,3.219375334115663,1.5668812258681932,0.9521204794221674,1.0285653436274704,2.9838314610130765,0.0,0.0,2.0037205337817214,0.0},fitness=net.sf.jclec.fitness.SimpleValueFitness@7e0babb1[value=271.18890600795436]]
Median individual: net.sf.jclec.realarray.RealArrayIndividual@66d33a[genotype={3.1317648551391923,2.578260747073781,0.0,0.7451547187505345,0.0,2.8987379335058034,0.0,1.1794146434331725,5.12,1.744638038419117,2.421462819764301,0.0,1.2003782817022752,0.4319237151241624,0.0,4.932200859283992,0.0,0.0,5.12,0.0,0.0,3.219375334115663,1.5668812258681932,0.9521204794221674,1.0285653436274704,2.9838314610130765,0.0,0.0,2.0037205337817214,0.0},fitness=net.sf.jclec.fitness.SimpleValueFitness@7e0babb1[value=271.18890600795436]]
Average fitness = 271.18890600795436
Fitness variance = 0.0
Generation 480 Report
Best individual: net.sf.jclec.realarray.RealArrayIndividual@6debcae2[genotype={3.1317648551391923,2.578260747073781,0.0,0.7451547187505345,0.0,2.8987379335058034,1.660951660147616,1.5018858243362252,4.101353034005157,1.744638038419117,1.0005110034612346,0.0,1.2003782817022752,0.0,0.0,3.3100353405250247,1.027135566429458,0.0,5.12,1.9839080801182316,0.0,3.219375334115663,0.0,1.7836378487858167,1.0285653436274704,2.9838314610130765,0.0,0.0,2.0037205337817214,0.0},fitness=net.sf.jclec.fitness.SimpleValueFitness@2ff4f00f[value=244.0608963783759]]
Worst individual: net.sf.jclec.realarray.RealArrayIndividual@6debcae2[genotype={3.1317648551391923,2.578260747073781,0.0,0.7451547187505345,0.0,2.8987379335058034,1.660951660147616,1.5018858243362252,4.101353034005157,1.744638038419117,1.0005110034612346,0.0,1.2003782817022752,0.0,0.0,3.3100353405250247,1.027135566429458,0.0,5.12,1.9839080801182316,0.0,3.219375334115663,0.0,1.7836378487858167,1.0285653436274704,2.9838314610130765,0.0,0.0,2.0037205337817214,0.0},fitness=net.sf.jclec.fitness.SimpleValueFitness@2ff4f00f[value=244.0608963783759]]
Median individual: net.sf.jclec.realarray.RealArrayIndividual@6debcae2[genotype={3.1317648551391923,2.578260747073781,0.0,0.7451547187505345,0.0,2.8987379335058034,1.660951660147616,1.5018858243362252,4.101353034005157,1.744638038419117,1.0005110034612346,0.0,1.2003782817022752,0.0,0.0,3.3100353405250247,1.027135566429458,0.0,5.12,1.9839080801182316,0.0,3.219375334115663,0.0,1.7836378487858167,1.0285653436274704,2.9838314610130765,0.0,0.0,2.0037205337817214,0.0},fitness=net.sf.jclec.fitness.SimpleValueFitness@2ff4f00f[value=244.0608963783759]]
Average fitness = 244.0608963783759
Fitness variance = 0.0
Generation 490 Report
Best individual: net.sf.jclec.realarray.RealArrayIndividual@c818063[genotype={3.1317648551391923,2.578260747073781,0.0,0.7451547187505345,0.0,2.8987379335058034,1.660951660147616,1.5018858243362252,4.101353034005157,1.744638038419117,1.0005110034612346,0.0,1.2003782817022752,0.0,0.0,3.3100353405250247,1.027135566429458,0.0,5.12,1.9839080801182316,0.0,3.219375334115663,0.0,1.7836378487858167,1.0285653436274704,2.9838314610130765,0.0,0.0,2.0037205337817214,0.0},fitness=net.sf.jclec.fitness.SimpleValueFitness@75bd9247[value=244.0608963783759]]
Worst individual: net.sf.jclec.realarray.RealArrayIndividual@c818063[genotype={3.1317648551391923,2.578260747073781,0.0,0.7451547187505345,0.0,2.8987379335058034,1.660951660147616,1.5018858243362252,4.101353034005157,1.744638038419117,1.0005110034612346,0.0,1.2003782817022752,0.0,0.0,3.3100353405250247,1.027135566429458,0.0,5.12,1.9839080801182316,0.0,3.219375334115663,0.0,1.7836378487858167,1.0285653436274704,2.9838314610130765,0.0,0.0,2.0037205337817214,0.0},fitness=net.sf.jclec.fitness.SimpleValueFitness@75bd9247[value=244.0608963783759]]
Median individual: net.sf.jclec.realarray.RealArrayIndividual@c818063[genotype={3.1317648551391923,2.578260747073781,0.0,0.7451547187505345,0.0,2.8987379335058034,1.660951660147616,1.5018858243362252,4.101353034005157,1.744638038419117,1.0005110034612346,0.0,1.2003782817022752,0.0,0.0,3.3100353405250247,1.027135566429458,0.0,5.12,1.9839080801182316,0.0,3.219375334115663,0.0,1.7836378487858167,1.0285653436274704,2.9838314610130765,0.0,0.0,2.0037205337817214,0.0},fitness=net.sf.jclec.fitness.SimpleValueFitness@75bd9247[value=244.0608963783759]]
Average fitness = 244.0608963783759
Fitness variance = 0.0
Generation 500 Report
Best individual: net.sf.jclec.realarray.RealArrayIndividual@7d417077[genotype={3.1317648551391923,2.578260747073781,0.0,0.7451547187505345,0.0,2.8987379335058034,1.660951660147616,1.5018858243362252,4.101353034005157,1.744638038419117,1.0005110034612346,0.0,1.2003782817022752,0.0,0.0,3.3100353405250247,1.027135566429458,0.0,5.12,1.9839080801182316,0.0,3.219375334115663,0.0,1.7836378487858167,1.0285653436274704,2.9838314610130765,0.0,0.0,2.0037205337817214,0.0},fitness=net.sf.jclec.fitness.SimpleValueFitness@35bbe5e8[value=244.0608963783759]]
Worst individual: net.sf.jclec.realarray.RealArrayIndividual@7d417077[genotype={3.1317648551391923,2.578260747073781,0.0,0.7451547187505345,0.0,2.8987379335058034,1.660951660147616,1.5018858243362252,4.101353034005157,1.744638038419117,1.0005110034612346,0.0,1.2003782817022752,0.0,0.0,3.3100353405250247,1.027135566429458,0.0,5.12,1.9839080801182316,0.0,3.219375334115663,0.0,1.7836378487858167,1.0285653436274704,2.9838314610130765,0.0,0.0,2.0037205337817214,0.0},fitness=net.sf.jclec.fitness.SimpleValueFitness@35bbe5e8[value=244.0608963783759]]
Median individual: net.sf.jclec.realarray.RealArrayIndividual@7d417077[genotype={3.1317648551391923,2.578260747073781,0.0,0.7451547187505345,0.0,2.8987379335058034,1.660951660147616,1.5018858243362252,4.101353034005157,1.744638038419117,1.0005110034612346,0.0,1.2003782817022752,0.0,0.0,3.3100353405250247,1.027135566429458,0.0,5.12,1.9839080801182316,0.0,3.219375334115663,0.0,1.7836378487858167,1.0285653436274704,2.9838314610130765,0.0,0.0,2.0037205337817214,0.0},fitness=net.sf.jclec.fitness.SimpleValueFitness@35bbe5e8[value=244.0608963783759]]
Average fitness = 244.0608963783759
Fitness variance = 0.0
