Wed Nov 28 15.56.02 CET 2018
Generation 0 Report
Best individual: net.sf.jclec.realarray.RealArrayIndividual@66cd51c3[genotype={3.9266371295213474,4.6296692894153,2.800172581701408,2.912199154598144,3.562743861031294,0.983113790128531,2.9754210925472386,4.649097552655416,2.9640769908090534,0.6286500005408164,0.8830054905287517,1.097103835445117,0.7698173136727425,4.055053110976372,1.1244037958487927,2.672057680004651,1.189601074694929,1.6889830405920612,2.2505307572566373,2.306934858258428,1.7527171588834853,4.487154765839397,1.1573200660483405,1.5800969673727514,0.06465984759140608,4.804080145170856,1.3179621388129465,0.14640761297644853,1.0907642637963404,0.39848502768409094},fitness=net.sf.jclec.fitness.SimpleValueFitness@4e515669[value=453.7246063152343]]
Worst individual: net.sf.jclec.realarray.RealArrayIndividual@17d10166[genotype={3.715338615118002,1.575614326030478,3.5099678018726235,3.6402048244844605,2.8918508125785243,4.107782461549938,4.586775010673524,0.8445528403641539,3.264626658729966,4.94274361492704,4.502118796036234,3.465506331010494,3.603917696954266,3.563122603259635,1.5860395291611589,4.442614473792869,4.889669098614544,4.086103140623649,2.54354822177477,3.0938947304962547,1.2159925339256181,2.829451955191567,4.744151456918608,3.3800255337739773,0.8496154039214834,1.1934293738448376,3.3339552476748215,4.367068908035951,4.222971461481418,0.48915293357868295},fitness=net.sf.jclec.fitness.SimpleValueFitness@ba8a1dc[value=712.3141299980032]]
Median individual: net.sf.jclec.realarray.RealArrayIndividual@26f0a63f[genotype={1.2696258771767168,3.038188440163356,2.4250193565445852,0.4654406030678677,4.827456007452743,4.592395085098862,1.8064179579050077,2.771039237210743,2.084982509221741,2.344079377169414,0.3749867922947728,2.1376419244715925,2.972849285569487,3.266107462260012,3.2388580036811385,2.4064099896204296,0.4550563221032192,4.847287364995532,4.7867581837726645,4.040023344007113,4.2299301179821205,0.3488440537167673,3.602645006623404,4.056055780338113,3.2861473979182283,2.090056335673054,3.101287852417125,4.28129109130968,1.3663496318348498,5.0245237241774054},fitness=net.sf.jclec.fitness.SimpleValueFitness@53bd815b[value=588.2095254851517]]
Average fitness = 559.7535788083625
Fitness variance = 2670.0349200179335
Generation 10 Report
Best individual: net.sf.jclec.realarray.RealArrayIndividual@4ca8195f[genotype={3.1047334396692423,2.0941602380899393,4.28189463848057,1.8993084125233164,4.102514013117884,1.0667932088625427,1.8866105633578967,3.96282478998065,2.4679507137476957,0.7304362556142665,2.5344755220568826,1.689198603806283,3.1420333103123443,0.8846571795238216,2.24948741061445,4.171045102319966,4.00976128239887,2.4334456199897683,1.4075519068637625,0.9587102346200316,0.36074615320654535,2.0288793597315133,1.8713888088972865,2.0699718328200585,1.0224774479646832,2.168427411721022,3.5661110872468824,0.8737650902130909,2.8644745910181806,1.9712913172247122},fitness=net.sf.jclec.fitness.SimpleValueFitness@61baa894[value=389.09069566116744]]
Worst individual: net.sf.jclec.realarray.RealArrayIndividual@4ca8195f[genotype={3.1047334396692423,2.0941602380899393,4.28189463848057,1.8993084125233164,4.102514013117884,1.0667932088625427,1.8866105633578967,3.96282478998065,2.4679507137476957,0.7304362556142665,2.5344755220568826,1.689198603806283,3.1420333103123443,0.8846571795238216,2.24948741061445,4.171045102319966,4.00976128239887,2.4334456199897683,1.4075519068637625,0.9587102346200316,0.36074615320654535,2.0288793597315133,1.8713888088972865,2.0699718328200585,1.0224774479646832,2.168427411721022,3.5661110872468824,0.8737650902130909,2.8644745910181806,1.9712913172247122},fitness=net.sf.jclec.fitness.SimpleValueFitness@61baa894[value=389.09069566116744]]
Median individual: net.sf.jclec.realarray.RealArrayIndividual@4ca8195f[genotype={3.1047334396692423,2.0941602380899393,4.28189463848057,1.8993084125233164,4.102514013117884,1.0667932088625427,1.8866105633578967,3.96282478998065,2.4679507137476957,0.7304362556142665,2.5344755220568826,1.689198603806283,3.1420333103123443,0.8846571795238216,2.24948741061445,4.171045102319966,4.00976128239887,2.4334456199897683,1.4075519068637625,0.9587102346200316,0.36074615320654535,2.0288793597315133,1.8713888088972865,2.0699718328200585,1.0224774479646832,2.168427411721022,3.5661110872468824,0.8737650902130909,2.8644745910181806,1.9712913172247122},fitness=net.sf.jclec.fitness.SimpleValueFitness@61baa894[value=389.09069566116744]]
Average fitness = 389.09069566116744
Fitness variance = 0.0
Generation 20 Report
Best individual: net.sf.jclec.realarray.RealArrayIndividual@b065c63[genotype={3.1047334396692423,2.0941602380899393,4.28189463848057,1.8993084125233164,4.102514013117884,1.0667932088625427,1.8866105633578967,3.96282478998065,2.4679507137476957,0.7304362556142665,2.5344755220568826,1.689198603806283,3.1420333103123443,0.8846571795238216,2.24948741061445,4.171045102319966,4.00976128239887,2.4334456199897683,1.4075519068637625,0.9587102346200316,0.36074615320654535,2.0288793597315133,1.8713888088972865,2.0699718328200585,1.0224774479646832,2.168427411721022,3.5661110872468824,0.8737650902130909,2.8644745910181806,1.9712913172247122},fitness=net.sf.jclec.fitness.SimpleValueFitness@490d6c15[value=389.09069566116744]]
Worst individual: net.sf.jclec.realarray.RealArrayIndividual@b065c63[genotype={3.1047334396692423,2.0941602380899393,4.28189463848057,1.8993084125233164,4.102514013117884,1.0667932088625427,1.8866105633578967,3.96282478998065,2.4679507137476957,0.7304362556142665,2.5344755220568826,1.689198603806283,3.1420333103123443,0.8846571795238216,2.24948741061445,4.171045102319966,4.00976128239887,2.4334456199897683,1.4075519068637625,0.9587102346200316,0.36074615320654535,2.0288793597315133,1.8713888088972865,2.0699718328200585,1.0224774479646832,2.168427411721022,3.5661110872468824,0.8737650902130909,2.8644745910181806,1.9712913172247122},fitness=net.sf.jclec.fitness.SimpleValueFitness@490d6c15[value=389.09069566116744]]
Median individual: net.sf.jclec.realarray.RealArrayIndividual@b065c63[genotype={3.1047334396692423,2.0941602380899393,4.28189463848057,1.8993084125233164,4.102514013117884,1.0667932088625427,1.8866105633578967,3.96282478998065,2.4679507137476957,0.7304362556142665,2.5344755220568826,1.689198603806283,3.1420333103123443,0.8846571795238216,2.24948741061445,4.171045102319966,4.00976128239887,2.4334456199897683,1.4075519068637625,0.9587102346200316,0.36074615320654535,2.0288793597315133,1.8713888088972865,2.0699718328200585,1.0224774479646832,2.168427411721022,3.5661110872468824,0.8737650902130909,2.8644745910181806,1.9712913172247122},fitness=net.sf.jclec.fitness.SimpleValueFitness@490d6c15[value=389.09069566116744]]
Average fitness = 389.09069566116744
Fitness variance = 0.0
Generation 30 Report
Best individual: net.sf.jclec.realarray.RealArrayIndividual@7d4793a8[genotype={3.1047334396692423,2.0941602380899393,4.28189463848057,1.8993084125233164,4.102514013117884,1.0667932088625427,1.8866105633578967,3.96282478998065,2.4679507137476957,0.7304362556142665,2.5344755220568826,1.689198603806283,3.1420333103123443,0.8846571795238216,2.24948741061445,4.171045102319966,4.00976128239887,2.4334456199897683,1.4075519068637625,0.9587102346200316,0.36074615320654535,2.0288793597315133,1.8713888088972865,2.0699718328200585,1.0224774479646832,2.168427411721022,3.5661110872468824,0.8737650902130909,2.8644745910181806,1.9712913172247122},fitness=net.sf.jclec.fitness.SimpleValueFitness@5479e3f[value=389.09069566116744]]
Worst individual: net.sf.jclec.realarray.RealArrayIndividual@7d4793a8[genotype={3.1047334396692423,2.0941602380899393,4.28189463848057,1.8993084125233164,4.102514013117884,1.0667932088625427,1.8866105633578967,3.96282478998065,2.4679507137476957,0.7304362556142665,2.5344755220568826,1.689198603806283,3.1420333103123443,0.8846571795238216,2.24948741061445,4.171045102319966,4.00976128239887,2.4334456199897683,1.4075519068637625,0.9587102346200316,0.36074615320654535,2.0288793597315133,1.8713888088972865,2.0699718328200585,1.0224774479646832,2.168427411721022,3.5661110872468824,0.8737650902130909,2.8644745910181806,1.9712913172247122},fitness=net.sf.jclec.fitness.SimpleValueFitness@5479e3f[value=389.09069566116744]]
Median individual: net.sf.jclec.realarray.RealArrayIndividual@7d4793a8[genotype={3.1047334396692423,2.0941602380899393,4.28189463848057,1.8993084125233164,4.102514013117884,1.0667932088625427,1.8866105633578967,3.96282478998065,2.4679507137476957,0.7304362556142665,2.5344755220568826,1.689198603806283,3.1420333103123443,0.8846571795238216,2.24948741061445,4.171045102319966,4.00976128239887,2.4334456199897683,1.4075519068637625,0.9587102346200316,0.36074615320654535,2.0288793597315133,1.8713888088972865,2.0699718328200585,1.0224774479646832,2.168427411721022,3.5661110872468824,0.8737650902130909,2.8644745910181806,1.9712913172247122},fitness=net.sf.jclec.fitness.SimpleValueFitness@5479e3f[value=389.09069566116744]]
Average fitness = 389.09069566116744
Fitness variance = 0.0
Generation 40 Report
Best individual: net.sf.jclec.realarray.RealArrayIndividual@27082746[genotype={3.1047334396692423,2.0941602380899393,4.28189463848057,1.8993084125233164,4.102514013117884,1.0667932088625427,1.8866105633578967,3.96282478998065,2.4679507137476957,0.7304362556142665,2.5344755220568826,1.689198603806283,3.1420333103123443,0.8846571795238216,2.24948741061445,4.171045102319966,4.00976128239887,2.4334456199897683,1.4075519068637625,0.9587102346200316,0.36074615320654535,2.0288793597315133,1.8713888088972865,2.0699718328200585,1.0224774479646832,2.168427411721022,3.5661110872468824,0.8737650902130909,2.8644745910181806,1.9712913172247122},fitness=net.sf.jclec.fitness.SimpleValueFitness@7bfcd12c[value=389.09069566116744]]
Worst individual: net.sf.jclec.realarray.RealArrayIndividual@27082746[genotype={3.1047334396692423,2.0941602380899393,4.28189463848057,1.8993084125233164,4.102514013117884,1.0667932088625427,1.8866105633578967,3.96282478998065,2.4679507137476957,0.7304362556142665,2.5344755220568826,1.689198603806283,3.1420333103123443,0.8846571795238216,2.24948741061445,4.171045102319966,4.00976128239887,2.4334456199897683,1.4075519068637625,0.9587102346200316,0.36074615320654535,2.0288793597315133,1.8713888088972865,2.0699718328200585,1.0224774479646832,2.168427411721022,3.5661110872468824,0.8737650902130909,2.8644745910181806,1.9712913172247122},fitness=net.sf.jclec.fitness.SimpleValueFitness@7bfcd12c[value=389.09069566116744]]
Median individual: net.sf.jclec.realarray.RealArrayIndividual@27082746[genotype={3.1047334396692423,2.0941602380899393,4.28189463848057,1.8993084125233164,4.102514013117884,1.0667932088625427,1.8866105633578967,3.96282478998065,2.4679507137476957,0.7304362556142665,2.5344755220568826,1.689198603806283,3.1420333103123443,0.8846571795238216,2.24948741061445,4.171045102319966,4.00976128239887,2.4334456199897683,1.4075519068637625,0.9587102346200316,0.36074615320654535,2.0288793597315133,1.8713888088972865,2.0699718328200585,1.0224774479646832,2.168427411721022,3.5661110872468824,0.8737650902130909,2.8644745910181806,1.9712913172247122},fitness=net.sf.jclec.fitness.SimpleValueFitness@7bfcd12c[value=389.09069566116744]]
Average fitness = 389.09069566116744
Fitness variance = 0.0
Generation 50 Report
Best individual: net.sf.jclec.realarray.RealArrayIndividual@42f30e0a[genotype={3.1047334396692423,0.1417594767995385,3.0286323066356045,2.0601431694264507,2.176366906233283,1.6438736574134263,1.8866105633578967,5.081405896186602,4.206631595584688,0.0,2.5344755220568826,1.689198603806283,1.155794100916258,2.2784162339564205,2.567531275729558,3.0014075864599965,2.752431546247375,3.8318780344653605,1.5876941156158235,0.0,0.0,0.04481317369303861,1.8713888088972865,1.1817429251394473,2.850199988111825,0.8576126419407055,2.4654715654701906,0.8737650902130909,2.8644745910181806,3.894175065123246},fitness=net.sf.jclec.fitness.SimpleValueFitness@5b1d2887[value=364.87926035978876]]
Worst individual: net.sf.jclec.realarray.RealArrayIndividual@42f30e0a[genotype={3.1047334396692423,0.1417594767995385,3.0286323066356045,2.0601431694264507,2.176366906233283,1.6438736574134263,1.8866105633578967,5.081405896186602,4.206631595584688,0.0,2.5344755220568826,1.689198603806283,1.155794100916258,2.2784162339564205,2.567531275729558,3.0014075864599965,2.752431546247375,3.8318780344653605,1.5876941156158235,0.0,0.0,0.04481317369303861,1.8713888088972865,1.1817429251394473,2.850199988111825,0.8576126419407055,2.4654715654701906,0.8737650902130909,2.8644745910181806,3.894175065123246},fitness=net.sf.jclec.fitness.SimpleValueFitness@5b1d2887[value=364.87926035978876]]
Median individual: net.sf.jclec.realarray.RealArrayIndividual@42f30e0a[genotype={3.1047334396692423,0.1417594767995385,3.0286323066356045,2.0601431694264507,2.176366906233283,1.6438736574134263,1.8866105633578967,5.081405896186602,4.206631595584688,0.0,2.5344755220568826,1.689198603806283,1.155794100916258,2.2784162339564205,2.567531275729558,3.0014075864599965,2.752431546247375,3.8318780344653605,1.5876941156158235,0.0,0.0,0.04481317369303861,1.8713888088972865,1.1817429251394473,2.850199988111825,0.8576126419407055,2.4654715654701906,0.8737650902130909,2.8644745910181806,3.894175065123246},fitness=net.sf.jclec.fitness.SimpleValueFitness@5b1d2887[value=364.87926035978876]]
Average fitness = 364.87926035978876
Fitness variance = 0.0
Generation 60 Report
Best individual: net.sf.jclec.realarray.RealArrayIndividual@46f5f779[genotype={3.1047334396692423,0.1417594767995385,3.0286323066356045,2.0601431694264507,2.176366906233283,1.6438736574134263,1.8866105633578967,5.081405896186602,4.206631595584688,0.0,2.5344755220568826,1.689198603806283,1.155794100916258,2.2784162339564205,2.567531275729558,3.0014075864599965,2.752431546247375,3.8318780344653605,1.5876941156158235,0.0,0.0,0.04481317369303861,1.8713888088972865,1.1817429251394473,2.850199988111825,0.8576126419407055,2.4654715654701906,0.8737650902130909,2.8644745910181806,3.894175065123246},fitness=net.sf.jclec.fitness.SimpleValueFitness@18e8568[value=364.87926035978876]]
Worst individual: net.sf.jclec.realarray.RealArrayIndividual@46f5f779[genotype={3.1047334396692423,0.1417594767995385,3.0286323066356045,2.0601431694264507,2.176366906233283,1.6438736574134263,1.8866105633578967,5.081405896186602,4.206631595584688,0.0,2.5344755220568826,1.689198603806283,1.155794100916258,2.2784162339564205,2.567531275729558,3.0014075864599965,2.752431546247375,3.8318780344653605,1.5876941156158235,0.0,0.0,0.04481317369303861,1.8713888088972865,1.1817429251394473,2.850199988111825,0.8576126419407055,2.4654715654701906,0.8737650902130909,2.8644745910181806,3.894175065123246},fitness=net.sf.jclec.fitness.SimpleValueFitness@18e8568[value=364.87926035978876]]
Median individual: net.sf.jclec.realarray.RealArrayIndividual@46f5f779[genotype={3.1047334396692423,0.1417594767995385,3.0286323066356045,2.0601431694264507,2.176366906233283,1.6438736574134263,1.8866105633578967,5.081405896186602,4.206631595584688,0.0,2.5344755220568826,1.689198603806283,1.155794100916258,2.2784162339564205,2.567531275729558,3.0014075864599965,2.752431546247375,3.8318780344653605,1.5876941156158235,0.0,0.0,0.04481317369303861,1.8713888088972865,1.1817429251394473,2.850199988111825,0.8576126419407055,2.4654715654701906,0.8737650902130909,2.8644745910181806,3.894175065123246},fitness=net.sf.jclec.fitness.SimpleValueFitness@18e8568[value=364.87926035978876]]
Average fitness = 364.87926035978876
Fitness variance = 0.0
Generation 70 Report
Best individual: net.sf.jclec.realarray.RealArrayIndividual@33e5ccce[genotype={3.1047334396692423,0.1417594767995385,3.0286323066356045,2.0601431694264507,2.176366906233283,1.6438736574134263,1.8866105633578967,5.081405896186602,4.206631595584688,0.0,2.5344755220568826,1.689198603806283,1.155794100916258,2.2784162339564205,2.567531275729558,3.0014075864599965,2.752431546247375,3.8318780344653605,1.5876941156158235,0.0,0.0,0.04481317369303861,1.8713888088972865,1.1817429251394473,2.850199988111825,0.8576126419407055,2.4654715654701906,0.8737650902130909,2.8644745910181806,3.894175065123246},fitness=net.sf.jclec.fitness.SimpleValueFitness@270421f5[value=364.87926035978876]]
Worst individual: net.sf.jclec.realarray.RealArrayIndividual@33e5ccce[genotype={3.1047334396692423,0.1417594767995385,3.0286323066356045,2.0601431694264507,2.176366906233283,1.6438736574134263,1.8866105633578967,5.081405896186602,4.206631595584688,0.0,2.5344755220568826,1.689198603806283,1.155794100916258,2.2784162339564205,2.567531275729558,3.0014075864599965,2.752431546247375,3.8318780344653605,1.5876941156158235,0.0,0.0,0.04481317369303861,1.8713888088972865,1.1817429251394473,2.850199988111825,0.8576126419407055,2.4654715654701906,0.8737650902130909,2.8644745910181806,3.894175065123246},fitness=net.sf.jclec.fitness.SimpleValueFitness@270421f5[value=364.87926035978876]]
Median individual: net.sf.jclec.realarray.RealArrayIndividual@33e5ccce[genotype={3.1047334396692423,0.1417594767995385,3.0286323066356045,2.0601431694264507,2.176366906233283,1.6438736574134263,1.8866105633578967,5.081405896186602,4.206631595584688,0.0,2.5344755220568826,1.689198603806283,1.155794100916258,2.2784162339564205,2.567531275729558,3.0014075864599965,2.752431546247375,3.8318780344653605,1.5876941156158235,0.0,0.0,0.04481317369303861,1.8713888088972865,1.1817429251394473,2.850199988111825,0.8576126419407055,2.4654715654701906,0.8737650902130909,2.8644745910181806,3.894175065123246},fitness=net.sf.jclec.fitness.SimpleValueFitness@270421f5[value=364.87926035978876]]
Average fitness = 364.87926035978876
Fitness variance = 0.0
Generation 80 Report
Best individual: net.sf.jclec.realarray.RealArrayIndividual@52d455b8[genotype={3.1047334396692423,0.0,1.935381145858652,2.0601431694264507,3.3549451908260384,1.6438736574134263,1.8866105633578967,3.498611006574549,5.12,0.0,2.8347734727506126,0.0,2.054399737080465,1.5041071667811736,1.481768147959642,4.354042087283361,4.015328746657745,3.6945735370616317,0.0,0.0,0.7932425511517023,0.04481317369303861,1.8713888088972865,1.1817429251394473,3.218628228935639,0.8576126419407055,1.2520780253682338,0.09176800154097409,0.9711765491257358,3.227768656267024},fitness=net.sf.jclec.fitness.SimpleValueFitness@18ef96[value=353.58583098010723]]
Worst individual: net.sf.jclec.realarray.RealArrayIndividual@52d455b8[genotype={3.1047334396692423,0.0,1.935381145858652,2.0601431694264507,3.3549451908260384,1.6438736574134263,1.8866105633578967,3.498611006574549,5.12,0.0,2.8347734727506126,0.0,2.054399737080465,1.5041071667811736,1.481768147959642,4.354042087283361,4.015328746657745,3.6945735370616317,0.0,0.0,0.7932425511517023,0.04481317369303861,1.8713888088972865,1.1817429251394473,3.218628228935639,0.8576126419407055,1.2520780253682338,0.09176800154097409,0.9711765491257358,3.227768656267024},fitness=net.sf.jclec.fitness.SimpleValueFitness@18ef96[value=353.58583098010723]]
Median individual: net.sf.jclec.realarray.RealArrayIndividual@52d455b8[genotype={3.1047334396692423,0.0,1.935381145858652,2.0601431694264507,3.3549451908260384,1.6438736574134263,1.8866105633578967,3.498611006574549,5.12,0.0,2.8347734727506126,0.0,2.054399737080465,1.5041071667811736,1.481768147959642,4.354042087283361,4.015328746657745,3.6945735370616317,0.0,0.0,0.7932425511517023,0.04481317369303861,1.8713888088972865,1.1817429251394473,3.218628228935639,0.8576126419407055,1.2520780253682338,0.09176800154097409,0.9711765491257358,3.227768656267024},fitness=net.sf.jclec.fitness.SimpleValueFitness@18ef96[value=353.58583098010723]]
Average fitness = 353.58583098010723
Fitness variance = 0.0
Generation 90 Report
Best individual: net.sf.jclec.realarray.RealArrayIndividual@6956de9[genotype={3.1047334396692423,0.0,1.935381145858652,2.0601431694264507,3.3549451908260384,1.6438736574134263,1.8866105633578967,3.498611006574549,5.12,0.0,2.8347734727506126,0.0,2.054399737080465,1.5041071667811736,1.481768147959642,4.354042087283361,4.015328746657745,3.6945735370616317,0.0,0.0,0.7932425511517023,0.04481317369303861,1.8713888088972865,1.1817429251394473,3.218628228935639,0.8576126419407055,1.2520780253682338,0.09176800154097409,0.9711765491257358,3.227768656267024},fitness=net.sf.jclec.fitness.SimpleValueFitness@6aceb1a5[value=353.58583098010723]]
Worst individual: net.sf.jclec.realarray.RealArrayIndividual@6956de9[genotype={3.1047334396692423,0.0,1.935381145858652,2.0601431694264507,3.3549451908260384,1.6438736574134263,1.8866105633578967,3.498611006574549,5.12,0.0,2.8347734727506126,0.0,2.054399737080465,1.5041071667811736,1.481768147959642,4.354042087283361,4.015328746657745,3.6945735370616317,0.0,0.0,0.7932425511517023,0.04481317369303861,1.8713888088972865,1.1817429251394473,3.218628228935639,0.8576126419407055,1.2520780253682338,0.09176800154097409,0.9711765491257358,3.227768656267024},fitness=net.sf.jclec.fitness.SimpleValueFitness@6aceb1a5[value=353.58583098010723]]
Median individual: net.sf.jclec.realarray.RealArrayIndividual@6956de9[genotype={3.1047334396692423,0.0,1.935381145858652,2.0601431694264507,3.3549451908260384,1.6438736574134263,1.8866105633578967,3.498611006574549,5.12,0.0,2.8347734727506126,0.0,2.054399737080465,1.5041071667811736,1.481768147959642,4.354042087283361,4.015328746657745,3.6945735370616317,0.0,0.0,0.7932425511517023,0.04481317369303861,1.8713888088972865,1.1817429251394473,3.218628228935639,0.8576126419407055,1.2520780253682338,0.09176800154097409,0.9711765491257358,3.227768656267024},fitness=net.sf.jclec.fitness.SimpleValueFitness@6aceb1a5[value=353.58583098010723]]
Average fitness = 353.58583098010723
Fitness variance = 0.0
Generation 100 Report
Best individual: net.sf.jclec.realarray.RealArrayIndividual@2d6d8735[genotype={2.8507974423888918,0.38802926604535815,1.1136048535858452,2.8029453654267398,4.747180596393235,1.3906811783016293,1.7499267999176489,3.432470408077889,5.12,0.0,2.8347734727506126,0.0,0.8569027598986789,0.0,1.481768147959642,2.0242948154496223,4.015328746657745,1.9117347588224398,0.0,1.8532007665390902,1.2621233891725514,0.897929369372723,0.6534782889927477,1.0153688840585602,5.12,0.0,2.369914562003363,0.0,0.0,2.875501788394576},fitness=net.sf.jclec.fitness.SimpleValueFitness@12bc6874[value=340.96327106646254]]
Worst individual: net.sf.jclec.realarray.RealArrayIndividual@2d6d8735[genotype={2.8507974423888918,0.38802926604535815,1.1136048535858452,2.8029453654267398,4.747180596393235,1.3906811783016293,1.7499267999176489,3.432470408077889,5.12,0.0,2.8347734727506126,0.0,0.8569027598986789,0.0,1.481768147959642,2.0242948154496223,4.015328746657745,1.9117347588224398,0.0,1.8532007665390902,1.2621233891725514,0.897929369372723,0.6534782889927477,1.0153688840585602,5.12,0.0,2.369914562003363,0.0,0.0,2.875501788394576},fitness=net.sf.jclec.fitness.SimpleValueFitness@12bc6874[value=340.96327106646254]]
Median individual: net.sf.jclec.realarray.RealArrayIndividual@2d6d8735[genotype={2.8507974423888918,0.38802926604535815,1.1136048535858452,2.8029453654267398,4.747180596393235,1.3906811783016293,1.7499267999176489,3.432470408077889,5.12,0.0,2.8347734727506126,0.0,0.8569027598986789,0.0,1.481768147959642,2.0242948154496223,4.015328746657745,1.9117347588224398,0.0,1.8532007665390902,1.2621233891725514,0.897929369372723,0.6534782889927477,1.0153688840585602,5.12,0.0,2.369914562003363,0.0,0.0,2.875501788394576},fitness=net.sf.jclec.fitness.SimpleValueFitness@12bc6874[value=340.96327106646254]]
Average fitness = 340.96327106646254
Fitness variance = 0.0
Generation 110 Report
Best individual: net.sf.jclec.realarray.RealArrayIndividual@de0a01f[genotype={2.8507974423888918,0.38802926604535815,1.1136048535858452,2.8029453654267398,4.747180596393235,1.3906811783016293,1.7499267999176489,3.432470408077889,5.12,0.0,2.8347734727506126,0.0,0.8569027598986789,0.0,1.481768147959642,2.0242948154496223,4.015328746657745,1.9117347588224398,0.0,1.8532007665390902,1.2621233891725514,0.897929369372723,0.6534782889927477,1.0153688840585602,5.12,0.0,2.369914562003363,0.0,0.0,2.875501788394576},fitness=net.sf.jclec.fitness.SimpleValueFitness@1ef7fe8e[value=340.96327106646254]]
Worst individual: net.sf.jclec.realarray.RealArrayIndividual@de0a01f[genotype={2.8507974423888918,0.38802926604535815,1.1136048535858452,2.8029453654267398,4.747180596393235,1.3906811783016293,1.7499267999176489,3.432470408077889,5.12,0.0,2.8347734727506126,0.0,0.8569027598986789,0.0,1.481768147959642,2.0242948154496223,4.015328746657745,1.9117347588224398,0.0,1.8532007665390902,1.2621233891725514,0.897929369372723,0.6534782889927477,1.0153688840585602,5.12,0.0,2.369914562003363,0.0,0.0,2.875501788394576},fitness=net.sf.jclec.fitness.SimpleValueFitness@1ef7fe8e[value=340.96327106646254]]
Median individual: net.sf.jclec.realarray.RealArrayIndividual@de0a01f[genotype={2.8507974423888918,0.38802926604535815,1.1136048535858452,2.8029453654267398,4.747180596393235,1.3906811783016293,1.7499267999176489,3.432470408077889,5.12,0.0,2.8347734727506126,0.0,0.8569027598986789,0.0,1.481768147959642,2.0242948154496223,4.015328746657745,1.9117347588224398,0.0,1.8532007665390902,1.2621233891725514,0.897929369372723,0.6534782889927477,1.0153688840585602,5.12,0.0,2.369914562003363,0.0,0.0,2.875501788394576},fitness=net.sf.jclec.fitness.SimpleValueFitness@1ef7fe8e[value=340.96327106646254]]
Average fitness = 340.96327106646254
Fitness variance = 0.0
Generation 120 Report
Best individual: net.sf.jclec.realarray.RealArrayIndividual@6f79caec[genotype={2.8507974423888918,0.38802926604535815,1.1136048535858452,2.8029453654267398,4.747180596393235,1.3906811783016293,1.7499267999176489,3.432470408077889,5.12,0.0,2.8347734727506126,0.0,0.8569027598986789,0.0,1.481768147959642,2.0242948154496223,4.015328746657745,1.9117347588224398,0.0,1.8532007665390902,1.2621233891725514,0.897929369372723,0.6534782889927477,1.0153688840585602,5.12,0.0,2.369914562003363,0.0,0.0,2.875501788394576},fitness=net.sf.jclec.fitness.SimpleValueFitness@5d3411d[value=340.96327106646254]]
Worst individual: net.sf.jclec.realarray.RealArrayIndividual@6f79caec[genotype={2.8507974423888918,0.38802926604535815,1.1136048535858452,2.8029453654267398,4.747180596393235,1.3906811783016293,1.7499267999176489,3.432470408077889,5.12,0.0,2.8347734727506126,0.0,0.8569027598986789,0.0,1.481768147959642,2.0242948154496223,4.015328746657745,1.9117347588224398,0.0,1.8532007665390902,1.2621233891725514,0.897929369372723,0.6534782889927477,1.0153688840585602,5.12,0.0,2.369914562003363,0.0,0.0,2.875501788394576},fitness=net.sf.jclec.fitness.SimpleValueFitness@5d3411d[value=340.96327106646254]]
Median individual: net.sf.jclec.realarray.RealArrayIndividual@6f79caec[genotype={2.8507974423888918,0.38802926604535815,1.1136048535858452,2.8029453654267398,4.747180596393235,1.3906811783016293,1.7499267999176489,3.432470408077889,5.12,0.0,2.8347734727506126,0.0,0.8569027598986789,0.0,1.481768147959642,2.0242948154496223,4.015328746657745,1.9117347588224398,0.0,1.8532007665390902,1.2621233891725514,0.897929369372723,0.6534782889927477,1.0153688840585602,5.12,0.0,2.369914562003363,0.0,0.0,2.875501788394576},fitness=net.sf.jclec.fitness.SimpleValueFitness@5d3411d[value=340.96327106646254]]
Average fitness = 340.96327106646254
Fitness variance = 0.0
Generation 130 Report
Best individual: net.sf.jclec.realarray.RealArrayIndividual@2471cca7[genotype={2.8507974423888918,0.38802926604535815,1.1136048535858452,2.8029453654267398,4.747180596393235,1.3906811783016293,1.7499267999176489,3.432470408077889,5.12,0.0,2.8347734727506126,0.0,0.8569027598986789,0.0,1.481768147959642,2.0242948154496223,4.015328746657745,1.9117347588224398,0.0,1.8532007665390902,1.2621233891725514,0.897929369372723,0.6534782889927477,1.0153688840585602,5.12,0.0,2.369914562003363,0.0,0.0,2.875501788394576},fitness=net.sf.jclec.fitness.SimpleValueFitness@6979e8cb[value=340.96327106646254]]
Worst individual: net.sf.jclec.realarray.RealArrayIndividual@2471cca7[genotype={2.8507974423888918,0.38802926604535815,1.1136048535858452,2.8029453654267398,4.747180596393235,1.3906811783016293,1.7499267999176489,3.432470408077889,5.12,0.0,2.8347734727506126,0.0,0.8569027598986789,0.0,1.481768147959642,2.0242948154496223,4.015328746657745,1.9117347588224398,0.0,1.8532007665390902,1.2621233891725514,0.897929369372723,0.6534782889927477,1.0153688840585602,5.12,0.0,2.369914562003363,0.0,0.0,2.875501788394576},fitness=net.sf.jclec.fitness.SimpleValueFitness@6979e8cb[value=340.96327106646254]]
Median individual: net.sf.jclec.realarray.RealArrayIndividual@2471cca7[genotype={2.8507974423888918,0.38802926604535815,1.1136048535858452,2.8029453654267398,4.747180596393235,1.3906811783016293,1.7499267999176489,3.432470408077889,5.12,0.0,2.8347734727506126,0.0,0.8569027598986789,0.0,1.481768147959642,2.0242948154496223,4.015328746657745,1.9117347588224398,0.0,1.8532007665390902,1.2621233891725514,0.897929369372723,0.6534782889927477,1.0153688840585602,5.12,0.0,2.369914562003363,0.0,0.0,2.875501788394576},fitness=net.sf.jclec.fitness.SimpleValueFitness@6979e8cb[value=340.96327106646254]]
Average fitness = 340.96327106646254
Fitness variance = 0.0
Generation 140 Report
Best individual: net.sf.jclec.realarray.RealArrayIndividual@763d9750[genotype={2.8507974423888918,0.38802926604535815,1.1136048535858452,2.8029453654267398,4.747180596393235,1.3906811783016293,1.7499267999176489,3.432470408077889,5.12,0.0,2.8347734727506126,0.0,0.8569027598986789,0.0,1.481768147959642,2.0242948154496223,4.015328746657745,1.9117347588224398,0.0,1.8532007665390902,1.2621233891725514,0.897929369372723,0.6534782889927477,1.0153688840585602,5.12,0.0,2.369914562003363,0.0,0.0,2.875501788394576},fitness=net.sf.jclec.fitness.SimpleValueFitness@2be94b0f[value=340.96327106646254]]
Worst individual: net.sf.jclec.realarray.RealArrayIndividual@763d9750[genotype={2.8507974423888918,0.38802926604535815,1.1136048535858452,2.8029453654267398,4.747180596393235,1.3906811783016293,1.7499267999176489,3.432470408077889,5.12,0.0,2.8347734727506126,0.0,0.8569027598986789,0.0,1.481768147959642,2.0242948154496223,4.015328746657745,1.9117347588224398,0.0,1.8532007665390902,1.2621233891725514,0.897929369372723,0.6534782889927477,1.0153688840585602,5.12,0.0,2.369914562003363,0.0,0.0,2.875501788394576},fitness=net.sf.jclec.fitness.SimpleValueFitness@2be94b0f[value=340.96327106646254]]
Median individual: net.sf.jclec.realarray.RealArrayIndividual@763d9750[genotype={2.8507974423888918,0.38802926604535815,1.1136048535858452,2.8029453654267398,4.747180596393235,1.3906811783016293,1.7499267999176489,3.432470408077889,5.12,0.0,2.8347734727506126,0.0,0.8569027598986789,0.0,1.481768147959642,2.0242948154496223,4.015328746657745,1.9117347588224398,0.0,1.8532007665390902,1.2621233891725514,0.897929369372723,0.6534782889927477,1.0153688840585602,5.12,0.0,2.369914562003363,0.0,0.0,2.875501788394576},fitness=net.sf.jclec.fitness.SimpleValueFitness@2be94b0f[value=340.96327106646254]]
Average fitness = 340.96327106646254
Fitness variance = 0.0
Generation 150 Report
Best individual: net.sf.jclec.realarray.RealArrayIndividual@d70c109[genotype={2.8507974423888918,1.9703301347138646,0.0,2.8029453654267398,4.747180596393235,0.0,3.244157104076316,3.5369914270818668,5.12,0.0,2.8347734727506126,0.4807401230579553,0.8569027598986789,0.0,0.0,1.140724381551566,5.12,1.9117347588224398,0.0,1.8532007665390902,0.0,0.0,0.6534782889927477,0.8553495793150927,5.12,1.2685097881195917,3.17595977024397,0.0,0.6974677321920746,2.875501788394576},fitness=net.sf.jclec.fitness.SimpleValueFitness@50675690[value=331.8634114856873]]
Worst individual: net.sf.jclec.realarray.RealArrayIndividual@d70c109[genotype={2.8507974423888918,1.9703301347138646,0.0,2.8029453654267398,4.747180596393235,0.0,3.244157104076316,3.5369914270818668,5.12,0.0,2.8347734727506126,0.4807401230579553,0.8569027598986789,0.0,0.0,1.140724381551566,5.12,1.9117347588224398,0.0,1.8532007665390902,0.0,0.0,0.6534782889927477,0.8553495793150927,5.12,1.2685097881195917,3.17595977024397,0.0,0.6974677321920746,2.875501788394576},fitness=net.sf.jclec.fitness.SimpleValueFitness@50675690[value=331.8634114856873]]
Median individual: net.sf.jclec.realarray.RealArrayIndividual@d70c109[genotype={2.8507974423888918,1.9703301347138646,0.0,2.8029453654267398,4.747180596393235,0.0,3.244157104076316,3.5369914270818668,5.12,0.0,2.8347734727506126,0.4807401230579553,0.8569027598986789,0.0,0.0,1.140724381551566,5.12,1.9117347588224398,0.0,1.8532007665390902,0.0,0.0,0.6534782889927477,0.8553495793150927,5.12,1.2685097881195917,3.17595977024397,0.0,0.6974677321920746,2.875501788394576},fitness=net.sf.jclec.fitness.SimpleValueFitness@50675690[value=331.8634114856873]]
Average fitness = 331.8634114856873
Fitness variance = 0.0
Generation 160 Report
Best individual: net.sf.jclec.realarray.RealArrayIndividual@31b7dea0[genotype={2.8507974423888918,1.9703301347138646,0.0,2.8029453654267398,4.747180596393235,0.0,3.244157104076316,3.5369914270818668,5.12,0.0,2.8347734727506126,0.4807401230579553,0.8569027598986789,0.0,0.0,1.140724381551566,5.12,1.9117347588224398,0.0,1.8532007665390902,0.0,0.0,0.6534782889927477,0.8553495793150927,5.12,1.2685097881195917,3.17595977024397,0.0,0.6974677321920746,2.875501788394576},fitness=net.sf.jclec.fitness.SimpleValueFitness@47d384ee[value=331.8634114856873]]
Worst individual: net.sf.jclec.realarray.RealArrayIndividual@31b7dea0[genotype={2.8507974423888918,1.9703301347138646,0.0,2.8029453654267398,4.747180596393235,0.0,3.244157104076316,3.5369914270818668,5.12,0.0,2.8347734727506126,0.4807401230579553,0.8569027598986789,0.0,0.0,1.140724381551566,5.12,1.9117347588224398,0.0,1.8532007665390902,0.0,0.0,0.6534782889927477,0.8553495793150927,5.12,1.2685097881195917,3.17595977024397,0.0,0.6974677321920746,2.875501788394576},fitness=net.sf.jclec.fitness.SimpleValueFitness@47d384ee[value=331.8634114856873]]
Median individual: net.sf.jclec.realarray.RealArrayIndividual@31b7dea0[genotype={2.8507974423888918,1.9703301347138646,0.0,2.8029453654267398,4.747180596393235,0.0,3.244157104076316,3.5369914270818668,5.12,0.0,2.8347734727506126,0.4807401230579553,0.8569027598986789,0.0,0.0,1.140724381551566,5.12,1.9117347588224398,0.0,1.8532007665390902,0.0,0.0,0.6534782889927477,0.8553495793150927,5.12,1.2685097881195917,3.17595977024397,0.0,0.6974677321920746,2.875501788394576},fitness=net.sf.jclec.fitness.SimpleValueFitness@47d384ee[value=331.8634114856873]]
Average fitness = 331.8634114856873
Fitness variance = 0.0
Generation 170 Report
Best individual: net.sf.jclec.realarray.RealArrayIndividual@2d6a9952[genotype={2.8507974423888918,1.9703301347138646,0.0,2.8029453654267398,4.747180596393235,0.0,3.244157104076316,3.5369914270818668,5.12,0.0,2.8347734727506126,0.4807401230579553,0.8569027598986789,0.0,0.0,1.140724381551566,5.12,1.9117347588224398,0.0,1.8532007665390902,0.0,0.0,0.6534782889927477,0.8553495793150927,5.12,1.2685097881195917,3.17595977024397,0.0,0.6974677321920746,2.875501788394576},fitness=net.sf.jclec.fitness.SimpleValueFitness@3930015a[value=331.8634114856873]]
Worst individual: net.sf.jclec.realarray.RealArrayIndividual@2d6a9952[genotype={2.8507974423888918,1.9703301347138646,0.0,2.8029453654267398,4.747180596393235,0.0,3.244157104076316,3.5369914270818668,5.12,0.0,2.8347734727506126,0.4807401230579553,0.8569027598986789,0.0,0.0,1.140724381551566,5.12,1.9117347588224398,0.0,1.8532007665390902,0.0,0.0,0.6534782889927477,0.8553495793150927,5.12,1.2685097881195917,3.17595977024397,0.0,0.6974677321920746,2.875501788394576},fitness=net.sf.jclec.fitness.SimpleValueFitness@3930015a[value=331.8634114856873]]
Median individual: net.sf.jclec.realarray.RealArrayIndividual@2d6a9952[genotype={2.8507974423888918,1.9703301347138646,0.0,2.8029453654267398,4.747180596393235,0.0,3.244157104076316,3.5369914270818668,5.12,0.0,2.8347734727506126,0.4807401230579553,0.8569027598986789,0.0,0.0,1.140724381551566,5.12,1.9117347588224398,0.0,1.8532007665390902,0.0,0.0,0.6534782889927477,0.8553495793150927,5.12,1.2685097881195917,3.17595977024397,0.0,0.6974677321920746,2.875501788394576},fitness=net.sf.jclec.fitness.SimpleValueFitness@3930015a[value=331.8634114856873]]
Average fitness = 331.8634114856873
Fitness variance = 0.0
Generation 180 Report
Best individual: net.sf.jclec.realarray.RealArrayIndividual@629f0666[genotype={2.8507974423888918,1.9703301347138646,0.0,2.8029453654267398,4.747180596393235,0.0,3.244157104076316,3.5369914270818668,5.12,0.0,2.8347734727506126,0.4807401230579553,0.8569027598986789,0.0,0.0,1.140724381551566,5.12,1.9117347588224398,0.0,1.8532007665390902,0.0,0.0,0.6534782889927477,0.8553495793150927,5.12,1.2685097881195917,3.17595977024397,0.0,0.6974677321920746,2.875501788394576},fitness=net.sf.jclec.fitness.SimpleValueFitness@1ff8b8f[value=331.8634114856873]]
Worst individual: net.sf.jclec.realarray.RealArrayIndividual@629f0666[genotype={2.8507974423888918,1.9703301347138646,0.0,2.8029453654267398,4.747180596393235,0.0,3.244157104076316,3.5369914270818668,5.12,0.0,2.8347734727506126,0.4807401230579553,0.8569027598986789,0.0,0.0,1.140724381551566,5.12,1.9117347588224398,0.0,1.8532007665390902,0.0,0.0,0.6534782889927477,0.8553495793150927,5.12,1.2685097881195917,3.17595977024397,0.0,0.6974677321920746,2.875501788394576},fitness=net.sf.jclec.fitness.SimpleValueFitness@1ff8b8f[value=331.8634114856873]]
Median individual: net.sf.jclec.realarray.RealArrayIndividual@629f0666[genotype={2.8507974423888918,1.9703301347138646,0.0,2.8029453654267398,4.747180596393235,0.0,3.244157104076316,3.5369914270818668,5.12,0.0,2.8347734727506126,0.4807401230579553,0.8569027598986789,0.0,0.0,1.140724381551566,5.12,1.9117347588224398,0.0,1.8532007665390902,0.0,0.0,0.6534782889927477,0.8553495793150927,5.12,1.2685097881195917,3.17595977024397,0.0,0.6974677321920746,2.875501788394576},fitness=net.sf.jclec.fitness.SimpleValueFitness@1ff8b8f[value=331.8634114856873]]
Average fitness = 331.8634114856873
Fitness variance = 0.0
Generation 190 Report
Best individual: net.sf.jclec.realarray.RealArrayIndividual@387c703b[genotype={2.8507974423888918,1.9703301347138646,0.0,2.8029453654267398,4.747180596393235,0.0,3.244157104076316,3.5369914270818668,5.12,0.0,2.8347734727506126,0.4807401230579553,0.8569027598986789,0.0,0.0,1.140724381551566,5.12,1.9117347588224398,0.0,1.8532007665390902,0.0,0.0,0.6534782889927477,0.8553495793150927,5.12,1.2685097881195917,3.17595977024397,0.0,0.6974677321920746,2.875501788394576},fitness=net.sf.jclec.fitness.SimpleValueFitness@c39f790[value=331.8634114856873]]
Worst individual: net.sf.jclec.realarray.RealArrayIndividual@387c703b[genotype={2.8507974423888918,1.9703301347138646,0.0,2.8029453654267398,4.747180596393235,0.0,3.244157104076316,3.5369914270818668,5.12,0.0,2.8347734727506126,0.4807401230579553,0.8569027598986789,0.0,0.0,1.140724381551566,5.12,1.9117347588224398,0.0,1.8532007665390902,0.0,0.0,0.6534782889927477,0.8553495793150927,5.12,1.2685097881195917,3.17595977024397,0.0,0.6974677321920746,2.875501788394576},fitness=net.sf.jclec.fitness.SimpleValueFitness@c39f790[value=331.8634114856873]]
Median individual: net.sf.jclec.realarray.RealArrayIndividual@387c703b[genotype={2.8507974423888918,1.9703301347138646,0.0,2.8029453654267398,4.747180596393235,0.0,3.244157104076316,3.5369914270818668,5.12,0.0,2.8347734727506126,0.4807401230579553,0.8569027598986789,0.0,0.0,1.140724381551566,5.12,1.9117347588224398,0.0,1.8532007665390902,0.0,0.0,0.6534782889927477,0.8553495793150927,5.12,1.2685097881195917,3.17595977024397,0.0,0.6974677321920746,2.875501788394576},fitness=net.sf.jclec.fitness.SimpleValueFitness@c39f790[value=331.8634114856873]]
Average fitness = 331.8634114856873
Fitness variance = 0.0
Generation 200 Report
Best individual: net.sf.jclec.realarray.RealArrayIndividual@71e7a66b[genotype={2.8507974423888918,1.9703301347138646,0.0,2.8029453654267398,4.747180596393235,0.0,3.244157104076316,3.5369914270818668,5.12,0.0,2.8347734727506126,0.4807401230579553,0.8569027598986789,0.0,0.0,1.140724381551566,5.12,1.9117347588224398,0.0,1.8532007665390902,0.0,0.0,0.6534782889927477,0.8553495793150927,5.12,1.2685097881195917,3.17595977024397,0.0,0.6974677321920746,2.875501788394576},fitness=net.sf.jclec.fitness.SimpleValueFitness@5f150435[value=331.8634114856873]]
Worst individual: net.sf.jclec.realarray.RealArrayIndividual@71e7a66b[genotype={2.8507974423888918,1.9703301347138646,0.0,2.8029453654267398,4.747180596393235,0.0,3.244157104076316,3.5369914270818668,5.12,0.0,2.8347734727506126,0.4807401230579553,0.8569027598986789,0.0,0.0,1.140724381551566,5.12,1.9117347588224398,0.0,1.8532007665390902,0.0,0.0,0.6534782889927477,0.8553495793150927,5.12,1.2685097881195917,3.17595977024397,0.0,0.6974677321920746,2.875501788394576},fitness=net.sf.jclec.fitness.SimpleValueFitness@5f150435[value=331.8634114856873]]
Median individual: net.sf.jclec.realarray.RealArrayIndividual@71e7a66b[genotype={2.8507974423888918,1.9703301347138646,0.0,2.8029453654267398,4.747180596393235,0.0,3.244157104076316,3.5369914270818668,5.12,0.0,2.8347734727506126,0.4807401230579553,0.8569027598986789,0.0,0.0,1.140724381551566,5.12,1.9117347588224398,0.0,1.8532007665390902,0.0,0.0,0.6534782889927477,0.8553495793150927,5.12,1.2685097881195917,3.17595977024397,0.0,0.6974677321920746,2.875501788394576},fitness=net.sf.jclec.fitness.SimpleValueFitness@5f150435[value=331.8634114856873]]
Average fitness = 331.8634114856873
Fitness variance = 0.0
Generation 210 Report
Best individual: net.sf.jclec.realarray.RealArrayIndividual@1c53fd30[genotype={2.8507974423888918,1.9703301347138646,0.0,2.8029453654267398,4.747180596393235,0.0,3.244157104076316,3.5369914270818668,5.12,0.0,2.8347734727506126,0.4807401230579553,0.8569027598986789,0.0,0.0,1.140724381551566,5.12,1.9117347588224398,0.0,1.8532007665390902,0.0,0.0,0.6534782889927477,0.8553495793150927,5.12,1.2685097881195917,3.17595977024397,0.0,0.6974677321920746,2.875501788394576},fitness=net.sf.jclec.fitness.SimpleValueFitness@75412c2f[value=331.8634114856873]]
Worst individual: net.sf.jclec.realarray.RealArrayIndividual@1c53fd30[genotype={2.8507974423888918,1.9703301347138646,0.0,2.8029453654267398,4.747180596393235,0.0,3.244157104076316,3.5369914270818668,5.12,0.0,2.8347734727506126,0.4807401230579553,0.8569027598986789,0.0,0.0,1.140724381551566,5.12,1.9117347588224398,0.0,1.8532007665390902,0.0,0.0,0.6534782889927477,0.8553495793150927,5.12,1.2685097881195917,3.17595977024397,0.0,0.6974677321920746,2.875501788394576},fitness=net.sf.jclec.fitness.SimpleValueFitness@75412c2f[value=331.8634114856873]]
Median individual: net.sf.jclec.realarray.RealArrayIndividual@1c53fd30[genotype={2.8507974423888918,1.9703301347138646,0.0,2.8029453654267398,4.747180596393235,0.0,3.244157104076316,3.5369914270818668,5.12,0.0,2.8347734727506126,0.4807401230579553,0.8569027598986789,0.0,0.0,1.140724381551566,5.12,1.9117347588224398,0.0,1.8532007665390902,0.0,0.0,0.6534782889927477,0.8553495793150927,5.12,1.2685097881195917,3.17595977024397,0.0,0.6974677321920746,2.875501788394576},fitness=net.sf.jclec.fitness.SimpleValueFitness@75412c2f[value=331.8634114856873]]
Average fitness = 331.8634114856873
Fitness variance = 0.0
Generation 220 Report
Best individual: net.sf.jclec.realarray.RealArrayIndividual@282ba1e[genotype={2.8507974423888918,1.9703301347138646,0.0,2.8029453654267398,4.747180596393235,0.0,3.244157104076316,3.5369914270818668,5.12,0.0,2.8347734727506126,0.4807401230579553,0.8569027598986789,0.0,0.0,1.140724381551566,5.12,1.9117347588224398,0.0,1.8532007665390902,0.0,0.0,0.6534782889927477,0.8553495793150927,5.12,1.2685097881195917,3.17595977024397,0.0,0.6974677321920746,2.875501788394576},fitness=net.sf.jclec.fitness.SimpleValueFitness@f5f2bb7[value=331.8634114856873]]
Worst individual: net.sf.jclec.realarray.RealArrayIndividual@282ba1e[genotype={2.8507974423888918,1.9703301347138646,0.0,2.8029453654267398,4.747180596393235,0.0,3.244157104076316,3.5369914270818668,5.12,0.0,2.8347734727506126,0.4807401230579553,0.8569027598986789,0.0,0.0,1.140724381551566,5.12,1.9117347588224398,0.0,1.8532007665390902,0.0,0.0,0.6534782889927477,0.8553495793150927,5.12,1.2685097881195917,3.17595977024397,0.0,0.6974677321920746,2.875501788394576},fitness=net.sf.jclec.fitness.SimpleValueFitness@f5f2bb7[value=331.8634114856873]]
Median individual: net.sf.jclec.realarray.RealArrayIndividual@282ba1e[genotype={2.8507974423888918,1.9703301347138646,0.0,2.8029453654267398,4.747180596393235,0.0,3.244157104076316,3.5369914270818668,5.12,0.0,2.8347734727506126,0.4807401230579553,0.8569027598986789,0.0,0.0,1.140724381551566,5.12,1.9117347588224398,0.0,1.8532007665390902,0.0,0.0,0.6534782889927477,0.8553495793150927,5.12,1.2685097881195917,3.17595977024397,0.0,0.6974677321920746,2.875501788394576},fitness=net.sf.jclec.fitness.SimpleValueFitness@f5f2bb7[value=331.8634114856873]]
Average fitness = 331.8634114856873
Fitness variance = 0.0
Generation 230 Report
Best individual: net.sf.jclec.realarray.RealArrayIndividual@73035e27[genotype={2.8507974423888918,1.9703301347138646,0.0,2.8029453654267398,4.747180596393235,0.0,3.244157104076316,3.5369914270818668,5.12,0.0,2.8347734727506126,0.4807401230579553,0.8569027598986789,0.0,0.0,1.140724381551566,5.12,1.9117347588224398,0.0,1.8532007665390902,0.0,0.0,0.6534782889927477,0.8553495793150927,5.12,1.2685097881195917,3.17595977024397,0.0,0.6974677321920746,2.875501788394576},fitness=net.sf.jclec.fitness.SimpleValueFitness@3ecf72fd[value=331.8634114856873]]
Worst individual: net.sf.jclec.realarray.RealArrayIndividual@73035e27[genotype={2.8507974423888918,1.9703301347138646,0.0,2.8029453654267398,4.747180596393235,0.0,3.244157104076316,3.5369914270818668,5.12,0.0,2.8347734727506126,0.4807401230579553,0.8569027598986789,0.0,0.0,1.140724381551566,5.12,1.9117347588224398,0.0,1.8532007665390902,0.0,0.0,0.6534782889927477,0.8553495793150927,5.12,1.2685097881195917,3.17595977024397,0.0,0.6974677321920746,2.875501788394576},fitness=net.sf.jclec.fitness.SimpleValueFitness@3ecf72fd[value=331.8634114856873]]
Median individual: net.sf.jclec.realarray.RealArrayIndividual@73035e27[genotype={2.8507974423888918,1.9703301347138646,0.0,2.8029453654267398,4.747180596393235,0.0,3.244157104076316,3.5369914270818668,5.12,0.0,2.8347734727506126,0.4807401230579553,0.8569027598986789,0.0,0.0,1.140724381551566,5.12,1.9117347588224398,0.0,1.8532007665390902,0.0,0.0,0.6534782889927477,0.8553495793150927,5.12,1.2685097881195917,3.17595977024397,0.0,0.6974677321920746,2.875501788394576},fitness=net.sf.jclec.fitness.SimpleValueFitness@3ecf72fd[value=331.8634114856873]]
Average fitness = 331.8634114856873
Fitness variance = 0.0
Generation 240 Report
Best individual: net.sf.jclec.realarray.RealArrayIndividual@483bf400[genotype={2.8507974423888918,1.9703301347138646,0.0,2.8029453654267398,4.747180596393235,0.0,3.244157104076316,3.5369914270818668,5.12,0.0,2.8347734727506126,0.4807401230579553,0.8569027598986789,0.0,0.0,1.140724381551566,5.12,1.9117347588224398,0.0,1.8532007665390902,0.0,0.0,0.6534782889927477,0.8553495793150927,5.12,1.2685097881195917,3.17595977024397,0.0,0.6974677321920746,2.875501788394576},fitness=net.sf.jclec.fitness.SimpleValueFitness@77f03bb1[value=331.8634114856873]]
Worst individual: net.sf.jclec.realarray.RealArrayIndividual@483bf400[genotype={2.8507974423888918,1.9703301347138646,0.0,2.8029453654267398,4.747180596393235,0.0,3.244157104076316,3.5369914270818668,5.12,0.0,2.8347734727506126,0.4807401230579553,0.8569027598986789,0.0,0.0,1.140724381551566,5.12,1.9117347588224398,0.0,1.8532007665390902,0.0,0.0,0.6534782889927477,0.8553495793150927,5.12,1.2685097881195917,3.17595977024397,0.0,0.6974677321920746,2.875501788394576},fitness=net.sf.jclec.fitness.SimpleValueFitness@77f03bb1[value=331.8634114856873]]
Median individual: net.sf.jclec.realarray.RealArrayIndividual@483bf400[genotype={2.8507974423888918,1.9703301347138646,0.0,2.8029453654267398,4.747180596393235,0.0,3.244157104076316,3.5369914270818668,5.12,0.0,2.8347734727506126,0.4807401230579553,0.8569027598986789,0.0,0.0,1.140724381551566,5.12,1.9117347588224398,0.0,1.8532007665390902,0.0,0.0,0.6534782889927477,0.8553495793150927,5.12,1.2685097881195917,3.17595977024397,0.0,0.6974677321920746,2.875501788394576},fitness=net.sf.jclec.fitness.SimpleValueFitness@77f03bb1[value=331.8634114856873]]
Average fitness = 331.8634114856873
Fitness variance = 0.0
Generation 250 Report
Best individual: net.sf.jclec.realarray.RealArrayIndividual@326de728[genotype={2.8507974423888918,1.9703301347138646,0.0,2.8029453654267398,4.747180596393235,0.0,3.244157104076316,3.5369914270818668,5.12,0.0,2.8347734727506126,0.4807401230579553,0.8569027598986789,0.0,0.0,1.140724381551566,5.12,1.9117347588224398,0.0,1.8532007665390902,0.0,0.0,0.6534782889927477,0.8553495793150927,5.12,1.2685097881195917,3.17595977024397,0.0,0.6974677321920746,2.875501788394576},fitness=net.sf.jclec.fitness.SimpleValueFitness@7a92922[value=331.8634114856873]]
Worst individual: net.sf.jclec.realarray.RealArrayIndividual@326de728[genotype={2.8507974423888918,1.9703301347138646,0.0,2.8029453654267398,4.747180596393235,0.0,3.244157104076316,3.5369914270818668,5.12,0.0,2.8347734727506126,0.4807401230579553,0.8569027598986789,0.0,0.0,1.140724381551566,5.12,1.9117347588224398,0.0,1.8532007665390902,0.0,0.0,0.6534782889927477,0.8553495793150927,5.12,1.2685097881195917,3.17595977024397,0.0,0.6974677321920746,2.875501788394576},fitness=net.sf.jclec.fitness.SimpleValueFitness@7a92922[value=331.8634114856873]]
Median individual: net.sf.jclec.realarray.RealArrayIndividual@326de728[genotype={2.8507974423888918,1.9703301347138646,0.0,2.8029453654267398,4.747180596393235,0.0,3.244157104076316,3.5369914270818668,5.12,0.0,2.8347734727506126,0.4807401230579553,0.8569027598986789,0.0,0.0,1.140724381551566,5.12,1.9117347588224398,0.0,1.8532007665390902,0.0,0.0,0.6534782889927477,0.8553495793150927,5.12,1.2685097881195917,3.17595977024397,0.0,0.6974677321920746,2.875501788394576},fitness=net.sf.jclec.fitness.SimpleValueFitness@7a92922[value=331.8634114856873]]
Average fitness = 331.8634114856873
Fitness variance = 0.0
Generation 260 Report
Best individual: net.sf.jclec.realarray.RealArrayIndividual@71f2a7d5[genotype={2.8507974423888918,1.9703301347138646,0.0,2.8029453654267398,4.747180596393235,0.0,3.244157104076316,3.5369914270818668,5.12,0.0,2.8347734727506126,0.4807401230579553,0.8569027598986789,0.0,0.0,1.140724381551566,5.12,1.9117347588224398,0.0,1.8532007665390902,0.0,0.0,0.6534782889927477,0.8553495793150927,5.12,1.2685097881195917,3.17595977024397,0.0,0.6974677321920746,2.875501788394576},fitness=net.sf.jclec.fitness.SimpleValueFitness@5474c6c[value=331.8634114856873]]
Worst individual: net.sf.jclec.realarray.RealArrayIndividual@71f2a7d5[genotype={2.8507974423888918,1.9703301347138646,0.0,2.8029453654267398,4.747180596393235,0.0,3.244157104076316,3.5369914270818668,5.12,0.0,2.8347734727506126,0.4807401230579553,0.8569027598986789,0.0,0.0,1.140724381551566,5.12,1.9117347588224398,0.0,1.8532007665390902,0.0,0.0,0.6534782889927477,0.8553495793150927,5.12,1.2685097881195917,3.17595977024397,0.0,0.6974677321920746,2.875501788394576},fitness=net.sf.jclec.fitness.SimpleValueFitness@5474c6c[value=331.8634114856873]]
Median individual: net.sf.jclec.realarray.RealArrayIndividual@71f2a7d5[genotype={2.8507974423888918,1.9703301347138646,0.0,2.8029453654267398,4.747180596393235,0.0,3.244157104076316,3.5369914270818668,5.12,0.0,2.8347734727506126,0.4807401230579553,0.8569027598986789,0.0,0.0,1.140724381551566,5.12,1.9117347588224398,0.0,1.8532007665390902,0.0,0.0,0.6534782889927477,0.8553495793150927,5.12,1.2685097881195917,3.17595977024397,0.0,0.6974677321920746,2.875501788394576},fitness=net.sf.jclec.fitness.SimpleValueFitness@5474c6c[value=331.8634114856873]]
Average fitness = 331.8634114856873
Fitness variance = 0.0
Generation 270 Report
Best individual: net.sf.jclec.realarray.RealArrayIndividual@4b6995df[genotype={2.8507974423888918,1.9703301347138646,0.0,2.8029453654267398,4.747180596393235,0.0,3.244157104076316,3.5369914270818668,5.12,0.0,2.8347734727506126,0.4807401230579553,0.8569027598986789,0.0,0.0,1.140724381551566,5.12,1.9117347588224398,0.0,1.8532007665390902,0.0,0.0,0.6534782889927477,0.8553495793150927,5.12,1.2685097881195917,3.17595977024397,0.0,0.6974677321920746,2.875501788394576},fitness=net.sf.jclec.fitness.SimpleValueFitness@591f989e[value=331.8634114856873]]
Worst individual: net.sf.jclec.realarray.RealArrayIndividual@4b6995df[genotype={2.8507974423888918,1.9703301347138646,0.0,2.8029453654267398,4.747180596393235,0.0,3.244157104076316,3.5369914270818668,5.12,0.0,2.8347734727506126,0.4807401230579553,0.8569027598986789,0.0,0.0,1.140724381551566,5.12,1.9117347588224398,0.0,1.8532007665390902,0.0,0.0,0.6534782889927477,0.8553495793150927,5.12,1.2685097881195917,3.17595977024397,0.0,0.6974677321920746,2.875501788394576},fitness=net.sf.jclec.fitness.SimpleValueFitness@591f989e[value=331.8634114856873]]
Median individual: net.sf.jclec.realarray.RealArrayIndividual@4b6995df[genotype={2.8507974423888918,1.9703301347138646,0.0,2.8029453654267398,4.747180596393235,0.0,3.244157104076316,3.5369914270818668,5.12,0.0,2.8347734727506126,0.4807401230579553,0.8569027598986789,0.0,0.0,1.140724381551566,5.12,1.9117347588224398,0.0,1.8532007665390902,0.0,0.0,0.6534782889927477,0.8553495793150927,5.12,1.2685097881195917,3.17595977024397,0.0,0.6974677321920746,2.875501788394576},fitness=net.sf.jclec.fitness.SimpleValueFitness@591f989e[value=331.8634114856873]]
Average fitness = 331.8634114856873
Fitness variance = 0.0
Generation 280 Report
Best individual: net.sf.jclec.realarray.RealArrayIndividual@66048bfd[genotype={2.8507974423888918,1.9703301347138646,0.0,2.8029453654267398,4.747180596393235,0.0,3.244157104076316,3.5369914270818668,5.12,0.0,2.8347734727506126,0.4807401230579553,0.8569027598986789,0.0,0.0,1.140724381551566,5.12,1.9117347588224398,0.0,1.8532007665390902,0.0,0.0,0.6534782889927477,0.8553495793150927,5.12,1.2685097881195917,3.17595977024397,0.0,0.6974677321920746,2.875501788394576},fitness=net.sf.jclec.fitness.SimpleValueFitness@445b84c0[value=331.8634114856873]]
Worst individual: net.sf.jclec.realarray.RealArrayIndividual@66048bfd[genotype={2.8507974423888918,1.9703301347138646,0.0,2.8029453654267398,4.747180596393235,0.0,3.244157104076316,3.5369914270818668,5.12,0.0,2.8347734727506126,0.4807401230579553,0.8569027598986789,0.0,0.0,1.140724381551566,5.12,1.9117347588224398,0.0,1.8532007665390902,0.0,0.0,0.6534782889927477,0.8553495793150927,5.12,1.2685097881195917,3.17595977024397,0.0,0.6974677321920746,2.875501788394576},fitness=net.sf.jclec.fitness.SimpleValueFitness@445b84c0[value=331.8634114856873]]
Median individual: net.sf.jclec.realarray.RealArrayIndividual@66048bfd[genotype={2.8507974423888918,1.9703301347138646,0.0,2.8029453654267398,4.747180596393235,0.0,3.244157104076316,3.5369914270818668,5.12,0.0,2.8347734727506126,0.4807401230579553,0.8569027598986789,0.0,0.0,1.140724381551566,5.12,1.9117347588224398,0.0,1.8532007665390902,0.0,0.0,0.6534782889927477,0.8553495793150927,5.12,1.2685097881195917,3.17595977024397,0.0,0.6974677321920746,2.875501788394576},fitness=net.sf.jclec.fitness.SimpleValueFitness@445b84c0[value=331.8634114856873]]
Average fitness = 331.8634114856873
Fitness variance = 0.0
Generation 290 Report
Best individual: net.sf.jclec.realarray.RealArrayIndividual@61a52fbd[genotype={2.8507974423888918,1.9703301347138646,0.0,2.8029453654267398,4.747180596393235,0.0,3.244157104076316,3.5369914270818668,5.12,0.0,2.8347734727506126,0.4807401230579553,0.8569027598986789,0.0,0.0,1.140724381551566,5.12,1.9117347588224398,0.0,1.8532007665390902,0.0,0.0,0.6534782889927477,0.8553495793150927,5.12,1.2685097881195917,3.17595977024397,0.0,0.6974677321920746,2.875501788394576},fitness=net.sf.jclec.fitness.SimpleValueFitness@63d4e2ba[value=331.8634114856873]]
Worst individual: net.sf.jclec.realarray.RealArrayIndividual@61a52fbd[genotype={2.8507974423888918,1.9703301347138646,0.0,2.8029453654267398,4.747180596393235,0.0,3.244157104076316,3.5369914270818668,5.12,0.0,2.8347734727506126,0.4807401230579553,0.8569027598986789,0.0,0.0,1.140724381551566,5.12,1.9117347588224398,0.0,1.8532007665390902,0.0,0.0,0.6534782889927477,0.8553495793150927,5.12,1.2685097881195917,3.17595977024397,0.0,0.6974677321920746,2.875501788394576},fitness=net.sf.jclec.fitness.SimpleValueFitness@63d4e2ba[value=331.8634114856873]]
Median individual: net.sf.jclec.realarray.RealArrayIndividual@61a52fbd[genotype={2.8507974423888918,1.9703301347138646,0.0,2.8029453654267398,4.747180596393235,0.0,3.244157104076316,3.5369914270818668,5.12,0.0,2.8347734727506126,0.4807401230579553,0.8569027598986789,0.0,0.0,1.140724381551566,5.12,1.9117347588224398,0.0,1.8532007665390902,0.0,0.0,0.6534782889927477,0.8553495793150927,5.12,1.2685097881195917,3.17595977024397,0.0,0.6974677321920746,2.875501788394576},fitness=net.sf.jclec.fitness.SimpleValueFitness@63d4e2ba[value=331.8634114856873]]
Average fitness = 331.8634114856873
Fitness variance = 0.0
Generation 300 Report
Best individual: net.sf.jclec.realarray.RealArrayIndividual@7bb11784[genotype={2.8507974423888918,1.9703301347138646,0.0,2.8029453654267398,4.747180596393235,0.0,3.244157104076316,3.5369914270818668,5.12,0.0,2.8347734727506126,0.4807401230579553,0.8569027598986789,0.0,0.0,1.140724381551566,5.12,1.9117347588224398,0.0,1.8532007665390902,0.0,0.0,0.6534782889927477,0.8553495793150927,5.12,1.2685097881195917,3.17595977024397,0.0,0.6974677321920746,2.875501788394576},fitness=net.sf.jclec.fitness.SimpleValueFitness@7006c658[value=331.8634114856873]]
Worst individual: net.sf.jclec.realarray.RealArrayIndividual@7bb11784[genotype={2.8507974423888918,1.9703301347138646,0.0,2.8029453654267398,4.747180596393235,0.0,3.244157104076316,3.5369914270818668,5.12,0.0,2.8347734727506126,0.4807401230579553,0.8569027598986789,0.0,0.0,1.140724381551566,5.12,1.9117347588224398,0.0,1.8532007665390902,0.0,0.0,0.6534782889927477,0.8553495793150927,5.12,1.2685097881195917,3.17595977024397,0.0,0.6974677321920746,2.875501788394576},fitness=net.sf.jclec.fitness.SimpleValueFitness@7006c658[value=331.8634114856873]]
Median individual: net.sf.jclec.realarray.RealArrayIndividual@7bb11784[genotype={2.8507974423888918,1.9703301347138646,0.0,2.8029453654267398,4.747180596393235,0.0,3.244157104076316,3.5369914270818668,5.12,0.0,2.8347734727506126,0.4807401230579553,0.8569027598986789,0.0,0.0,1.140724381551566,5.12,1.9117347588224398,0.0,1.8532007665390902,0.0,0.0,0.6534782889927477,0.8553495793150927,5.12,1.2685097881195917,3.17595977024397,0.0,0.6974677321920746,2.875501788394576},fitness=net.sf.jclec.fitness.SimpleValueFitness@7006c658[value=331.8634114856873]]
Average fitness = 331.8634114856873
Fitness variance = 0.0
Generation 310 Report
Best individual: net.sf.jclec.realarray.RealArrayIndividual@34033bd0[genotype={2.8507974423888918,1.9703301347138646,0.0,2.8029453654267398,4.747180596393235,0.0,3.244157104076316,3.5369914270818668,5.12,0.0,2.8347734727506126,0.4807401230579553,0.8569027598986789,0.0,0.0,1.140724381551566,5.12,1.9117347588224398,0.0,1.8532007665390902,0.0,0.0,0.6534782889927477,0.8553495793150927,5.12,1.2685097881195917,3.17595977024397,0.0,0.6974677321920746,2.875501788394576},fitness=net.sf.jclec.fitness.SimpleValueFitness@7cdbc5d3[value=331.8634114856873]]
Worst individual: net.sf.jclec.realarray.RealArrayIndividual@34033bd0[genotype={2.8507974423888918,1.9703301347138646,0.0,2.8029453654267398,4.747180596393235,0.0,3.244157104076316,3.5369914270818668,5.12,0.0,2.8347734727506126,0.4807401230579553,0.8569027598986789,0.0,0.0,1.140724381551566,5.12,1.9117347588224398,0.0,1.8532007665390902,0.0,0.0,0.6534782889927477,0.8553495793150927,5.12,1.2685097881195917,3.17595977024397,0.0,0.6974677321920746,2.875501788394576},fitness=net.sf.jclec.fitness.SimpleValueFitness@7cdbc5d3[value=331.8634114856873]]
Median individual: net.sf.jclec.realarray.RealArrayIndividual@34033bd0[genotype={2.8507974423888918,1.9703301347138646,0.0,2.8029453654267398,4.747180596393235,0.0,3.244157104076316,3.5369914270818668,5.12,0.0,2.8347734727506126,0.4807401230579553,0.8569027598986789,0.0,0.0,1.140724381551566,5.12,1.9117347588224398,0.0,1.8532007665390902,0.0,0.0,0.6534782889927477,0.8553495793150927,5.12,1.2685097881195917,3.17595977024397,0.0,0.6974677321920746,2.875501788394576},fitness=net.sf.jclec.fitness.SimpleValueFitness@7cdbc5d3[value=331.8634114856873]]
Average fitness = 331.8634114856873
Fitness variance = 0.0
Generation 320 Report
Best individual: net.sf.jclec.realarray.RealArrayIndividual@3aa9e816[genotype={2.8507974423888918,1.9703301347138646,0.0,2.8029453654267398,4.747180596393235,0.0,3.244157104076316,3.5369914270818668,5.12,0.0,2.8347734727506126,0.4807401230579553,0.8569027598986789,0.0,0.0,1.140724381551566,5.12,1.9117347588224398,0.0,1.8532007665390902,0.0,0.0,0.6534782889927477,0.8553495793150927,5.12,1.2685097881195917,3.17595977024397,0.0,0.6974677321920746,2.875501788394576},fitness=net.sf.jclec.fitness.SimpleValueFitness@3834d63f[value=331.8634114856873]]
Worst individual: net.sf.jclec.realarray.RealArrayIndividual@3aa9e816[genotype={2.8507974423888918,1.9703301347138646,0.0,2.8029453654267398,4.747180596393235,0.0,3.244157104076316,3.5369914270818668,5.12,0.0,2.8347734727506126,0.4807401230579553,0.8569027598986789,0.0,0.0,1.140724381551566,5.12,1.9117347588224398,0.0,1.8532007665390902,0.0,0.0,0.6534782889927477,0.8553495793150927,5.12,1.2685097881195917,3.17595977024397,0.0,0.6974677321920746,2.875501788394576},fitness=net.sf.jclec.fitness.SimpleValueFitness@3834d63f[value=331.8634114856873]]
Median individual: net.sf.jclec.realarray.RealArrayIndividual@3aa9e816[genotype={2.8507974423888918,1.9703301347138646,0.0,2.8029453654267398,4.747180596393235,0.0,3.244157104076316,3.5369914270818668,5.12,0.0,2.8347734727506126,0.4807401230579553,0.8569027598986789,0.0,0.0,1.140724381551566,5.12,1.9117347588224398,0.0,1.8532007665390902,0.0,0.0,0.6534782889927477,0.8553495793150927,5.12,1.2685097881195917,3.17595977024397,0.0,0.6974677321920746,2.875501788394576},fitness=net.sf.jclec.fitness.SimpleValueFitness@3834d63f[value=331.8634114856873]]
Average fitness = 331.8634114856873
Fitness variance = 0.0
Generation 330 Report
Best individual: net.sf.jclec.realarray.RealArrayIndividual@1ae369b7[genotype={1.9749613539738293,1.3584891998732402,1.8421870511461322,2.8029453654267398,2.8352799038772907,0.0,1.8854310378189525,4.633975367580925,3.914597478385732,0.0,2.9681428356345116,0.0,1.4947855841419377,0.0,0.0,0.027013715915040315,3.922234030774301,1.0290733255843068,0.7445262250071507,1.8532007665390902,0.3609177964697312,0.0,4.128269449553826,0.0,4.649281898174914,0.0,3.584301031817201,0.0,0.0,3.8708049048182307},fitness=net.sf.jclec.fitness.SimpleValueFitness@34340fab[value=309.7453334827401]]
Worst individual: net.sf.jclec.realarray.RealArrayIndividual@1ae369b7[genotype={1.9749613539738293,1.3584891998732402,1.8421870511461322,2.8029453654267398,2.8352799038772907,0.0,1.8854310378189525,4.633975367580925,3.914597478385732,0.0,2.9681428356345116,0.0,1.4947855841419377,0.0,0.0,0.027013715915040315,3.922234030774301,1.0290733255843068,0.7445262250071507,1.8532007665390902,0.3609177964697312,0.0,4.128269449553826,0.0,4.649281898174914,0.0,3.584301031817201,0.0,0.0,3.8708049048182307},fitness=net.sf.jclec.fitness.SimpleValueFitness@34340fab[value=309.7453334827401]]
Median individual: net.sf.jclec.realarray.RealArrayIndividual@1ae369b7[genotype={1.9749613539738293,1.3584891998732402,1.8421870511461322,2.8029453654267398,2.8352799038772907,0.0,1.8854310378189525,4.633975367580925,3.914597478385732,0.0,2.9681428356345116,0.0,1.4947855841419377,0.0,0.0,0.027013715915040315,3.922234030774301,1.0290733255843068,0.7445262250071507,1.8532007665390902,0.3609177964697312,0.0,4.128269449553826,0.0,4.649281898174914,0.0,3.584301031817201,0.0,0.0,3.8708049048182307},fitness=net.sf.jclec.fitness.SimpleValueFitness@34340fab[value=309.7453334827401]]
Average fitness = 309.7453334827401
Fitness variance = 0.0
Generation 340 Report
Best individual: net.sf.jclec.realarray.RealArrayIndividual@2aafb23c[genotype={1.9749613539738293,1.3584891998732402,1.8421870511461322,2.8029453654267398,2.8352799038772907,0.0,1.8854310378189525,4.633975367580925,3.914597478385732,0.0,2.9681428356345116,0.0,1.4947855841419377,0.0,0.0,0.027013715915040315,3.922234030774301,1.0290733255843068,0.7445262250071507,1.8532007665390902,0.3609177964697312,0.0,4.128269449553826,0.0,4.649281898174914,0.0,3.584301031817201,0.0,0.0,3.8708049048182307},fitness=net.sf.jclec.fitness.SimpleValueFitness@3ab39c39[value=309.7453334827401]]
Worst individual: net.sf.jclec.realarray.RealArrayIndividual@2aafb23c[genotype={1.9749613539738293,1.3584891998732402,1.8421870511461322,2.8029453654267398,2.8352799038772907,0.0,1.8854310378189525,4.633975367580925,3.914597478385732,0.0,2.9681428356345116,0.0,1.4947855841419377,0.0,0.0,0.027013715915040315,3.922234030774301,1.0290733255843068,0.7445262250071507,1.8532007665390902,0.3609177964697312,0.0,4.128269449553826,0.0,4.649281898174914,0.0,3.584301031817201,0.0,0.0,3.8708049048182307},fitness=net.sf.jclec.fitness.SimpleValueFitness@3ab39c39[value=309.7453334827401]]
Median individual: net.sf.jclec.realarray.RealArrayIndividual@2aafb23c[genotype={1.9749613539738293,1.3584891998732402,1.8421870511461322,2.8029453654267398,2.8352799038772907,0.0,1.8854310378189525,4.633975367580925,3.914597478385732,0.0,2.9681428356345116,0.0,1.4947855841419377,0.0,0.0,0.027013715915040315,3.922234030774301,1.0290733255843068,0.7445262250071507,1.8532007665390902,0.3609177964697312,0.0,4.128269449553826,0.0,4.649281898174914,0.0,3.584301031817201,0.0,0.0,3.8708049048182307},fitness=net.sf.jclec.fitness.SimpleValueFitness@3ab39c39[value=309.7453334827401]]
Average fitness = 309.7453334827401
Fitness variance = 0.0
Generation 350 Report
Best individual: net.sf.jclec.realarray.RealArrayIndividual@2eee9593[genotype={1.9749613539738293,1.3584891998732402,1.8421870511461322,2.8029453654267398,2.8352799038772907,0.0,1.8854310378189525,4.633975367580925,3.914597478385732,0.0,2.9681428356345116,0.0,1.4947855841419377,0.0,0.0,0.027013715915040315,3.922234030774301,1.0290733255843068,0.7445262250071507,1.8532007665390902,0.3609177964697312,0.0,4.128269449553826,0.0,4.649281898174914,0.0,3.584301031817201,0.0,0.0,3.8708049048182307},fitness=net.sf.jclec.fitness.SimpleValueFitness@546a03af[value=309.7453334827401]]
Worst individual: net.sf.jclec.realarray.RealArrayIndividual@2eee9593[genotype={1.9749613539738293,1.3584891998732402,1.8421870511461322,2.8029453654267398,2.8352799038772907,0.0,1.8854310378189525,4.633975367580925,3.914597478385732,0.0,2.9681428356345116,0.0,1.4947855841419377,0.0,0.0,0.027013715915040315,3.922234030774301,1.0290733255843068,0.7445262250071507,1.8532007665390902,0.3609177964697312,0.0,4.128269449553826,0.0,4.649281898174914,0.0,3.584301031817201,0.0,0.0,3.8708049048182307},fitness=net.sf.jclec.fitness.SimpleValueFitness@546a03af[value=309.7453334827401]]
Median individual: net.sf.jclec.realarray.RealArrayIndividual@2eee9593[genotype={1.9749613539738293,1.3584891998732402,1.8421870511461322,2.8029453654267398,2.8352799038772907,0.0,1.8854310378189525,4.633975367580925,3.914597478385732,0.0,2.9681428356345116,0.0,1.4947855841419377,0.0,0.0,0.027013715915040315,3.922234030774301,1.0290733255843068,0.7445262250071507,1.8532007665390902,0.3609177964697312,0.0,4.128269449553826,0.0,4.649281898174914,0.0,3.584301031817201,0.0,0.0,3.8708049048182307},fitness=net.sf.jclec.fitness.SimpleValueFitness@546a03af[value=309.7453334827401]]
Average fitness = 309.7453334827401
Fitness variance = 0.0
Generation 360 Report
Best individual: net.sf.jclec.realarray.RealArrayIndividual@721e0f4f[genotype={1.9749613539738293,1.3584891998732402,1.8421870511461322,2.8029453654267398,2.8352799038772907,0.0,1.8854310378189525,4.633975367580925,3.914597478385732,0.0,2.9681428356345116,0.0,1.4947855841419377,0.0,0.0,0.027013715915040315,3.922234030774301,1.0290733255843068,0.7445262250071507,1.8532007665390902,0.3609177964697312,0.0,4.128269449553826,0.0,4.649281898174914,0.0,3.584301031817201,0.0,0.0,3.8708049048182307},fitness=net.sf.jclec.fitness.SimpleValueFitness@6ea6d14e[value=309.7453334827401]]
Worst individual: net.sf.jclec.realarray.RealArrayIndividual@721e0f4f[genotype={1.9749613539738293,1.3584891998732402,1.8421870511461322,2.8029453654267398,2.8352799038772907,0.0,1.8854310378189525,4.633975367580925,3.914597478385732,0.0,2.9681428356345116,0.0,1.4947855841419377,0.0,0.0,0.027013715915040315,3.922234030774301,1.0290733255843068,0.7445262250071507,1.8532007665390902,0.3609177964697312,0.0,4.128269449553826,0.0,4.649281898174914,0.0,3.584301031817201,0.0,0.0,3.8708049048182307},fitness=net.sf.jclec.fitness.SimpleValueFitness@6ea6d14e[value=309.7453334827401]]
Median individual: net.sf.jclec.realarray.RealArrayIndividual@721e0f4f[genotype={1.9749613539738293,1.3584891998732402,1.8421870511461322,2.8029453654267398,2.8352799038772907,0.0,1.8854310378189525,4.633975367580925,3.914597478385732,0.0,2.9681428356345116,0.0,1.4947855841419377,0.0,0.0,0.027013715915040315,3.922234030774301,1.0290733255843068,0.7445262250071507,1.8532007665390902,0.3609177964697312,0.0,4.128269449553826,0.0,4.649281898174914,0.0,3.584301031817201,0.0,0.0,3.8708049048182307},fitness=net.sf.jclec.fitness.SimpleValueFitness@6ea6d14e[value=309.7453334827401]]
Average fitness = 309.7453334827401
Fitness variance = 0.0
Generation 370 Report
Best individual: net.sf.jclec.realarray.RealArrayIndividual@6ad5c04e[genotype={1.9749613539738293,1.3584891998732402,1.8421870511461322,2.8029453654267398,2.8352799038772907,0.0,1.8854310378189525,4.633975367580925,3.914597478385732,0.0,2.9681428356345116,0.0,1.4947855841419377,0.0,0.0,0.027013715915040315,3.922234030774301,1.0290733255843068,0.7445262250071507,1.8532007665390902,0.3609177964697312,0.0,4.128269449553826,0.0,4.649281898174914,0.0,3.584301031817201,0.0,0.0,3.8708049048182307},fitness=net.sf.jclec.fitness.SimpleValueFitness@725bef66[value=309.7453334827401]]
Worst individual: net.sf.jclec.realarray.RealArrayIndividual@6ad5c04e[genotype={1.9749613539738293,1.3584891998732402,1.8421870511461322,2.8029453654267398,2.8352799038772907,0.0,1.8854310378189525,4.633975367580925,3.914597478385732,0.0,2.9681428356345116,0.0,1.4947855841419377,0.0,0.0,0.027013715915040315,3.922234030774301,1.0290733255843068,0.7445262250071507,1.8532007665390902,0.3609177964697312,0.0,4.128269449553826,0.0,4.649281898174914,0.0,3.584301031817201,0.0,0.0,3.8708049048182307},fitness=net.sf.jclec.fitness.SimpleValueFitness@725bef66[value=309.7453334827401]]
Median individual: net.sf.jclec.realarray.RealArrayIndividual@6ad5c04e[genotype={1.9749613539738293,1.3584891998732402,1.8421870511461322,2.8029453654267398,2.8352799038772907,0.0,1.8854310378189525,4.633975367580925,3.914597478385732,0.0,2.9681428356345116,0.0,1.4947855841419377,0.0,0.0,0.027013715915040315,3.922234030774301,1.0290733255843068,0.7445262250071507,1.8532007665390902,0.3609177964697312,0.0,4.128269449553826,0.0,4.649281898174914,0.0,3.584301031817201,0.0,0.0,3.8708049048182307},fitness=net.sf.jclec.fitness.SimpleValueFitness@725bef66[value=309.7453334827401]]
Average fitness = 309.7453334827401
Fitness variance = 0.0
Generation 380 Report
Best individual: net.sf.jclec.realarray.RealArrayIndividual@2aaf7cc2[genotype={2.859457598034362,0.787715365350657,1.8421870511461322,0.8944312053947818,1.2550072519328803,0.0,1.8854310378189525,5.12,5.12,0.0,4.074730069511787,0.0,0.0,0.0,0.0,0.7164878280002163,5.12,1.0290733255843068,0.8615257561317482,0.3244657601174823,0.3609177964697312,0.0,2.26605065982766,0.11364408941815496,4.649281898174914,0.0,4.10783457339101,0.0,1.8196595681715122,2.3352521159130637},fitness=net.sf.jclec.fitness.SimpleValueFitness@1888ff2c[value=307.45529149446264]]
Worst individual: net.sf.jclec.realarray.RealArrayIndividual@2aaf7cc2[genotype={2.859457598034362,0.787715365350657,1.8421870511461322,0.8944312053947818,1.2550072519328803,0.0,1.8854310378189525,5.12,5.12,0.0,4.074730069511787,0.0,0.0,0.0,0.0,0.7164878280002163,5.12,1.0290733255843068,0.8615257561317482,0.3244657601174823,0.3609177964697312,0.0,2.26605065982766,0.11364408941815496,4.649281898174914,0.0,4.10783457339101,0.0,1.8196595681715122,2.3352521159130637},fitness=net.sf.jclec.fitness.SimpleValueFitness@1888ff2c[value=307.45529149446264]]
Median individual: net.sf.jclec.realarray.RealArrayIndividual@2aaf7cc2[genotype={2.859457598034362,0.787715365350657,1.8421870511461322,0.8944312053947818,1.2550072519328803,0.0,1.8854310378189525,5.12,5.12,0.0,4.074730069511787,0.0,0.0,0.0,0.0,0.7164878280002163,5.12,1.0290733255843068,0.8615257561317482,0.3244657601174823,0.3609177964697312,0.0,2.26605065982766,0.11364408941815496,4.649281898174914,0.0,4.10783457339101,0.0,1.8196595681715122,2.3352521159130637},fitness=net.sf.jclec.fitness.SimpleValueFitness@1888ff2c[value=307.45529149446264]]
Average fitness = 307.45529149446264
Fitness variance = 0.0
Generation 390 Report
Best individual: net.sf.jclec.realarray.RealArrayIndividual@35851384[genotype={2.859457598034362,0.787715365350657,1.8421870511461322,0.8944312053947818,1.2550072519328803,0.0,1.8854310378189525,5.12,5.12,0.0,4.074730069511787,0.0,0.0,0.0,0.0,0.7164878280002163,5.12,1.0290733255843068,0.8615257561317482,0.3244657601174823,0.3609177964697312,0.0,2.26605065982766,0.11364408941815496,4.649281898174914,0.0,4.10783457339101,0.0,1.8196595681715122,2.3352521159130637},fitness=net.sf.jclec.fitness.SimpleValueFitness@6adca536[value=307.45529149446264]]
Worst individual: net.sf.jclec.realarray.RealArrayIndividual@35851384[genotype={2.859457598034362,0.787715365350657,1.8421870511461322,0.8944312053947818,1.2550072519328803,0.0,1.8854310378189525,5.12,5.12,0.0,4.074730069511787,0.0,0.0,0.0,0.0,0.7164878280002163,5.12,1.0290733255843068,0.8615257561317482,0.3244657601174823,0.3609177964697312,0.0,2.26605065982766,0.11364408941815496,4.649281898174914,0.0,4.10783457339101,0.0,1.8196595681715122,2.3352521159130637},fitness=net.sf.jclec.fitness.SimpleValueFitness@6adca536[value=307.45529149446264]]
Median individual: net.sf.jclec.realarray.RealArrayIndividual@35851384[genotype={2.859457598034362,0.787715365350657,1.8421870511461322,0.8944312053947818,1.2550072519328803,0.0,1.8854310378189525,5.12,5.12,0.0,4.074730069511787,0.0,0.0,0.0,0.0,0.7164878280002163,5.12,1.0290733255843068,0.8615257561317482,0.3244657601174823,0.3609177964697312,0.0,2.26605065982766,0.11364408941815496,4.649281898174914,0.0,4.10783457339101,0.0,1.8196595681715122,2.3352521159130637},fitness=net.sf.jclec.fitness.SimpleValueFitness@6adca536[value=307.45529149446264]]
Average fitness = 307.45529149446264
Fitness variance = 0.0
Generation 400 Report
Best individual: net.sf.jclec.realarray.RealArrayIndividual@357246de[genotype={2.859457598034362,0.787715365350657,1.8421870511461322,0.8944312053947818,1.2550072519328803,0.0,1.8854310378189525,5.12,5.12,0.0,4.074730069511787,0.0,0.0,0.0,0.0,0.7164878280002163,5.12,1.0290733255843068,0.8615257561317482,0.3244657601174823,0.3609177964697312,0.0,2.26605065982766,0.11364408941815496,4.649281898174914,0.0,4.10783457339101,0.0,1.8196595681715122,2.3352521159130637},fitness=net.sf.jclec.fitness.SimpleValueFitness@256216b3[value=307.45529149446264]]
Worst individual: net.sf.jclec.realarray.RealArrayIndividual@357246de[genotype={2.859457598034362,0.787715365350657,1.8421870511461322,0.8944312053947818,1.2550072519328803,0.0,1.8854310378189525,5.12,5.12,0.0,4.074730069511787,0.0,0.0,0.0,0.0,0.7164878280002163,5.12,1.0290733255843068,0.8615257561317482,0.3244657601174823,0.3609177964697312,0.0,2.26605065982766,0.11364408941815496,4.649281898174914,0.0,4.10783457339101,0.0,1.8196595681715122,2.3352521159130637},fitness=net.sf.jclec.fitness.SimpleValueFitness@256216b3[value=307.45529149446264]]
Median individual: net.sf.jclec.realarray.RealArrayIndividual@357246de[genotype={2.859457598034362,0.787715365350657,1.8421870511461322,0.8944312053947818,1.2550072519328803,0.0,1.8854310378189525,5.12,5.12,0.0,4.074730069511787,0.0,0.0,0.0,0.0,0.7164878280002163,5.12,1.0290733255843068,0.8615257561317482,0.3244657601174823,0.3609177964697312,0.0,2.26605065982766,0.11364408941815496,4.649281898174914,0.0,4.10783457339101,0.0,1.8196595681715122,2.3352521159130637},fitness=net.sf.jclec.fitness.SimpleValueFitness@256216b3[value=307.45529149446264]]
Average fitness = 307.45529149446264
Fitness variance = 0.0
Generation 410 Report
Best individual: net.sf.jclec.realarray.RealArrayIndividual@2a18f23c[genotype={2.859457598034362,0.787715365350657,1.8421870511461322,0.8944312053947818,1.2550072519328803,0.0,1.8854310378189525,5.12,5.12,0.0,4.074730069511787,0.0,0.0,0.0,0.0,0.7164878280002163,5.12,1.0290733255843068,0.8615257561317482,0.3244657601174823,0.3609177964697312,0.0,2.26605065982766,0.11364408941815496,4.649281898174914,0.0,4.10783457339101,0.0,1.8196595681715122,2.3352521159130637},fitness=net.sf.jclec.fitness.SimpleValueFitness@16c0663d[value=307.45529149446264]]
Worst individual: net.sf.jclec.realarray.RealArrayIndividual@2a18f23c[genotype={2.859457598034362,0.787715365350657,1.8421870511461322,0.8944312053947818,1.2550072519328803,0.0,1.8854310378189525,5.12,5.12,0.0,4.074730069511787,0.0,0.0,0.0,0.0,0.7164878280002163,5.12,1.0290733255843068,0.8615257561317482,0.3244657601174823,0.3609177964697312,0.0,2.26605065982766,0.11364408941815496,4.649281898174914,0.0,4.10783457339101,0.0,1.8196595681715122,2.3352521159130637},fitness=net.sf.jclec.fitness.SimpleValueFitness@16c0663d[value=307.45529149446264]]
Median individual: net.sf.jclec.realarray.RealArrayIndividual@2a18f23c[genotype={2.859457598034362,0.787715365350657,1.8421870511461322,0.8944312053947818,1.2550072519328803,0.0,1.8854310378189525,5.12,5.12,0.0,4.074730069511787,0.0,0.0,0.0,0.0,0.7164878280002163,5.12,1.0290733255843068,0.8615257561317482,0.3244657601174823,0.3609177964697312,0.0,2.26605065982766,0.11364408941815496,4.649281898174914,0.0,4.10783457339101,0.0,1.8196595681715122,2.3352521159130637},fitness=net.sf.jclec.fitness.SimpleValueFitness@16c0663d[value=307.45529149446264]]
Average fitness = 307.45529149446264
Fitness variance = 0.0
Generation 420 Report
Best individual: net.sf.jclec.realarray.RealArrayIndividual@23223dd8[genotype={2.859457598034362,0.787715365350657,1.8421870511461322,0.8944312053947818,1.2550072519328803,0.0,1.8854310378189525,5.12,5.12,0.0,4.074730069511787,0.0,0.0,0.0,0.0,0.7164878280002163,5.12,1.0290733255843068,0.8615257561317482,0.3244657601174823,0.3609177964697312,0.0,2.26605065982766,0.11364408941815496,4.649281898174914,0.0,4.10783457339101,0.0,1.8196595681715122,2.3352521159130637},fitness=net.sf.jclec.fitness.SimpleValueFitness@1b40d5f0[value=307.45529149446264]]
Worst individual: net.sf.jclec.realarray.RealArrayIndividual@23223dd8[genotype={2.859457598034362,0.787715365350657,1.8421870511461322,0.8944312053947818,1.2550072519328803,0.0,1.8854310378189525,5.12,5.12,0.0,4.074730069511787,0.0,0.0,0.0,0.0,0.7164878280002163,5.12,1.0290733255843068,0.8615257561317482,0.3244657601174823,0.3609177964697312,0.0,2.26605065982766,0.11364408941815496,4.649281898174914,0.0,4.10783457339101,0.0,1.8196595681715122,2.3352521159130637},fitness=net.sf.jclec.fitness.SimpleValueFitness@1b40d5f0[value=307.45529149446264]]
Median individual: net.sf.jclec.realarray.RealArrayIndividual@23223dd8[genotype={2.859457598034362,0.787715365350657,1.8421870511461322,0.8944312053947818,1.2550072519328803,0.0,1.8854310378189525,5.12,5.12,0.0,4.074730069511787,0.0,0.0,0.0,0.0,0.7164878280002163,5.12,1.0290733255843068,0.8615257561317482,0.3244657601174823,0.3609177964697312,0.0,2.26605065982766,0.11364408941815496,4.649281898174914,0.0,4.10783457339101,0.0,1.8196595681715122,2.3352521159130637},fitness=net.sf.jclec.fitness.SimpleValueFitness@1b40d5f0[value=307.45529149446264]]
Average fitness = 307.45529149446264
Fitness variance = 0.0
Generation 430 Report
Best individual: net.sf.jclec.realarray.RealArrayIndividual@ea4a92b[genotype={2.859457598034362,0.787715365350657,1.8421870511461322,0.8944312053947818,1.2550072519328803,0.0,1.8854310378189525,5.12,5.12,0.0,4.074730069511787,0.0,0.0,0.0,0.0,0.7164878280002163,5.12,1.0290733255843068,0.8615257561317482,0.3244657601174823,0.3609177964697312,0.0,2.26605065982766,0.11364408941815496,4.649281898174914,0.0,4.10783457339101,0.0,1.8196595681715122,2.3352521159130637},fitness=net.sf.jclec.fitness.SimpleValueFitness@47f37ef1[value=307.45529149446264]]
Worst individual: net.sf.jclec.realarray.RealArrayIndividual@ea4a92b[genotype={2.859457598034362,0.787715365350657,1.8421870511461322,0.8944312053947818,1.2550072519328803,0.0,1.8854310378189525,5.12,5.12,0.0,4.074730069511787,0.0,0.0,0.0,0.0,0.7164878280002163,5.12,1.0290733255843068,0.8615257561317482,0.3244657601174823,0.3609177964697312,0.0,2.26605065982766,0.11364408941815496,4.649281898174914,0.0,4.10783457339101,0.0,1.8196595681715122,2.3352521159130637},fitness=net.sf.jclec.fitness.SimpleValueFitness@47f37ef1[value=307.45529149446264]]
Median individual: net.sf.jclec.realarray.RealArrayIndividual@ea4a92b[genotype={2.859457598034362,0.787715365350657,1.8421870511461322,0.8944312053947818,1.2550072519328803,0.0,1.8854310378189525,5.12,5.12,0.0,4.074730069511787,0.0,0.0,0.0,0.0,0.7164878280002163,5.12,1.0290733255843068,0.8615257561317482,0.3244657601174823,0.3609177964697312,0.0,2.26605065982766,0.11364408941815496,4.649281898174914,0.0,4.10783457339101,0.0,1.8196595681715122,2.3352521159130637},fitness=net.sf.jclec.fitness.SimpleValueFitness@47f37ef1[value=307.45529149446264]]
Average fitness = 307.45529149446264
Fitness variance = 0.0
Generation 440 Report
Best individual: net.sf.jclec.realarray.RealArrayIndividual@5a01ccaa[genotype={2.859457598034362,0.787715365350657,1.8421870511461322,0.8944312053947818,1.2550072519328803,0.0,1.8854310378189525,5.12,5.12,0.0,4.074730069511787,0.0,0.0,0.0,0.0,0.7164878280002163,5.12,1.0290733255843068,0.8615257561317482,0.3244657601174823,0.3609177964697312,0.0,2.26605065982766,0.11364408941815496,4.649281898174914,0.0,4.10783457339101,0.0,1.8196595681715122,2.3352521159130637},fitness=net.sf.jclec.fitness.SimpleValueFitness@19bb089b[value=307.45529149446264]]
Worst individual: net.sf.jclec.realarray.RealArrayIndividual@5a01ccaa[genotype={2.859457598034362,0.787715365350657,1.8421870511461322,0.8944312053947818,1.2550072519328803,0.0,1.8854310378189525,5.12,5.12,0.0,4.074730069511787,0.0,0.0,0.0,0.0,0.7164878280002163,5.12,1.0290733255843068,0.8615257561317482,0.3244657601174823,0.3609177964697312,0.0,2.26605065982766,0.11364408941815496,4.649281898174914,0.0,4.10783457339101,0.0,1.8196595681715122,2.3352521159130637},fitness=net.sf.jclec.fitness.SimpleValueFitness@19bb089b[value=307.45529149446264]]
Median individual: net.sf.jclec.realarray.RealArrayIndividual@5a01ccaa[genotype={2.859457598034362,0.787715365350657,1.8421870511461322,0.8944312053947818,1.2550072519328803,0.0,1.8854310378189525,5.12,5.12,0.0,4.074730069511787,0.0,0.0,0.0,0.0,0.7164878280002163,5.12,1.0290733255843068,0.8615257561317482,0.3244657601174823,0.3609177964697312,0.0,2.26605065982766,0.11364408941815496,4.649281898174914,0.0,4.10783457339101,0.0,1.8196595681715122,2.3352521159130637},fitness=net.sf.jclec.fitness.SimpleValueFitness@19bb089b[value=307.45529149446264]]
Average fitness = 307.45529149446264
Fitness variance = 0.0
Generation 450 Report
Best individual: net.sf.jclec.realarray.RealArrayIndividual@4563e9ab[genotype={2.859457598034362,0.787715365350657,1.8421870511461322,0.8944312053947818,1.2550072519328803,0.0,1.8854310378189525,5.12,5.12,0.0,4.074730069511787,0.0,0.0,0.0,0.0,0.7164878280002163,5.12,1.0290733255843068,0.8615257561317482,0.3244657601174823,0.3609177964697312,0.0,2.26605065982766,0.11364408941815496,4.649281898174914,0.0,4.10783457339101,0.0,1.8196595681715122,2.3352521159130637},fitness=net.sf.jclec.fitness.SimpleValueFitness@5e025e70[value=307.45529149446264]]
Worst individual: net.sf.jclec.realarray.RealArrayIndividual@4563e9ab[genotype={2.859457598034362,0.787715365350657,1.8421870511461322,0.8944312053947818,1.2550072519328803,0.0,1.8854310378189525,5.12,5.12,0.0,4.074730069511787,0.0,0.0,0.0,0.0,0.7164878280002163,5.12,1.0290733255843068,0.8615257561317482,0.3244657601174823,0.3609177964697312,0.0,2.26605065982766,0.11364408941815496,4.649281898174914,0.0,4.10783457339101,0.0,1.8196595681715122,2.3352521159130637},fitness=net.sf.jclec.fitness.SimpleValueFitness@5e025e70[value=307.45529149446264]]
Median individual: net.sf.jclec.realarray.RealArrayIndividual@4563e9ab[genotype={2.859457598034362,0.787715365350657,1.8421870511461322,0.8944312053947818,1.2550072519328803,0.0,1.8854310378189525,5.12,5.12,0.0,4.074730069511787,0.0,0.0,0.0,0.0,0.7164878280002163,5.12,1.0290733255843068,0.8615257561317482,0.3244657601174823,0.3609177964697312,0.0,2.26605065982766,0.11364408941815496,4.649281898174914,0.0,4.10783457339101,0.0,1.8196595681715122,2.3352521159130637},fitness=net.sf.jclec.fitness.SimpleValueFitness@5e025e70[value=307.45529149446264]]
Average fitness = 307.45529149446264
Fitness variance = 0.0
Generation 460 Report
Best individual: net.sf.jclec.realarray.RealArrayIndividual@1fbc7afb[genotype={2.859457598034362,0.787715365350657,1.8421870511461322,0.8944312053947818,1.2550072519328803,0.0,1.8854310378189525,5.12,5.12,0.0,4.074730069511787,0.0,0.0,0.0,0.0,0.7164878280002163,5.12,1.0290733255843068,0.8615257561317482,0.3244657601174823,0.3609177964697312,0.0,2.26605065982766,0.11364408941815496,4.649281898174914,0.0,4.10783457339101,0.0,1.8196595681715122,2.3352521159130637},fitness=net.sf.jclec.fitness.SimpleValueFitness@4cdbe50f[value=307.45529149446264]]
Worst individual: net.sf.jclec.realarray.RealArrayIndividual@1fbc7afb[genotype={2.859457598034362,0.787715365350657,1.8421870511461322,0.8944312053947818,1.2550072519328803,0.0,1.8854310378189525,5.12,5.12,0.0,4.074730069511787,0.0,0.0,0.0,0.0,0.7164878280002163,5.12,1.0290733255843068,0.8615257561317482,0.3244657601174823,0.3609177964697312,0.0,2.26605065982766,0.11364408941815496,4.649281898174914,0.0,4.10783457339101,0.0,1.8196595681715122,2.3352521159130637},fitness=net.sf.jclec.fitness.SimpleValueFitness@4cdbe50f[value=307.45529149446264]]
Median individual: net.sf.jclec.realarray.RealArrayIndividual@1fbc7afb[genotype={2.859457598034362,0.787715365350657,1.8421870511461322,0.8944312053947818,1.2550072519328803,0.0,1.8854310378189525,5.12,5.12,0.0,4.074730069511787,0.0,0.0,0.0,0.0,0.7164878280002163,5.12,1.0290733255843068,0.8615257561317482,0.3244657601174823,0.3609177964697312,0.0,2.26605065982766,0.11364408941815496,4.649281898174914,0.0,4.10783457339101,0.0,1.8196595681715122,2.3352521159130637},fitness=net.sf.jclec.fitness.SimpleValueFitness@4cdbe50f[value=307.45529149446264]]
Average fitness = 307.45529149446264
Fitness variance = 0.0
Generation 470 Report
Best individual: net.sf.jclec.realarray.RealArrayIndividual@66d33a[genotype={2.859457598034362,0.787715365350657,1.8421870511461322,0.8944312053947818,1.2550072519328803,0.0,1.8854310378189525,5.12,5.12,0.0,4.074730069511787,0.0,0.0,0.0,0.0,0.7164878280002163,5.12,1.0290733255843068,0.8615257561317482,0.3244657601174823,0.3609177964697312,0.0,2.26605065982766,0.11364408941815496,4.649281898174914,0.0,4.10783457339101,0.0,1.8196595681715122,2.3352521159130637},fitness=net.sf.jclec.fitness.SimpleValueFitness@7e0babb1[value=307.45529149446264]]
Worst individual: net.sf.jclec.realarray.RealArrayIndividual@66d33a[genotype={2.859457598034362,0.787715365350657,1.8421870511461322,0.8944312053947818,1.2550072519328803,0.0,1.8854310378189525,5.12,5.12,0.0,4.074730069511787,0.0,0.0,0.0,0.0,0.7164878280002163,5.12,1.0290733255843068,0.8615257561317482,0.3244657601174823,0.3609177964697312,0.0,2.26605065982766,0.11364408941815496,4.649281898174914,0.0,4.10783457339101,0.0,1.8196595681715122,2.3352521159130637},fitness=net.sf.jclec.fitness.SimpleValueFitness@7e0babb1[value=307.45529149446264]]
Median individual: net.sf.jclec.realarray.RealArrayIndividual@66d33a[genotype={2.859457598034362,0.787715365350657,1.8421870511461322,0.8944312053947818,1.2550072519328803,0.0,1.8854310378189525,5.12,5.12,0.0,4.074730069511787,0.0,0.0,0.0,0.0,0.7164878280002163,5.12,1.0290733255843068,0.8615257561317482,0.3244657601174823,0.3609177964697312,0.0,2.26605065982766,0.11364408941815496,4.649281898174914,0.0,4.10783457339101,0.0,1.8196595681715122,2.3352521159130637},fitness=net.sf.jclec.fitness.SimpleValueFitness@7e0babb1[value=307.45529149446264]]
Average fitness = 307.45529149446264
Fitness variance = 0.0
Generation 480 Report
Best individual: net.sf.jclec.realarray.RealArrayIndividual@6debcae2[genotype={2.859457598034362,0.787715365350657,1.8421870511461322,0.8944312053947818,1.2550072519328803,0.0,1.8854310378189525,5.12,5.12,0.0,4.074730069511787,0.0,0.0,0.0,0.0,0.7164878280002163,5.12,1.0290733255843068,0.8615257561317482,0.3244657601174823,0.3609177964697312,0.0,2.26605065982766,0.11364408941815496,4.649281898174914,0.0,4.10783457339101,0.0,1.8196595681715122,2.3352521159130637},fitness=net.sf.jclec.fitness.SimpleValueFitness@2ff4f00f[value=307.45529149446264]]
Worst individual: net.sf.jclec.realarray.RealArrayIndividual@6debcae2[genotype={2.859457598034362,0.787715365350657,1.8421870511461322,0.8944312053947818,1.2550072519328803,0.0,1.8854310378189525,5.12,5.12,0.0,4.074730069511787,0.0,0.0,0.0,0.0,0.7164878280002163,5.12,1.0290733255843068,0.8615257561317482,0.3244657601174823,0.3609177964697312,0.0,2.26605065982766,0.11364408941815496,4.649281898174914,0.0,4.10783457339101,0.0,1.8196595681715122,2.3352521159130637},fitness=net.sf.jclec.fitness.SimpleValueFitness@2ff4f00f[value=307.45529149446264]]
Median individual: net.sf.jclec.realarray.RealArrayIndividual@6debcae2[genotype={2.859457598034362,0.787715365350657,1.8421870511461322,0.8944312053947818,1.2550072519328803,0.0,1.8854310378189525,5.12,5.12,0.0,4.074730069511787,0.0,0.0,0.0,0.0,0.7164878280002163,5.12,1.0290733255843068,0.8615257561317482,0.3244657601174823,0.3609177964697312,0.0,2.26605065982766,0.11364408941815496,4.649281898174914,0.0,4.10783457339101,0.0,1.8196595681715122,2.3352521159130637},fitness=net.sf.jclec.fitness.SimpleValueFitness@2ff4f00f[value=307.45529149446264]]
Average fitness = 307.45529149446264
Fitness variance = 0.0
Generation 490 Report
Best individual: net.sf.jclec.realarray.RealArrayIndividual@c818063[genotype={2.859457598034362,0.787715365350657,1.8421870511461322,0.8944312053947818,1.2550072519328803,0.0,1.8854310378189525,5.12,5.12,0.0,4.074730069511787,0.0,0.0,0.0,0.0,0.7164878280002163,5.12,1.0290733255843068,0.8615257561317482,0.3244657601174823,0.3609177964697312,0.0,2.26605065982766,0.11364408941815496,4.649281898174914,0.0,4.10783457339101,0.0,1.8196595681715122,2.3352521159130637},fitness=net.sf.jclec.fitness.SimpleValueFitness@75bd9247[value=307.45529149446264]]
Worst individual: net.sf.jclec.realarray.RealArrayIndividual@c818063[genotype={2.859457598034362,0.787715365350657,1.8421870511461322,0.8944312053947818,1.2550072519328803,0.0,1.8854310378189525,5.12,5.12,0.0,4.074730069511787,0.0,0.0,0.0,0.0,0.7164878280002163,5.12,1.0290733255843068,0.8615257561317482,0.3244657601174823,0.3609177964697312,0.0,2.26605065982766,0.11364408941815496,4.649281898174914,0.0,4.10783457339101,0.0,1.8196595681715122,2.3352521159130637},fitness=net.sf.jclec.fitness.SimpleValueFitness@75bd9247[value=307.45529149446264]]
Median individual: net.sf.jclec.realarray.RealArrayIndividual@c818063[genotype={2.859457598034362,0.787715365350657,1.8421870511461322,0.8944312053947818,1.2550072519328803,0.0,1.8854310378189525,5.12,5.12,0.0,4.074730069511787,0.0,0.0,0.0,0.0,0.7164878280002163,5.12,1.0290733255843068,0.8615257561317482,0.3244657601174823,0.3609177964697312,0.0,2.26605065982766,0.11364408941815496,4.649281898174914,0.0,4.10783457339101,0.0,1.8196595681715122,2.3352521159130637},fitness=net.sf.jclec.fitness.SimpleValueFitness@75bd9247[value=307.45529149446264]]
Average fitness = 307.45529149446264
Fitness variance = 0.0
Generation 500 Report
Best individual: net.sf.jclec.realarray.RealArrayIndividual@7d417077[genotype={2.859457598034362,0.787715365350657,1.8421870511461322,0.8944312053947818,1.2550072519328803,0.0,1.8854310378189525,5.12,5.12,0.0,4.074730069511787,0.0,0.0,0.0,0.0,0.7164878280002163,5.12,1.0290733255843068,0.8615257561317482,0.3244657601174823,0.3609177964697312,0.0,2.26605065982766,0.11364408941815496,4.649281898174914,0.0,4.10783457339101,0.0,1.8196595681715122,2.3352521159130637},fitness=net.sf.jclec.fitness.SimpleValueFitness@35bbe5e8[value=307.45529149446264]]
Worst individual: net.sf.jclec.realarray.RealArrayIndividual@7d417077[genotype={2.859457598034362,0.787715365350657,1.8421870511461322,0.8944312053947818,1.2550072519328803,0.0,1.8854310378189525,5.12,5.12,0.0,4.074730069511787,0.0,0.0,0.0,0.0,0.7164878280002163,5.12,1.0290733255843068,0.8615257561317482,0.3244657601174823,0.3609177964697312,0.0,2.26605065982766,0.11364408941815496,4.649281898174914,0.0,4.10783457339101,0.0,1.8196595681715122,2.3352521159130637},fitness=net.sf.jclec.fitness.SimpleValueFitness@35bbe5e8[value=307.45529149446264]]
Median individual: net.sf.jclec.realarray.RealArrayIndividual@7d417077[genotype={2.859457598034362,0.787715365350657,1.8421870511461322,0.8944312053947818,1.2550072519328803,0.0,1.8854310378189525,5.12,5.12,0.0,4.074730069511787,0.0,0.0,0.0,0.0,0.7164878280002163,5.12,1.0290733255843068,0.8615257561317482,0.3244657601174823,0.3609177964697312,0.0,2.26605065982766,0.11364408941815496,4.649281898174914,0.0,4.10783457339101,0.0,1.8196595681715122,2.3352521159130637},fitness=net.sf.jclec.fitness.SimpleValueFitness@35bbe5e8[value=307.45529149446264]]
Average fitness = 307.45529149446264
Fitness variance = 0.0
