Wed Nov 28 15.55.50 CET 2018
Generation 0 Report
Best individual: net.sf.jclec.realarray.RealArrayIndividual@28ba21f3[genotype={3.0336590330155166,3.909755186312182,2.1321291050311717,2.531510982371971,1.098734206106468,2.132881027182251,4.198401129238232,3.9273889324631344,0.22458796636468945,4.943541919029762,3.269090701038377,0.38086885059871234,1.7996257342663544,0.15709564398752307,2.5369424104756395,4.045539527533777,3.20847622556651,2.0583679497995764,1.053410203558842,1.9688209569642532,1.9046372026780602,4.765333148188847,2.2988499075909785,0.967637181430327,0.1468932620985723,2.781089672550905,1.724352785856956,2.2359778536846235,3.2181140274763886,4.920061395757168},fitness=net.sf.jclec.fitness.SimpleValueFitness@f2a0b8e[value=419.78918256877887]]
Worst individual: net.sf.jclec.realarray.RealArrayIndividual@4141d797[genotype={4.326564868598063,2.734757590923831,0.020700061885468163,0.3550238276927314,0.9557293079520743,0.7094251516110188,4.651010966709034,0.6636350454969165,2.31457418790009,3.560441123732507,2.9285244929299243,2.081146757106846,0.6881161924997867,2.642149820817735,3.6152010520210256,4.839125943950938,1.325691762341347,3.8353996654676155,2.8193985014721115,4.491854363326194,4.278958756727676,4.531124286176184,3.4252060941637628,0.5103623457778693,4.235884908259783,0.3579766251860864,3.5212438660990357,4.1633678545864505,1.73410328107969,4.70810442405667},fitness=net.sf.jclec.fitness.SimpleValueFitness@4f47d241[value=655.9996992630323]]
Median individual: net.sf.jclec.realarray.RealArrayIndividual@26f0a63f[genotype={0.4190632242937155,1.199321846272596,2.7644462552157036,5.094341600512001,0.19844286744268647,0.43327945936518963,3.631799622820276,4.934367824579575,2.9615088554775197,1.0235184972311004,3.8978618086839347,0.6988635062921708,1.8559760146566313,0.9364013164165038,3.842777705028761,4.156135550769939,3.6830039813631403,3.9321899126850868,0.559608007425153,3.7473743983283714,3.7970078358842048,3.508634381559637,1.8000450839481945,1.6428024429817196,1.2613555536747776,2.4905859195537716,1.459895860409213,3.2241374751541465,0.4393046856455962,0.6191857482877682},fitness=net.sf.jclec.fitness.SimpleValueFitness@53bd815b[value=530.8674566308445]]
Average fitness = 544.8969678461236
Fitness variance = 2579.6823975173756
Generation 10 Report
Best individual: net.sf.jclec.realarray.RealArrayIndividual@4ca8195f[genotype={1.2376173536908128,0.0,1.8749007647115417,2.1148915675586646,5.12,1.3982987822536932,2.578154604590213,1.5986561605331338,1.104043779697812,0.19953171608251236,3.288972710076533,1.144376809675759,3.0797892864947607,0.00621359820922459,3.73719316609027,2.0405169469222644,2.1117790398444467,0.7622196800304267,0.0,3.042584134328923,2.0353976298543746,3.869692992496048,3.24688670868164,2.836533242415379,3.0835906987177513,2.950488872772133,4.992137246535883,1.2508618716151911,1.30521376736242,0.7837512420653794},fitness=net.sf.jclec.fitness.SimpleValueFitness@61baa894[value=360.0232138990272]]
Worst individual: net.sf.jclec.realarray.RealArrayIndividual@4ca8195f[genotype={1.2376173536908128,0.0,1.8749007647115417,2.1148915675586646,5.12,1.3982987822536932,2.578154604590213,1.5986561605331338,1.104043779697812,0.19953171608251236,3.288972710076533,1.144376809675759,3.0797892864947607,0.00621359820922459,3.73719316609027,2.0405169469222644,2.1117790398444467,0.7622196800304267,0.0,3.042584134328923,2.0353976298543746,3.869692992496048,3.24688670868164,2.836533242415379,3.0835906987177513,2.950488872772133,4.992137246535883,1.2508618716151911,1.30521376736242,0.7837512420653794},fitness=net.sf.jclec.fitness.SimpleValueFitness@61baa894[value=360.0232138990272]]
Median individual: net.sf.jclec.realarray.RealArrayIndividual@4ca8195f[genotype={1.2376173536908128,0.0,1.8749007647115417,2.1148915675586646,5.12,1.3982987822536932,2.578154604590213,1.5986561605331338,1.104043779697812,0.19953171608251236,3.288972710076533,1.144376809675759,3.0797892864947607,0.00621359820922459,3.73719316609027,2.0405169469222644,2.1117790398444467,0.7622196800304267,0.0,3.042584134328923,2.0353976298543746,3.869692992496048,3.24688670868164,2.836533242415379,3.0835906987177513,2.950488872772133,4.992137246535883,1.2508618716151911,1.30521376736242,0.7837512420653794},fitness=net.sf.jclec.fitness.SimpleValueFitness@61baa894[value=360.0232138990272]]
Average fitness = 360.0232138990272
Fitness variance = 0.0
Generation 20 Report
Best individual: net.sf.jclec.realarray.RealArrayIndividual@b065c63[genotype={1.2376173536908128,0.0,0.2846600775723618,2.1148915675586646,5.12,0.0,2.301636116697196,3.087298877406453,2.2164484009866947,0.19953171608251236,3.3515617858323026,0.23581572706531229,3.0797892864947607,0.00621359820922459,2.9789615041950164,1.4474383850271744,1.5790820746404712,0.7622196800304267,0.0,1.1009575331361736,1.9432412846765967,3.0293873790863515,3.817450041074504,2.836533242415379,1.3526404380656212,2.950488872772133,4.992137246535883,0.0,2.2295982212421714,0.7837512420653794},fitness=net.sf.jclec.fitness.SimpleValueFitness@490d6c15[value=341.21211924440377]]
Worst individual: net.sf.jclec.realarray.RealArrayIndividual@b065c63[genotype={1.2376173536908128,0.0,0.2846600775723618,2.1148915675586646,5.12,0.0,2.301636116697196,3.087298877406453,2.2164484009866947,0.19953171608251236,3.3515617858323026,0.23581572706531229,3.0797892864947607,0.00621359820922459,2.9789615041950164,1.4474383850271744,1.5790820746404712,0.7622196800304267,0.0,1.1009575331361736,1.9432412846765967,3.0293873790863515,3.817450041074504,2.836533242415379,1.3526404380656212,2.950488872772133,4.992137246535883,0.0,2.2295982212421714,0.7837512420653794},fitness=net.sf.jclec.fitness.SimpleValueFitness@490d6c15[value=341.21211924440377]]
Median individual: net.sf.jclec.realarray.RealArrayIndividual@b065c63[genotype={1.2376173536908128,0.0,0.2846600775723618,2.1148915675586646,5.12,0.0,2.301636116697196,3.087298877406453,2.2164484009866947,0.19953171608251236,3.3515617858323026,0.23581572706531229,3.0797892864947607,0.00621359820922459,2.9789615041950164,1.4474383850271744,1.5790820746404712,0.7622196800304267,0.0,1.1009575331361736,1.9432412846765967,3.0293873790863515,3.817450041074504,2.836533242415379,1.3526404380656212,2.950488872772133,4.992137246535883,0.0,2.2295982212421714,0.7837512420653794},fitness=net.sf.jclec.fitness.SimpleValueFitness@490d6c15[value=341.21211924440377]]
Average fitness = 341.21211924440377
Fitness variance = 0.0
Generation 30 Report
Best individual: net.sf.jclec.realarray.RealArrayIndividual@7d4793a8[genotype={1.2376173536908128,0.0,0.2846600775723618,2.1148915675586646,5.12,0.0,2.301636116697196,3.087298877406453,2.2164484009866947,0.19953171608251236,3.3515617858323026,0.23581572706531229,3.0797892864947607,0.00621359820922459,2.9789615041950164,1.4474383850271744,1.5790820746404712,0.7622196800304267,0.0,1.1009575331361736,1.9432412846765967,3.0293873790863515,3.817450041074504,2.836533242415379,1.3526404380656212,2.950488872772133,4.992137246535883,0.0,2.2295982212421714,0.7837512420653794},fitness=net.sf.jclec.fitness.SimpleValueFitness@5479e3f[value=341.21211924440377]]
Worst individual: net.sf.jclec.realarray.RealArrayIndividual@7d4793a8[genotype={1.2376173536908128,0.0,0.2846600775723618,2.1148915675586646,5.12,0.0,2.301636116697196,3.087298877406453,2.2164484009866947,0.19953171608251236,3.3515617858323026,0.23581572706531229,3.0797892864947607,0.00621359820922459,2.9789615041950164,1.4474383850271744,1.5790820746404712,0.7622196800304267,0.0,1.1009575331361736,1.9432412846765967,3.0293873790863515,3.817450041074504,2.836533242415379,1.3526404380656212,2.950488872772133,4.992137246535883,0.0,2.2295982212421714,0.7837512420653794},fitness=net.sf.jclec.fitness.SimpleValueFitness@5479e3f[value=341.21211924440377]]
Median individual: net.sf.jclec.realarray.RealArrayIndividual@7d4793a8[genotype={1.2376173536908128,0.0,0.2846600775723618,2.1148915675586646,5.12,0.0,2.301636116697196,3.087298877406453,2.2164484009866947,0.19953171608251236,3.3515617858323026,0.23581572706531229,3.0797892864947607,0.00621359820922459,2.9789615041950164,1.4474383850271744,1.5790820746404712,0.7622196800304267,0.0,1.1009575331361736,1.9432412846765967,3.0293873790863515,3.817450041074504,2.836533242415379,1.3526404380656212,2.950488872772133,4.992137246535883,0.0,2.2295982212421714,0.7837512420653794},fitness=net.sf.jclec.fitness.SimpleValueFitness@5479e3f[value=341.21211924440377]]
Average fitness = 341.21211924440377
Fitness variance = 0.0
Generation 40 Report
Best individual: net.sf.jclec.realarray.RealArrayIndividual@27082746[genotype={1.2376173536908128,0.0,0.2846600775723618,2.1148915675586646,5.12,0.0,2.301636116697196,3.087298877406453,2.2164484009866947,0.19953171608251236,3.3515617858323026,0.23581572706531229,3.0797892864947607,0.00621359820922459,2.9789615041950164,1.4474383850271744,1.5790820746404712,0.7622196800304267,0.0,1.1009575331361736,1.9432412846765967,3.0293873790863515,3.817450041074504,2.836533242415379,1.3526404380656212,2.950488872772133,4.992137246535883,0.0,2.2295982212421714,0.7837512420653794},fitness=net.sf.jclec.fitness.SimpleValueFitness@7bfcd12c[value=341.21211924440377]]
Worst individual: net.sf.jclec.realarray.RealArrayIndividual@27082746[genotype={1.2376173536908128,0.0,0.2846600775723618,2.1148915675586646,5.12,0.0,2.301636116697196,3.087298877406453,2.2164484009866947,0.19953171608251236,3.3515617858323026,0.23581572706531229,3.0797892864947607,0.00621359820922459,2.9789615041950164,1.4474383850271744,1.5790820746404712,0.7622196800304267,0.0,1.1009575331361736,1.9432412846765967,3.0293873790863515,3.817450041074504,2.836533242415379,1.3526404380656212,2.950488872772133,4.992137246535883,0.0,2.2295982212421714,0.7837512420653794},fitness=net.sf.jclec.fitness.SimpleValueFitness@7bfcd12c[value=341.21211924440377]]
Median individual: net.sf.jclec.realarray.RealArrayIndividual@27082746[genotype={1.2376173536908128,0.0,0.2846600775723618,2.1148915675586646,5.12,0.0,2.301636116697196,3.087298877406453,2.2164484009866947,0.19953171608251236,3.3515617858323026,0.23581572706531229,3.0797892864947607,0.00621359820922459,2.9789615041950164,1.4474383850271744,1.5790820746404712,0.7622196800304267,0.0,1.1009575331361736,1.9432412846765967,3.0293873790863515,3.817450041074504,2.836533242415379,1.3526404380656212,2.950488872772133,4.992137246535883,0.0,2.2295982212421714,0.7837512420653794},fitness=net.sf.jclec.fitness.SimpleValueFitness@7bfcd12c[value=341.21211924440377]]
Average fitness = 341.21211924440377
Fitness variance = 0.0
Generation 50 Report
Best individual: net.sf.jclec.realarray.RealArrayIndividual@42f30e0a[genotype={1.2376173536908128,0.0,0.2846600775723618,2.1148915675586646,5.12,0.0,2.301636116697196,3.087298877406453,2.2164484009866947,0.19953171608251236,3.3515617858323026,0.23581572706531229,3.0797892864947607,0.00621359820922459,2.9789615041950164,1.4474383850271744,1.5790820746404712,0.7622196800304267,0.0,1.1009575331361736,1.9432412846765967,3.0293873790863515,3.817450041074504,2.836533242415379,1.3526404380656212,2.950488872772133,4.992137246535883,0.0,2.2295982212421714,0.7837512420653794},fitness=net.sf.jclec.fitness.SimpleValueFitness@5b1d2887[value=341.21211924440377]]
Worst individual: net.sf.jclec.realarray.RealArrayIndividual@42f30e0a[genotype={1.2376173536908128,0.0,0.2846600775723618,2.1148915675586646,5.12,0.0,2.301636116697196,3.087298877406453,2.2164484009866947,0.19953171608251236,3.3515617858323026,0.23581572706531229,3.0797892864947607,0.00621359820922459,2.9789615041950164,1.4474383850271744,1.5790820746404712,0.7622196800304267,0.0,1.1009575331361736,1.9432412846765967,3.0293873790863515,3.817450041074504,2.836533242415379,1.3526404380656212,2.950488872772133,4.992137246535883,0.0,2.2295982212421714,0.7837512420653794},fitness=net.sf.jclec.fitness.SimpleValueFitness@5b1d2887[value=341.21211924440377]]
Median individual: net.sf.jclec.realarray.RealArrayIndividual@42f30e0a[genotype={1.2376173536908128,0.0,0.2846600775723618,2.1148915675586646,5.12,0.0,2.301636116697196,3.087298877406453,2.2164484009866947,0.19953171608251236,3.3515617858323026,0.23581572706531229,3.0797892864947607,0.00621359820922459,2.9789615041950164,1.4474383850271744,1.5790820746404712,0.7622196800304267,0.0,1.1009575331361736,1.9432412846765967,3.0293873790863515,3.817450041074504,2.836533242415379,1.3526404380656212,2.950488872772133,4.992137246535883,0.0,2.2295982212421714,0.7837512420653794},fitness=net.sf.jclec.fitness.SimpleValueFitness@5b1d2887[value=341.21211924440377]]
Average fitness = 341.21211924440377
Fitness variance = 0.0
Generation 60 Report
Best individual: net.sf.jclec.realarray.RealArrayIndividual@46f5f779[genotype={1.107384833961087,0.0,0.0,0.41713893614554776,5.12,0.0,0.900848190918081,1.311649185070278,2.2164484009866947,0.19953171608251236,1.871060937989618,0.23581572706531229,3.0797892864947607,1.933208537477649,2.9789615041950164,1.6587087496952406,1.5790820746404712,0.7622196800304267,0.0,1.1009575331361736,1.9432412846765967,1.898247815157418,4.4857739826891025,2.836533242415379,1.3526404380656212,2.7986141257267008,4.992137246535883,0.0,4.036854733050116,0.7837512420653794},fitness=net.sf.jclec.fitness.SimpleValueFitness@18e8568[value=327.22011994436195]]
Worst individual: net.sf.jclec.realarray.RealArrayIndividual@46f5f779[genotype={1.107384833961087,0.0,0.0,0.41713893614554776,5.12,0.0,0.900848190918081,1.311649185070278,2.2164484009866947,0.19953171608251236,1.871060937989618,0.23581572706531229,3.0797892864947607,1.933208537477649,2.9789615041950164,1.6587087496952406,1.5790820746404712,0.7622196800304267,0.0,1.1009575331361736,1.9432412846765967,1.898247815157418,4.4857739826891025,2.836533242415379,1.3526404380656212,2.7986141257267008,4.992137246535883,0.0,4.036854733050116,0.7837512420653794},fitness=net.sf.jclec.fitness.SimpleValueFitness@18e8568[value=327.22011994436195]]
Median individual: net.sf.jclec.realarray.RealArrayIndividual@46f5f779[genotype={1.107384833961087,0.0,0.0,0.41713893614554776,5.12,0.0,0.900848190918081,1.311649185070278,2.2164484009866947,0.19953171608251236,1.871060937989618,0.23581572706531229,3.0797892864947607,1.933208537477649,2.9789615041950164,1.6587087496952406,1.5790820746404712,0.7622196800304267,0.0,1.1009575331361736,1.9432412846765967,1.898247815157418,4.4857739826891025,2.836533242415379,1.3526404380656212,2.7986141257267008,4.992137246535883,0.0,4.036854733050116,0.7837512420653794},fitness=net.sf.jclec.fitness.SimpleValueFitness@18e8568[value=327.22011994436195]]
Average fitness = 327.22011994436195
Fitness variance = 0.0
Generation 70 Report
Best individual: net.sf.jclec.realarray.RealArrayIndividual@33e5ccce[genotype={1.107384833961087,0.0,0.0,0.41713893614554776,5.12,0.0,0.900848190918081,1.311649185070278,2.2164484009866947,0.19953171608251236,1.871060937989618,0.23581572706531229,3.0797892864947607,1.933208537477649,2.9789615041950164,1.6587087496952406,1.5790820746404712,0.7622196800304267,0.0,1.1009575331361736,1.9432412846765967,1.898247815157418,4.4857739826891025,2.836533242415379,1.3526404380656212,2.7986141257267008,4.992137246535883,0.0,4.036854733050116,0.7837512420653794},fitness=net.sf.jclec.fitness.SimpleValueFitness@270421f5[value=327.22011994436195]]
Worst individual: net.sf.jclec.realarray.RealArrayIndividual@33e5ccce[genotype={1.107384833961087,0.0,0.0,0.41713893614554776,5.12,0.0,0.900848190918081,1.311649185070278,2.2164484009866947,0.19953171608251236,1.871060937989618,0.23581572706531229,3.0797892864947607,1.933208537477649,2.9789615041950164,1.6587087496952406,1.5790820746404712,0.7622196800304267,0.0,1.1009575331361736,1.9432412846765967,1.898247815157418,4.4857739826891025,2.836533242415379,1.3526404380656212,2.7986141257267008,4.992137246535883,0.0,4.036854733050116,0.7837512420653794},fitness=net.sf.jclec.fitness.SimpleValueFitness@270421f5[value=327.22011994436195]]
Median individual: net.sf.jclec.realarray.RealArrayIndividual@33e5ccce[genotype={1.107384833961087,0.0,0.0,0.41713893614554776,5.12,0.0,0.900848190918081,1.311649185070278,2.2164484009866947,0.19953171608251236,1.871060937989618,0.23581572706531229,3.0797892864947607,1.933208537477649,2.9789615041950164,1.6587087496952406,1.5790820746404712,0.7622196800304267,0.0,1.1009575331361736,1.9432412846765967,1.898247815157418,4.4857739826891025,2.836533242415379,1.3526404380656212,2.7986141257267008,4.992137246535883,0.0,4.036854733050116,0.7837512420653794},fitness=net.sf.jclec.fitness.SimpleValueFitness@270421f5[value=327.22011994436195]]
Average fitness = 327.22011994436195
Fitness variance = 0.0
Generation 80 Report
Best individual: net.sf.jclec.realarray.RealArrayIndividual@52d455b8[genotype={0.8321916740072264,0.0,0.8566453415934099,0.2686883251615342,3.4335721303309454,0.9387063216466802,2.3189325329832426,1.311649185070278,3.0502311566954883,0.0,1.871060937989618,0.0,3.0797892864947607,1.933208537477649,2.9789615041950164,0.0,1.5790820746404712,0.7622196800304267,0.0,1.1009575331361736,1.9432412846765967,1.898247815157418,3.6867822998887703,4.336745224880229,2.5599075919480754,2.7986141257267008,4.992137246535883,0.8646650387331083,4.036854733050116,0.0},fitness=net.sf.jclec.fitness.SimpleValueFitness@18ef96[value=321.8428863049896]]
Worst individual: net.sf.jclec.realarray.RealArrayIndividual@52d455b8[genotype={0.8321916740072264,0.0,0.8566453415934099,0.2686883251615342,3.4335721303309454,0.9387063216466802,2.3189325329832426,1.311649185070278,3.0502311566954883,0.0,1.871060937989618,0.0,3.0797892864947607,1.933208537477649,2.9789615041950164,0.0,1.5790820746404712,0.7622196800304267,0.0,1.1009575331361736,1.9432412846765967,1.898247815157418,3.6867822998887703,4.336745224880229,2.5599075919480754,2.7986141257267008,4.992137246535883,0.8646650387331083,4.036854733050116,0.0},fitness=net.sf.jclec.fitness.SimpleValueFitness@18ef96[value=321.8428863049896]]
Median individual: net.sf.jclec.realarray.RealArrayIndividual@52d455b8[genotype={0.8321916740072264,0.0,0.8566453415934099,0.2686883251615342,3.4335721303309454,0.9387063216466802,2.3189325329832426,1.311649185070278,3.0502311566954883,0.0,1.871060937989618,0.0,3.0797892864947607,1.933208537477649,2.9789615041950164,0.0,1.5790820746404712,0.7622196800304267,0.0,1.1009575331361736,1.9432412846765967,1.898247815157418,3.6867822998887703,4.336745224880229,2.5599075919480754,2.7986141257267008,4.992137246535883,0.8646650387331083,4.036854733050116,0.0},fitness=net.sf.jclec.fitness.SimpleValueFitness@18ef96[value=321.8428863049896]]
Average fitness = 321.8428863049896
Fitness variance = 0.0
Generation 90 Report
Best individual: net.sf.jclec.realarray.RealArrayIndividual@6956de9[genotype={0.8321916740072264,0.0,0.8566453415934099,0.2686883251615342,3.4335721303309454,0.9387063216466802,2.3189325329832426,1.311649185070278,3.0502311566954883,0.0,1.871060937989618,0.0,3.0797892864947607,1.933208537477649,2.9789615041950164,0.0,1.5790820746404712,0.7622196800304267,0.0,1.1009575331361736,1.9432412846765967,1.898247815157418,3.6867822998887703,4.336745224880229,2.5599075919480754,2.7986141257267008,4.992137246535883,0.8646650387331083,4.036854733050116,0.0},fitness=net.sf.jclec.fitness.SimpleValueFitness@6aceb1a5[value=321.8428863049896]]
Worst individual: net.sf.jclec.realarray.RealArrayIndividual@6956de9[genotype={0.8321916740072264,0.0,0.8566453415934099,0.2686883251615342,3.4335721303309454,0.9387063216466802,2.3189325329832426,1.311649185070278,3.0502311566954883,0.0,1.871060937989618,0.0,3.0797892864947607,1.933208537477649,2.9789615041950164,0.0,1.5790820746404712,0.7622196800304267,0.0,1.1009575331361736,1.9432412846765967,1.898247815157418,3.6867822998887703,4.336745224880229,2.5599075919480754,2.7986141257267008,4.992137246535883,0.8646650387331083,4.036854733050116,0.0},fitness=net.sf.jclec.fitness.SimpleValueFitness@6aceb1a5[value=321.8428863049896]]
Median individual: net.sf.jclec.realarray.RealArrayIndividual@6956de9[genotype={0.8321916740072264,0.0,0.8566453415934099,0.2686883251615342,3.4335721303309454,0.9387063216466802,2.3189325329832426,1.311649185070278,3.0502311566954883,0.0,1.871060937989618,0.0,3.0797892864947607,1.933208537477649,2.9789615041950164,0.0,1.5790820746404712,0.7622196800304267,0.0,1.1009575331361736,1.9432412846765967,1.898247815157418,3.6867822998887703,4.336745224880229,2.5599075919480754,2.7986141257267008,4.992137246535883,0.8646650387331083,4.036854733050116,0.0},fitness=net.sf.jclec.fitness.SimpleValueFitness@6aceb1a5[value=321.8428863049896]]
Average fitness = 321.8428863049896
Fitness variance = 0.0
Generation 100 Report
Best individual: net.sf.jclec.realarray.RealArrayIndividual@2d6d8735[genotype={0.8321916740072264,0.0,0.8566453415934099,0.2686883251615342,3.4335721303309454,0.9387063216466802,2.3189325329832426,1.311649185070278,3.0502311566954883,0.0,1.871060937989618,0.0,3.0797892864947607,1.933208537477649,2.9789615041950164,0.0,1.5790820746404712,0.7622196800304267,0.0,1.1009575331361736,1.9432412846765967,1.898247815157418,3.6867822998887703,4.336745224880229,2.5599075919480754,2.7986141257267008,4.992137246535883,0.8646650387331083,4.036854733050116,0.0},fitness=net.sf.jclec.fitness.SimpleValueFitness@12bc6874[value=321.8428863049896]]
Worst individual: net.sf.jclec.realarray.RealArrayIndividual@2d6d8735[genotype={0.8321916740072264,0.0,0.8566453415934099,0.2686883251615342,3.4335721303309454,0.9387063216466802,2.3189325329832426,1.311649185070278,3.0502311566954883,0.0,1.871060937989618,0.0,3.0797892864947607,1.933208537477649,2.9789615041950164,0.0,1.5790820746404712,0.7622196800304267,0.0,1.1009575331361736,1.9432412846765967,1.898247815157418,3.6867822998887703,4.336745224880229,2.5599075919480754,2.7986141257267008,4.992137246535883,0.8646650387331083,4.036854733050116,0.0},fitness=net.sf.jclec.fitness.SimpleValueFitness@12bc6874[value=321.8428863049896]]
Median individual: net.sf.jclec.realarray.RealArrayIndividual@2d6d8735[genotype={0.8321916740072264,0.0,0.8566453415934099,0.2686883251615342,3.4335721303309454,0.9387063216466802,2.3189325329832426,1.311649185070278,3.0502311566954883,0.0,1.871060937989618,0.0,3.0797892864947607,1.933208537477649,2.9789615041950164,0.0,1.5790820746404712,0.7622196800304267,0.0,1.1009575331361736,1.9432412846765967,1.898247815157418,3.6867822998887703,4.336745224880229,2.5599075919480754,2.7986141257267008,4.992137246535883,0.8646650387331083,4.036854733050116,0.0},fitness=net.sf.jclec.fitness.SimpleValueFitness@12bc6874[value=321.8428863049896]]
Average fitness = 321.8428863049896
Fitness variance = 0.0
Generation 110 Report
Best individual: net.sf.jclec.realarray.RealArrayIndividual@de0a01f[genotype={1.2145846501831925,0.0,0.8566453415934099,0.2686883251615342,3.4335721303309454,0.0,4.196972602228153,1.311649185070278,3.0502311566954883,0.0,3.553146135186175,0.0,3.0797892864947607,1.8092776184057224,1.0163992813190519,0.0,2.2057809065506584,0.7622196800304267,0.0,0.0,1.9432412846765967,1.898247815157418,2.9393986352095416,4.336745224880229,1.1064742645675234,2.7986141257267008,5.12,0.8646650387331083,4.036854733050116,0.0},fitness=net.sf.jclec.fitness.SimpleValueFitness@1ef7fe8e[value=302.2264185283437]]
Worst individual: net.sf.jclec.realarray.RealArrayIndividual@de0a01f[genotype={1.2145846501831925,0.0,0.8566453415934099,0.2686883251615342,3.4335721303309454,0.0,4.196972602228153,1.311649185070278,3.0502311566954883,0.0,3.553146135186175,0.0,3.0797892864947607,1.8092776184057224,1.0163992813190519,0.0,2.2057809065506584,0.7622196800304267,0.0,0.0,1.9432412846765967,1.898247815157418,2.9393986352095416,4.336745224880229,1.1064742645675234,2.7986141257267008,5.12,0.8646650387331083,4.036854733050116,0.0},fitness=net.sf.jclec.fitness.SimpleValueFitness@1ef7fe8e[value=302.2264185283437]]
Median individual: net.sf.jclec.realarray.RealArrayIndividual@de0a01f[genotype={1.2145846501831925,0.0,0.8566453415934099,0.2686883251615342,3.4335721303309454,0.0,4.196972602228153,1.311649185070278,3.0502311566954883,0.0,3.553146135186175,0.0,3.0797892864947607,1.8092776184057224,1.0163992813190519,0.0,2.2057809065506584,0.7622196800304267,0.0,0.0,1.9432412846765967,1.898247815157418,2.9393986352095416,4.336745224880229,1.1064742645675234,2.7986141257267008,5.12,0.8646650387331083,4.036854733050116,0.0},fitness=net.sf.jclec.fitness.SimpleValueFitness@1ef7fe8e[value=302.2264185283437]]
Average fitness = 302.2264185283437
Fitness variance = 0.0
Generation 120 Report
Best individual: net.sf.jclec.realarray.RealArrayIndividual@6f79caec[genotype={0.0,1.9475990678480408,0.0,0.2686883251615342,4.153366300887978,0.0,4.649493471692169,1.311649185070278,3.0502311566954883,1.4290479257290727,5.12,0.0,3.0797892864947607,0.05610169594453529,0.2689951610702368,0.0,0.9591812808004805,0.9879419027486392,0.0,0.0,1.9432412846765967,1.898247815157418,2.0446616098098715,3.005173459228732,0.0,3.3706853718544507,5.12,0.0,5.12,0.0},fitness=net.sf.jclec.fitness.SimpleValueFitness@5d3411d[value=284.4537478820882]]
Worst individual: net.sf.jclec.realarray.RealArrayIndividual@6f79caec[genotype={0.0,1.9475990678480408,0.0,0.2686883251615342,4.153366300887978,0.0,4.649493471692169,1.311649185070278,3.0502311566954883,1.4290479257290727,5.12,0.0,3.0797892864947607,0.05610169594453529,0.2689951610702368,0.0,0.9591812808004805,0.9879419027486392,0.0,0.0,1.9432412846765967,1.898247815157418,2.0446616098098715,3.005173459228732,0.0,3.3706853718544507,5.12,0.0,5.12,0.0},fitness=net.sf.jclec.fitness.SimpleValueFitness@5d3411d[value=284.4537478820882]]
Median individual: net.sf.jclec.realarray.RealArrayIndividual@6f79caec[genotype={0.0,1.9475990678480408,0.0,0.2686883251615342,4.153366300887978,0.0,4.649493471692169,1.311649185070278,3.0502311566954883,1.4290479257290727,5.12,0.0,3.0797892864947607,0.05610169594453529,0.2689951610702368,0.0,0.9591812808004805,0.9879419027486392,0.0,0.0,1.9432412846765967,1.898247815157418,2.0446616098098715,3.005173459228732,0.0,3.3706853718544507,5.12,0.0,5.12,0.0},fitness=net.sf.jclec.fitness.SimpleValueFitness@5d3411d[value=284.4537478820882]]
Average fitness = 284.4537478820882
Fitness variance = 0.0
Generation 130 Report
Best individual: net.sf.jclec.realarray.RealArrayIndividual@2471cca7[genotype={0.0,1.9475990678480408,0.0,0.2686883251615342,4.153366300887978,0.0,4.649493471692169,1.311649185070278,3.0502311566954883,1.4290479257290727,5.12,0.0,3.0797892864947607,0.05610169594453529,0.2689951610702368,0.0,0.9591812808004805,0.9879419027486392,0.0,0.0,1.9432412846765967,1.898247815157418,2.0446616098098715,3.005173459228732,0.0,3.3706853718544507,5.12,0.0,5.12,0.0},fitness=net.sf.jclec.fitness.SimpleValueFitness@6979e8cb[value=284.4537478820882]]
Worst individual: net.sf.jclec.realarray.RealArrayIndividual@2471cca7[genotype={0.0,1.9475990678480408,0.0,0.2686883251615342,4.153366300887978,0.0,4.649493471692169,1.311649185070278,3.0502311566954883,1.4290479257290727,5.12,0.0,3.0797892864947607,0.05610169594453529,0.2689951610702368,0.0,0.9591812808004805,0.9879419027486392,0.0,0.0,1.9432412846765967,1.898247815157418,2.0446616098098715,3.005173459228732,0.0,3.3706853718544507,5.12,0.0,5.12,0.0},fitness=net.sf.jclec.fitness.SimpleValueFitness@6979e8cb[value=284.4537478820882]]
Median individual: net.sf.jclec.realarray.RealArrayIndividual@2471cca7[genotype={0.0,1.9475990678480408,0.0,0.2686883251615342,4.153366300887978,0.0,4.649493471692169,1.311649185070278,3.0502311566954883,1.4290479257290727,5.12,0.0,3.0797892864947607,0.05610169594453529,0.2689951610702368,0.0,0.9591812808004805,0.9879419027486392,0.0,0.0,1.9432412846765967,1.898247815157418,2.0446616098098715,3.005173459228732,0.0,3.3706853718544507,5.12,0.0,5.12,0.0},fitness=net.sf.jclec.fitness.SimpleValueFitness@6979e8cb[value=284.4537478820882]]
Average fitness = 284.4537478820882
Fitness variance = 0.0
Generation 140 Report
Best individual: net.sf.jclec.realarray.RealArrayIndividual@763d9750[genotype={0.0,1.9475990678480408,0.0,0.2686883251615342,4.153366300887978,0.0,4.649493471692169,1.311649185070278,3.0502311566954883,1.4290479257290727,5.12,0.0,3.0797892864947607,0.05610169594453529,0.2689951610702368,0.0,0.9591812808004805,0.9879419027486392,0.0,0.0,1.9432412846765967,1.898247815157418,2.0446616098098715,3.005173459228732,0.0,3.3706853718544507,5.12,0.0,5.12,0.0},fitness=net.sf.jclec.fitness.SimpleValueFitness@2be94b0f[value=284.4537478820882]]
Worst individual: net.sf.jclec.realarray.RealArrayIndividual@763d9750[genotype={0.0,1.9475990678480408,0.0,0.2686883251615342,4.153366300887978,0.0,4.649493471692169,1.311649185070278,3.0502311566954883,1.4290479257290727,5.12,0.0,3.0797892864947607,0.05610169594453529,0.2689951610702368,0.0,0.9591812808004805,0.9879419027486392,0.0,0.0,1.9432412846765967,1.898247815157418,2.0446616098098715,3.005173459228732,0.0,3.3706853718544507,5.12,0.0,5.12,0.0},fitness=net.sf.jclec.fitness.SimpleValueFitness@2be94b0f[value=284.4537478820882]]
Median individual: net.sf.jclec.realarray.RealArrayIndividual@763d9750[genotype={0.0,1.9475990678480408,0.0,0.2686883251615342,4.153366300887978,0.0,4.649493471692169,1.311649185070278,3.0502311566954883,1.4290479257290727,5.12,0.0,3.0797892864947607,0.05610169594453529,0.2689951610702368,0.0,0.9591812808004805,0.9879419027486392,0.0,0.0,1.9432412846765967,1.898247815157418,2.0446616098098715,3.005173459228732,0.0,3.3706853718544507,5.12,0.0,5.12,0.0},fitness=net.sf.jclec.fitness.SimpleValueFitness@2be94b0f[value=284.4537478820882]]
Average fitness = 284.4537478820882
Fitness variance = 0.0
Generation 150 Report
Best individual: net.sf.jclec.realarray.RealArrayIndividual@d70c109[genotype={0.0,1.9475990678480408,0.0,0.2686883251615342,4.153366300887978,0.0,4.649493471692169,1.311649185070278,3.0502311566954883,1.4290479257290727,5.12,0.0,3.0797892864947607,0.05610169594453529,0.2689951610702368,0.0,0.9591812808004805,0.9879419027486392,0.0,0.0,1.9432412846765967,1.898247815157418,2.0446616098098715,3.005173459228732,0.0,3.3706853718544507,5.12,0.0,5.12,0.0},fitness=net.sf.jclec.fitness.SimpleValueFitness@50675690[value=284.4537478820882]]
Worst individual: net.sf.jclec.realarray.RealArrayIndividual@d70c109[genotype={0.0,1.9475990678480408,0.0,0.2686883251615342,4.153366300887978,0.0,4.649493471692169,1.311649185070278,3.0502311566954883,1.4290479257290727,5.12,0.0,3.0797892864947607,0.05610169594453529,0.2689951610702368,0.0,0.9591812808004805,0.9879419027486392,0.0,0.0,1.9432412846765967,1.898247815157418,2.0446616098098715,3.005173459228732,0.0,3.3706853718544507,5.12,0.0,5.12,0.0},fitness=net.sf.jclec.fitness.SimpleValueFitness@50675690[value=284.4537478820882]]
Median individual: net.sf.jclec.realarray.RealArrayIndividual@d70c109[genotype={0.0,1.9475990678480408,0.0,0.2686883251615342,4.153366300887978,0.0,4.649493471692169,1.311649185070278,3.0502311566954883,1.4290479257290727,5.12,0.0,3.0797892864947607,0.05610169594453529,0.2689951610702368,0.0,0.9591812808004805,0.9879419027486392,0.0,0.0,1.9432412846765967,1.898247815157418,2.0446616098098715,3.005173459228732,0.0,3.3706853718544507,5.12,0.0,5.12,0.0},fitness=net.sf.jclec.fitness.SimpleValueFitness@50675690[value=284.4537478820882]]
Average fitness = 284.4537478820882
Fitness variance = 0.0
Generation 160 Report
Best individual: net.sf.jclec.realarray.RealArrayIndividual@31b7dea0[genotype={0.0,1.9475990678480408,0.0,0.2686883251615342,4.153366300887978,0.0,4.649493471692169,1.311649185070278,3.0502311566954883,1.4290479257290727,5.12,0.0,3.0797892864947607,0.05610169594453529,0.2689951610702368,0.0,0.9591812808004805,0.9879419027486392,0.0,0.0,1.9432412846765967,1.898247815157418,2.0446616098098715,3.005173459228732,0.0,3.3706853718544507,5.12,0.0,5.12,0.0},fitness=net.sf.jclec.fitness.SimpleValueFitness@47d384ee[value=284.4537478820882]]
Worst individual: net.sf.jclec.realarray.RealArrayIndividual@31b7dea0[genotype={0.0,1.9475990678480408,0.0,0.2686883251615342,4.153366300887978,0.0,4.649493471692169,1.311649185070278,3.0502311566954883,1.4290479257290727,5.12,0.0,3.0797892864947607,0.05610169594453529,0.2689951610702368,0.0,0.9591812808004805,0.9879419027486392,0.0,0.0,1.9432412846765967,1.898247815157418,2.0446616098098715,3.005173459228732,0.0,3.3706853718544507,5.12,0.0,5.12,0.0},fitness=net.sf.jclec.fitness.SimpleValueFitness@47d384ee[value=284.4537478820882]]
Median individual: net.sf.jclec.realarray.RealArrayIndividual@31b7dea0[genotype={0.0,1.9475990678480408,0.0,0.2686883251615342,4.153366300887978,0.0,4.649493471692169,1.311649185070278,3.0502311566954883,1.4290479257290727,5.12,0.0,3.0797892864947607,0.05610169594453529,0.2689951610702368,0.0,0.9591812808004805,0.9879419027486392,0.0,0.0,1.9432412846765967,1.898247815157418,2.0446616098098715,3.005173459228732,0.0,3.3706853718544507,5.12,0.0,5.12,0.0},fitness=net.sf.jclec.fitness.SimpleValueFitness@47d384ee[value=284.4537478820882]]
Average fitness = 284.4537478820882
Fitness variance = 0.0
Generation 170 Report
Best individual: net.sf.jclec.realarray.RealArrayIndividual@2d6a9952[genotype={0.0,1.9475990678480408,0.0,0.2686883251615342,4.153366300887978,0.0,4.649493471692169,1.311649185070278,3.0502311566954883,1.4290479257290727,5.12,0.0,3.0797892864947607,0.05610169594453529,0.2689951610702368,0.0,0.9591812808004805,0.9879419027486392,0.0,0.0,1.9432412846765967,1.898247815157418,2.0446616098098715,3.005173459228732,0.0,3.3706853718544507,5.12,0.0,5.12,0.0},fitness=net.sf.jclec.fitness.SimpleValueFitness@3930015a[value=284.4537478820882]]
Worst individual: net.sf.jclec.realarray.RealArrayIndividual@2d6a9952[genotype={0.0,1.9475990678480408,0.0,0.2686883251615342,4.153366300887978,0.0,4.649493471692169,1.311649185070278,3.0502311566954883,1.4290479257290727,5.12,0.0,3.0797892864947607,0.05610169594453529,0.2689951610702368,0.0,0.9591812808004805,0.9879419027486392,0.0,0.0,1.9432412846765967,1.898247815157418,2.0446616098098715,3.005173459228732,0.0,3.3706853718544507,5.12,0.0,5.12,0.0},fitness=net.sf.jclec.fitness.SimpleValueFitness@3930015a[value=284.4537478820882]]
Median individual: net.sf.jclec.realarray.RealArrayIndividual@2d6a9952[genotype={0.0,1.9475990678480408,0.0,0.2686883251615342,4.153366300887978,0.0,4.649493471692169,1.311649185070278,3.0502311566954883,1.4290479257290727,5.12,0.0,3.0797892864947607,0.05610169594453529,0.2689951610702368,0.0,0.9591812808004805,0.9879419027486392,0.0,0.0,1.9432412846765967,1.898247815157418,2.0446616098098715,3.005173459228732,0.0,3.3706853718544507,5.12,0.0,5.12,0.0},fitness=net.sf.jclec.fitness.SimpleValueFitness@3930015a[value=284.4537478820882]]
Average fitness = 284.4537478820882
Fitness variance = 0.0
Generation 180 Report
Best individual: net.sf.jclec.realarray.RealArrayIndividual@629f0666[genotype={0.0,1.9475990678480408,0.0,0.2686883251615342,4.153366300887978,0.0,4.649493471692169,1.311649185070278,3.0502311566954883,1.4290479257290727,5.12,0.0,3.0797892864947607,0.05610169594453529,0.2689951610702368,0.0,0.9591812808004805,0.9879419027486392,0.0,0.0,1.9432412846765967,1.898247815157418,2.0446616098098715,3.005173459228732,0.0,3.3706853718544507,5.12,0.0,5.12,0.0},fitness=net.sf.jclec.fitness.SimpleValueFitness@1ff8b8f[value=284.4537478820882]]
Worst individual: net.sf.jclec.realarray.RealArrayIndividual@629f0666[genotype={0.0,1.9475990678480408,0.0,0.2686883251615342,4.153366300887978,0.0,4.649493471692169,1.311649185070278,3.0502311566954883,1.4290479257290727,5.12,0.0,3.0797892864947607,0.05610169594453529,0.2689951610702368,0.0,0.9591812808004805,0.9879419027486392,0.0,0.0,1.9432412846765967,1.898247815157418,2.0446616098098715,3.005173459228732,0.0,3.3706853718544507,5.12,0.0,5.12,0.0},fitness=net.sf.jclec.fitness.SimpleValueFitness@1ff8b8f[value=284.4537478820882]]
Median individual: net.sf.jclec.realarray.RealArrayIndividual@629f0666[genotype={0.0,1.9475990678480408,0.0,0.2686883251615342,4.153366300887978,0.0,4.649493471692169,1.311649185070278,3.0502311566954883,1.4290479257290727,5.12,0.0,3.0797892864947607,0.05610169594453529,0.2689951610702368,0.0,0.9591812808004805,0.9879419027486392,0.0,0.0,1.9432412846765967,1.898247815157418,2.0446616098098715,3.005173459228732,0.0,3.3706853718544507,5.12,0.0,5.12,0.0},fitness=net.sf.jclec.fitness.SimpleValueFitness@1ff8b8f[value=284.4537478820882]]
Average fitness = 284.4537478820882
Fitness variance = 0.0
Generation 190 Report
Best individual: net.sf.jclec.realarray.RealArrayIndividual@387c703b[genotype={0.0,1.9475990678480408,0.0,0.2686883251615342,4.153366300887978,0.0,4.649493471692169,1.311649185070278,3.0502311566954883,1.4290479257290727,5.12,0.0,3.0797892864947607,0.05610169594453529,0.2689951610702368,0.0,0.9591812808004805,0.9879419027486392,0.0,0.0,1.9432412846765967,1.898247815157418,2.0446616098098715,3.005173459228732,0.0,3.3706853718544507,5.12,0.0,5.12,0.0},fitness=net.sf.jclec.fitness.SimpleValueFitness@c39f790[value=284.4537478820882]]
Worst individual: net.sf.jclec.realarray.RealArrayIndividual@387c703b[genotype={0.0,1.9475990678480408,0.0,0.2686883251615342,4.153366300887978,0.0,4.649493471692169,1.311649185070278,3.0502311566954883,1.4290479257290727,5.12,0.0,3.0797892864947607,0.05610169594453529,0.2689951610702368,0.0,0.9591812808004805,0.9879419027486392,0.0,0.0,1.9432412846765967,1.898247815157418,2.0446616098098715,3.005173459228732,0.0,3.3706853718544507,5.12,0.0,5.12,0.0},fitness=net.sf.jclec.fitness.SimpleValueFitness@c39f790[value=284.4537478820882]]
Median individual: net.sf.jclec.realarray.RealArrayIndividual@387c703b[genotype={0.0,1.9475990678480408,0.0,0.2686883251615342,4.153366300887978,0.0,4.649493471692169,1.311649185070278,3.0502311566954883,1.4290479257290727,5.12,0.0,3.0797892864947607,0.05610169594453529,0.2689951610702368,0.0,0.9591812808004805,0.9879419027486392,0.0,0.0,1.9432412846765967,1.898247815157418,2.0446616098098715,3.005173459228732,0.0,3.3706853718544507,5.12,0.0,5.12,0.0},fitness=net.sf.jclec.fitness.SimpleValueFitness@c39f790[value=284.4537478820882]]
Average fitness = 284.4537478820882
Fitness variance = 0.0
Generation 200 Report
Best individual: net.sf.jclec.realarray.RealArrayIndividual@71e7a66b[genotype={0.0,1.9475990678480408,0.0,0.2686883251615342,4.153366300887978,0.0,4.649493471692169,1.311649185070278,3.0502311566954883,1.4290479257290727,5.12,0.0,3.0797892864947607,0.05610169594453529,0.2689951610702368,0.0,0.9591812808004805,0.9879419027486392,0.0,0.0,1.9432412846765967,1.898247815157418,2.0446616098098715,3.005173459228732,0.0,3.3706853718544507,5.12,0.0,5.12,0.0},fitness=net.sf.jclec.fitness.SimpleValueFitness@5f150435[value=284.4537478820882]]
Worst individual: net.sf.jclec.realarray.RealArrayIndividual@71e7a66b[genotype={0.0,1.9475990678480408,0.0,0.2686883251615342,4.153366300887978,0.0,4.649493471692169,1.311649185070278,3.0502311566954883,1.4290479257290727,5.12,0.0,3.0797892864947607,0.05610169594453529,0.2689951610702368,0.0,0.9591812808004805,0.9879419027486392,0.0,0.0,1.9432412846765967,1.898247815157418,2.0446616098098715,3.005173459228732,0.0,3.3706853718544507,5.12,0.0,5.12,0.0},fitness=net.sf.jclec.fitness.SimpleValueFitness@5f150435[value=284.4537478820882]]
Median individual: net.sf.jclec.realarray.RealArrayIndividual@71e7a66b[genotype={0.0,1.9475990678480408,0.0,0.2686883251615342,4.153366300887978,0.0,4.649493471692169,1.311649185070278,3.0502311566954883,1.4290479257290727,5.12,0.0,3.0797892864947607,0.05610169594453529,0.2689951610702368,0.0,0.9591812808004805,0.9879419027486392,0.0,0.0,1.9432412846765967,1.898247815157418,2.0446616098098715,3.005173459228732,0.0,3.3706853718544507,5.12,0.0,5.12,0.0},fitness=net.sf.jclec.fitness.SimpleValueFitness@5f150435[value=284.4537478820882]]
Average fitness = 284.4537478820882
Fitness variance = 0.0
Generation 210 Report
Best individual: net.sf.jclec.realarray.RealArrayIndividual@1c53fd30[genotype={0.0,1.9475990678480408,0.0,0.2686883251615342,4.153366300887978,0.0,4.649493471692169,1.311649185070278,3.0502311566954883,1.4290479257290727,5.12,0.0,3.0797892864947607,0.05610169594453529,0.2689951610702368,0.0,0.9591812808004805,0.9879419027486392,0.0,0.0,1.9432412846765967,1.898247815157418,2.0446616098098715,3.005173459228732,0.0,3.3706853718544507,5.12,0.0,5.12,0.0},fitness=net.sf.jclec.fitness.SimpleValueFitness@75412c2f[value=284.4537478820882]]
Worst individual: net.sf.jclec.realarray.RealArrayIndividual@1c53fd30[genotype={0.0,1.9475990678480408,0.0,0.2686883251615342,4.153366300887978,0.0,4.649493471692169,1.311649185070278,3.0502311566954883,1.4290479257290727,5.12,0.0,3.0797892864947607,0.05610169594453529,0.2689951610702368,0.0,0.9591812808004805,0.9879419027486392,0.0,0.0,1.9432412846765967,1.898247815157418,2.0446616098098715,3.005173459228732,0.0,3.3706853718544507,5.12,0.0,5.12,0.0},fitness=net.sf.jclec.fitness.SimpleValueFitness@75412c2f[value=284.4537478820882]]
Median individual: net.sf.jclec.realarray.RealArrayIndividual@1c53fd30[genotype={0.0,1.9475990678480408,0.0,0.2686883251615342,4.153366300887978,0.0,4.649493471692169,1.311649185070278,3.0502311566954883,1.4290479257290727,5.12,0.0,3.0797892864947607,0.05610169594453529,0.2689951610702368,0.0,0.9591812808004805,0.9879419027486392,0.0,0.0,1.9432412846765967,1.898247815157418,2.0446616098098715,3.005173459228732,0.0,3.3706853718544507,5.12,0.0,5.12,0.0},fitness=net.sf.jclec.fitness.SimpleValueFitness@75412c2f[value=284.4537478820882]]
Average fitness = 284.4537478820882
Fitness variance = 0.0
Generation 220 Report
Best individual: net.sf.jclec.realarray.RealArrayIndividual@282ba1e[genotype={0.0,1.9475990678480408,0.0,0.2686883251615342,4.153366300887978,0.0,4.649493471692169,1.311649185070278,3.0502311566954883,1.4290479257290727,5.12,0.0,3.0797892864947607,0.05610169594453529,0.2689951610702368,0.0,0.9591812808004805,0.9879419027486392,0.0,0.0,1.9432412846765967,1.898247815157418,2.0446616098098715,3.005173459228732,0.0,3.3706853718544507,5.12,0.0,5.12,0.0},fitness=net.sf.jclec.fitness.SimpleValueFitness@f5f2bb7[value=284.4537478820882]]
Worst individual: net.sf.jclec.realarray.RealArrayIndividual@282ba1e[genotype={0.0,1.9475990678480408,0.0,0.2686883251615342,4.153366300887978,0.0,4.649493471692169,1.311649185070278,3.0502311566954883,1.4290479257290727,5.12,0.0,3.0797892864947607,0.05610169594453529,0.2689951610702368,0.0,0.9591812808004805,0.9879419027486392,0.0,0.0,1.9432412846765967,1.898247815157418,2.0446616098098715,3.005173459228732,0.0,3.3706853718544507,5.12,0.0,5.12,0.0},fitness=net.sf.jclec.fitness.SimpleValueFitness@f5f2bb7[value=284.4537478820882]]
Median individual: net.sf.jclec.realarray.RealArrayIndividual@282ba1e[genotype={0.0,1.9475990678480408,0.0,0.2686883251615342,4.153366300887978,0.0,4.649493471692169,1.311649185070278,3.0502311566954883,1.4290479257290727,5.12,0.0,3.0797892864947607,0.05610169594453529,0.2689951610702368,0.0,0.9591812808004805,0.9879419027486392,0.0,0.0,1.9432412846765967,1.898247815157418,2.0446616098098715,3.005173459228732,0.0,3.3706853718544507,5.12,0.0,5.12,0.0},fitness=net.sf.jclec.fitness.SimpleValueFitness@f5f2bb7[value=284.4537478820882]]
Average fitness = 284.4537478820882
Fitness variance = 0.0
Generation 230 Report
Best individual: net.sf.jclec.realarray.RealArrayIndividual@73035e27[genotype={0.0,1.9475990678480408,0.0,0.2686883251615342,4.153366300887978,0.0,4.649493471692169,1.311649185070278,3.0502311566954883,1.4290479257290727,5.12,0.0,3.0797892864947607,0.05610169594453529,0.2689951610702368,0.0,0.9591812808004805,0.9879419027486392,0.0,0.0,1.9432412846765967,1.898247815157418,2.0446616098098715,3.005173459228732,0.0,3.3706853718544507,5.12,0.0,5.12,0.0},fitness=net.sf.jclec.fitness.SimpleValueFitness@3ecf72fd[value=284.4537478820882]]
Worst individual: net.sf.jclec.realarray.RealArrayIndividual@73035e27[genotype={0.0,1.9475990678480408,0.0,0.2686883251615342,4.153366300887978,0.0,4.649493471692169,1.311649185070278,3.0502311566954883,1.4290479257290727,5.12,0.0,3.0797892864947607,0.05610169594453529,0.2689951610702368,0.0,0.9591812808004805,0.9879419027486392,0.0,0.0,1.9432412846765967,1.898247815157418,2.0446616098098715,3.005173459228732,0.0,3.3706853718544507,5.12,0.0,5.12,0.0},fitness=net.sf.jclec.fitness.SimpleValueFitness@3ecf72fd[value=284.4537478820882]]
Median individual: net.sf.jclec.realarray.RealArrayIndividual@73035e27[genotype={0.0,1.9475990678480408,0.0,0.2686883251615342,4.153366300887978,0.0,4.649493471692169,1.311649185070278,3.0502311566954883,1.4290479257290727,5.12,0.0,3.0797892864947607,0.05610169594453529,0.2689951610702368,0.0,0.9591812808004805,0.9879419027486392,0.0,0.0,1.9432412846765967,1.898247815157418,2.0446616098098715,3.005173459228732,0.0,3.3706853718544507,5.12,0.0,5.12,0.0},fitness=net.sf.jclec.fitness.SimpleValueFitness@3ecf72fd[value=284.4537478820882]]
Average fitness = 284.4537478820882
Fitness variance = 0.0
Generation 240 Report
Best individual: net.sf.jclec.realarray.RealArrayIndividual@483bf400[genotype={0.0,1.9475990678480408,0.0,0.2686883251615342,4.153366300887978,0.0,4.649493471692169,1.311649185070278,3.0502311566954883,1.4290479257290727,5.12,0.0,3.0797892864947607,0.05610169594453529,0.2689951610702368,0.0,0.9591812808004805,0.9879419027486392,0.0,0.0,1.9432412846765967,1.898247815157418,2.0446616098098715,3.005173459228732,0.0,3.3706853718544507,5.12,0.0,5.12,0.0},fitness=net.sf.jclec.fitness.SimpleValueFitness@77f03bb1[value=284.4537478820882]]
Worst individual: net.sf.jclec.realarray.RealArrayIndividual@483bf400[genotype={0.0,1.9475990678480408,0.0,0.2686883251615342,4.153366300887978,0.0,4.649493471692169,1.311649185070278,3.0502311566954883,1.4290479257290727,5.12,0.0,3.0797892864947607,0.05610169594453529,0.2689951610702368,0.0,0.9591812808004805,0.9879419027486392,0.0,0.0,1.9432412846765967,1.898247815157418,2.0446616098098715,3.005173459228732,0.0,3.3706853718544507,5.12,0.0,5.12,0.0},fitness=net.sf.jclec.fitness.SimpleValueFitness@77f03bb1[value=284.4537478820882]]
Median individual: net.sf.jclec.realarray.RealArrayIndividual@483bf400[genotype={0.0,1.9475990678480408,0.0,0.2686883251615342,4.153366300887978,0.0,4.649493471692169,1.311649185070278,3.0502311566954883,1.4290479257290727,5.12,0.0,3.0797892864947607,0.05610169594453529,0.2689951610702368,0.0,0.9591812808004805,0.9879419027486392,0.0,0.0,1.9432412846765967,1.898247815157418,2.0446616098098715,3.005173459228732,0.0,3.3706853718544507,5.12,0.0,5.12,0.0},fitness=net.sf.jclec.fitness.SimpleValueFitness@77f03bb1[value=284.4537478820882]]
Average fitness = 284.4537478820882
Fitness variance = 0.0
Generation 250 Report
Best individual: net.sf.jclec.realarray.RealArrayIndividual@326de728[genotype={0.0,1.9475990678480408,0.0,0.2686883251615342,4.153366300887978,0.0,4.649493471692169,1.311649185070278,3.0502311566954883,1.4290479257290727,5.12,0.0,3.0797892864947607,0.05610169594453529,0.2689951610702368,0.0,0.9591812808004805,0.9879419027486392,0.0,0.0,1.9432412846765967,1.898247815157418,2.0446616098098715,3.005173459228732,0.0,3.3706853718544507,5.12,0.0,5.12,0.0},fitness=net.sf.jclec.fitness.SimpleValueFitness@7a92922[value=284.4537478820882]]
Worst individual: net.sf.jclec.realarray.RealArrayIndividual@326de728[genotype={0.0,1.9475990678480408,0.0,0.2686883251615342,4.153366300887978,0.0,4.649493471692169,1.311649185070278,3.0502311566954883,1.4290479257290727,5.12,0.0,3.0797892864947607,0.05610169594453529,0.2689951610702368,0.0,0.9591812808004805,0.9879419027486392,0.0,0.0,1.9432412846765967,1.898247815157418,2.0446616098098715,3.005173459228732,0.0,3.3706853718544507,5.12,0.0,5.12,0.0},fitness=net.sf.jclec.fitness.SimpleValueFitness@7a92922[value=284.4537478820882]]
Median individual: net.sf.jclec.realarray.RealArrayIndividual@326de728[genotype={0.0,1.9475990678480408,0.0,0.2686883251615342,4.153366300887978,0.0,4.649493471692169,1.311649185070278,3.0502311566954883,1.4290479257290727,5.12,0.0,3.0797892864947607,0.05610169594453529,0.2689951610702368,0.0,0.9591812808004805,0.9879419027486392,0.0,0.0,1.9432412846765967,1.898247815157418,2.0446616098098715,3.005173459228732,0.0,3.3706853718544507,5.12,0.0,5.12,0.0},fitness=net.sf.jclec.fitness.SimpleValueFitness@7a92922[value=284.4537478820882]]
Average fitness = 284.4537478820882
Fitness variance = 0.0
Generation 260 Report
Best individual: net.sf.jclec.realarray.RealArrayIndividual@71f2a7d5[genotype={0.0,1.9475990678480408,0.0,0.2686883251615342,4.153366300887978,0.0,4.649493471692169,1.311649185070278,3.0502311566954883,1.4290479257290727,5.12,0.0,3.0797892864947607,0.05610169594453529,0.2689951610702368,0.0,0.9591812808004805,0.9879419027486392,0.0,0.0,1.9432412846765967,1.898247815157418,2.0446616098098715,3.005173459228732,0.0,3.3706853718544507,5.12,0.0,5.12,0.0},fitness=net.sf.jclec.fitness.SimpleValueFitness@5474c6c[value=284.4537478820882]]
Worst individual: net.sf.jclec.realarray.RealArrayIndividual@71f2a7d5[genotype={0.0,1.9475990678480408,0.0,0.2686883251615342,4.153366300887978,0.0,4.649493471692169,1.311649185070278,3.0502311566954883,1.4290479257290727,5.12,0.0,3.0797892864947607,0.05610169594453529,0.2689951610702368,0.0,0.9591812808004805,0.9879419027486392,0.0,0.0,1.9432412846765967,1.898247815157418,2.0446616098098715,3.005173459228732,0.0,3.3706853718544507,5.12,0.0,5.12,0.0},fitness=net.sf.jclec.fitness.SimpleValueFitness@5474c6c[value=284.4537478820882]]
Median individual: net.sf.jclec.realarray.RealArrayIndividual@71f2a7d5[genotype={0.0,1.9475990678480408,0.0,0.2686883251615342,4.153366300887978,0.0,4.649493471692169,1.311649185070278,3.0502311566954883,1.4290479257290727,5.12,0.0,3.0797892864947607,0.05610169594453529,0.2689951610702368,0.0,0.9591812808004805,0.9879419027486392,0.0,0.0,1.9432412846765967,1.898247815157418,2.0446616098098715,3.005173459228732,0.0,3.3706853718544507,5.12,0.0,5.12,0.0},fitness=net.sf.jclec.fitness.SimpleValueFitness@5474c6c[value=284.4537478820882]]
Average fitness = 284.4537478820882
Fitness variance = 0.0
Generation 270 Report
Best individual: net.sf.jclec.realarray.RealArrayIndividual@4b6995df[genotype={0.0,1.9475990678480408,0.0,0.2686883251615342,4.153366300887978,0.0,4.649493471692169,1.311649185070278,3.0502311566954883,1.4290479257290727,5.12,0.0,3.0797892864947607,0.05610169594453529,0.2689951610702368,0.0,0.9591812808004805,0.9879419027486392,0.0,0.0,1.9432412846765967,1.898247815157418,2.0446616098098715,3.005173459228732,0.0,3.3706853718544507,5.12,0.0,5.12,0.0},fitness=net.sf.jclec.fitness.SimpleValueFitness@591f989e[value=284.4537478820882]]
Worst individual: net.sf.jclec.realarray.RealArrayIndividual@4b6995df[genotype={0.0,1.9475990678480408,0.0,0.2686883251615342,4.153366300887978,0.0,4.649493471692169,1.311649185070278,3.0502311566954883,1.4290479257290727,5.12,0.0,3.0797892864947607,0.05610169594453529,0.2689951610702368,0.0,0.9591812808004805,0.9879419027486392,0.0,0.0,1.9432412846765967,1.898247815157418,2.0446616098098715,3.005173459228732,0.0,3.3706853718544507,5.12,0.0,5.12,0.0},fitness=net.sf.jclec.fitness.SimpleValueFitness@591f989e[value=284.4537478820882]]
Median individual: net.sf.jclec.realarray.RealArrayIndividual@4b6995df[genotype={0.0,1.9475990678480408,0.0,0.2686883251615342,4.153366300887978,0.0,4.649493471692169,1.311649185070278,3.0502311566954883,1.4290479257290727,5.12,0.0,3.0797892864947607,0.05610169594453529,0.2689951610702368,0.0,0.9591812808004805,0.9879419027486392,0.0,0.0,1.9432412846765967,1.898247815157418,2.0446616098098715,3.005173459228732,0.0,3.3706853718544507,5.12,0.0,5.12,0.0},fitness=net.sf.jclec.fitness.SimpleValueFitness@591f989e[value=284.4537478820882]]
Average fitness = 284.4537478820882
Fitness variance = 0.0
Generation 280 Report
Best individual: net.sf.jclec.realarray.RealArrayIndividual@66048bfd[genotype={0.0,1.9475990678480408,0.0,0.2686883251615342,4.153366300887978,0.0,4.649493471692169,1.311649185070278,3.0502311566954883,1.4290479257290727,5.12,0.0,3.0797892864947607,0.05610169594453529,0.2689951610702368,0.0,0.9591812808004805,0.9879419027486392,0.0,0.0,1.9432412846765967,1.898247815157418,2.0446616098098715,3.005173459228732,0.0,3.3706853718544507,5.12,0.0,5.12,0.0},fitness=net.sf.jclec.fitness.SimpleValueFitness@445b84c0[value=284.4537478820882]]
Worst individual: net.sf.jclec.realarray.RealArrayIndividual@66048bfd[genotype={0.0,1.9475990678480408,0.0,0.2686883251615342,4.153366300887978,0.0,4.649493471692169,1.311649185070278,3.0502311566954883,1.4290479257290727,5.12,0.0,3.0797892864947607,0.05610169594453529,0.2689951610702368,0.0,0.9591812808004805,0.9879419027486392,0.0,0.0,1.9432412846765967,1.898247815157418,2.0446616098098715,3.005173459228732,0.0,3.3706853718544507,5.12,0.0,5.12,0.0},fitness=net.sf.jclec.fitness.SimpleValueFitness@445b84c0[value=284.4537478820882]]
Median individual: net.sf.jclec.realarray.RealArrayIndividual@66048bfd[genotype={0.0,1.9475990678480408,0.0,0.2686883251615342,4.153366300887978,0.0,4.649493471692169,1.311649185070278,3.0502311566954883,1.4290479257290727,5.12,0.0,3.0797892864947607,0.05610169594453529,0.2689951610702368,0.0,0.9591812808004805,0.9879419027486392,0.0,0.0,1.9432412846765967,1.898247815157418,2.0446616098098715,3.005173459228732,0.0,3.3706853718544507,5.12,0.0,5.12,0.0},fitness=net.sf.jclec.fitness.SimpleValueFitness@445b84c0[value=284.4537478820882]]
Average fitness = 284.4537478820882
Fitness variance = 0.0
Generation 290 Report
Best individual: net.sf.jclec.realarray.RealArrayIndividual@61a52fbd[genotype={0.0,1.9475990678480408,0.0,0.2686883251615342,4.153366300887978,0.0,4.649493471692169,1.311649185070278,3.0502311566954883,1.4290479257290727,5.12,0.0,3.0797892864947607,0.05610169594453529,0.2689951610702368,0.0,0.9591812808004805,0.9879419027486392,0.0,0.0,1.9432412846765967,1.898247815157418,2.0446616098098715,3.005173459228732,0.0,3.3706853718544507,5.12,0.0,5.12,0.0},fitness=net.sf.jclec.fitness.SimpleValueFitness@63d4e2ba[value=284.4537478820882]]
Worst individual: net.sf.jclec.realarray.RealArrayIndividual@61a52fbd[genotype={0.0,1.9475990678480408,0.0,0.2686883251615342,4.153366300887978,0.0,4.649493471692169,1.311649185070278,3.0502311566954883,1.4290479257290727,5.12,0.0,3.0797892864947607,0.05610169594453529,0.2689951610702368,0.0,0.9591812808004805,0.9879419027486392,0.0,0.0,1.9432412846765967,1.898247815157418,2.0446616098098715,3.005173459228732,0.0,3.3706853718544507,5.12,0.0,5.12,0.0},fitness=net.sf.jclec.fitness.SimpleValueFitness@63d4e2ba[value=284.4537478820882]]
Median individual: net.sf.jclec.realarray.RealArrayIndividual@61a52fbd[genotype={0.0,1.9475990678480408,0.0,0.2686883251615342,4.153366300887978,0.0,4.649493471692169,1.311649185070278,3.0502311566954883,1.4290479257290727,5.12,0.0,3.0797892864947607,0.05610169594453529,0.2689951610702368,0.0,0.9591812808004805,0.9879419027486392,0.0,0.0,1.9432412846765967,1.898247815157418,2.0446616098098715,3.005173459228732,0.0,3.3706853718544507,5.12,0.0,5.12,0.0},fitness=net.sf.jclec.fitness.SimpleValueFitness@63d4e2ba[value=284.4537478820882]]
Average fitness = 284.4537478820882
Fitness variance = 0.0
Generation 300 Report
Best individual: net.sf.jclec.realarray.RealArrayIndividual@7bb11784[genotype={0.0,1.9475990678480408,0.0,0.2686883251615342,4.153366300887978,0.0,4.649493471692169,1.311649185070278,3.0502311566954883,1.4290479257290727,5.12,0.0,3.0797892864947607,0.05610169594453529,0.2689951610702368,0.0,0.9591812808004805,0.9879419027486392,0.0,0.0,1.9432412846765967,1.898247815157418,2.0446616098098715,3.005173459228732,0.0,3.3706853718544507,5.12,0.0,5.12,0.0},fitness=net.sf.jclec.fitness.SimpleValueFitness@7006c658[value=284.4537478820882]]
Worst individual: net.sf.jclec.realarray.RealArrayIndividual@7bb11784[genotype={0.0,1.9475990678480408,0.0,0.2686883251615342,4.153366300887978,0.0,4.649493471692169,1.311649185070278,3.0502311566954883,1.4290479257290727,5.12,0.0,3.0797892864947607,0.05610169594453529,0.2689951610702368,0.0,0.9591812808004805,0.9879419027486392,0.0,0.0,1.9432412846765967,1.898247815157418,2.0446616098098715,3.005173459228732,0.0,3.3706853718544507,5.12,0.0,5.12,0.0},fitness=net.sf.jclec.fitness.SimpleValueFitness@7006c658[value=284.4537478820882]]
Median individual: net.sf.jclec.realarray.RealArrayIndividual@7bb11784[genotype={0.0,1.9475990678480408,0.0,0.2686883251615342,4.153366300887978,0.0,4.649493471692169,1.311649185070278,3.0502311566954883,1.4290479257290727,5.12,0.0,3.0797892864947607,0.05610169594453529,0.2689951610702368,0.0,0.9591812808004805,0.9879419027486392,0.0,0.0,1.9432412846765967,1.898247815157418,2.0446616098098715,3.005173459228732,0.0,3.3706853718544507,5.12,0.0,5.12,0.0},fitness=net.sf.jclec.fitness.SimpleValueFitness@7006c658[value=284.4537478820882]]
Average fitness = 284.4537478820882
Fitness variance = 0.0
Generation 310 Report
Best individual: net.sf.jclec.realarray.RealArrayIndividual@34033bd0[genotype={0.0,1.9475990678480408,0.0,0.2686883251615342,4.153366300887978,0.0,4.649493471692169,1.311649185070278,3.0502311566954883,1.4290479257290727,5.12,0.0,3.0797892864947607,0.05610169594453529,0.2689951610702368,0.0,0.9591812808004805,0.9879419027486392,0.0,0.0,1.9432412846765967,1.898247815157418,2.0446616098098715,3.005173459228732,0.0,3.3706853718544507,5.12,0.0,5.12,0.0},fitness=net.sf.jclec.fitness.SimpleValueFitness@7cdbc5d3[value=284.4537478820882]]
Worst individual: net.sf.jclec.realarray.RealArrayIndividual@34033bd0[genotype={0.0,1.9475990678480408,0.0,0.2686883251615342,4.153366300887978,0.0,4.649493471692169,1.311649185070278,3.0502311566954883,1.4290479257290727,5.12,0.0,3.0797892864947607,0.05610169594453529,0.2689951610702368,0.0,0.9591812808004805,0.9879419027486392,0.0,0.0,1.9432412846765967,1.898247815157418,2.0446616098098715,3.005173459228732,0.0,3.3706853718544507,5.12,0.0,5.12,0.0},fitness=net.sf.jclec.fitness.SimpleValueFitness@7cdbc5d3[value=284.4537478820882]]
Median individual: net.sf.jclec.realarray.RealArrayIndividual@34033bd0[genotype={0.0,1.9475990678480408,0.0,0.2686883251615342,4.153366300887978,0.0,4.649493471692169,1.311649185070278,3.0502311566954883,1.4290479257290727,5.12,0.0,3.0797892864947607,0.05610169594453529,0.2689951610702368,0.0,0.9591812808004805,0.9879419027486392,0.0,0.0,1.9432412846765967,1.898247815157418,2.0446616098098715,3.005173459228732,0.0,3.3706853718544507,5.12,0.0,5.12,0.0},fitness=net.sf.jclec.fitness.SimpleValueFitness@7cdbc5d3[value=284.4537478820882]]
Average fitness = 284.4537478820882
Fitness variance = 0.0
Generation 320 Report
Best individual: net.sf.jclec.realarray.RealArrayIndividual@3aa9e816[genotype={0.0,1.9475990678480408,0.0,0.2686883251615342,4.153366300887978,0.0,4.649493471692169,1.311649185070278,3.0502311566954883,1.4290479257290727,5.12,0.0,3.0797892864947607,0.05610169594453529,0.2689951610702368,0.0,0.9591812808004805,0.9879419027486392,0.0,0.0,1.9432412846765967,1.898247815157418,2.0446616098098715,3.005173459228732,0.0,3.3706853718544507,5.12,0.0,5.12,0.0},fitness=net.sf.jclec.fitness.SimpleValueFitness@3834d63f[value=284.4537478820882]]
Worst individual: net.sf.jclec.realarray.RealArrayIndividual@3aa9e816[genotype={0.0,1.9475990678480408,0.0,0.2686883251615342,4.153366300887978,0.0,4.649493471692169,1.311649185070278,3.0502311566954883,1.4290479257290727,5.12,0.0,3.0797892864947607,0.05610169594453529,0.2689951610702368,0.0,0.9591812808004805,0.9879419027486392,0.0,0.0,1.9432412846765967,1.898247815157418,2.0446616098098715,3.005173459228732,0.0,3.3706853718544507,5.12,0.0,5.12,0.0},fitness=net.sf.jclec.fitness.SimpleValueFitness@3834d63f[value=284.4537478820882]]
Median individual: net.sf.jclec.realarray.RealArrayIndividual@3aa9e816[genotype={0.0,1.9475990678480408,0.0,0.2686883251615342,4.153366300887978,0.0,4.649493471692169,1.311649185070278,3.0502311566954883,1.4290479257290727,5.12,0.0,3.0797892864947607,0.05610169594453529,0.2689951610702368,0.0,0.9591812808004805,0.9879419027486392,0.0,0.0,1.9432412846765967,1.898247815157418,2.0446616098098715,3.005173459228732,0.0,3.3706853718544507,5.12,0.0,5.12,0.0},fitness=net.sf.jclec.fitness.SimpleValueFitness@3834d63f[value=284.4537478820882]]
Average fitness = 284.4537478820882
Fitness variance = 0.0
Generation 330 Report
Best individual: net.sf.jclec.realarray.RealArrayIndividual@1ae369b7[genotype={0.0,1.9475990678480408,0.0,0.2686883251615342,4.153366300887978,0.0,4.649493471692169,1.311649185070278,3.0502311566954883,1.4290479257290727,5.12,0.0,3.0797892864947607,0.05610169594453529,0.2689951610702368,0.0,0.9591812808004805,0.9879419027486392,0.0,0.0,1.9432412846765967,1.898247815157418,2.0446616098098715,3.005173459228732,0.0,3.3706853718544507,5.12,0.0,5.12,0.0},fitness=net.sf.jclec.fitness.SimpleValueFitness@34340fab[value=284.4537478820882]]
Worst individual: net.sf.jclec.realarray.RealArrayIndividual@1ae369b7[genotype={0.0,1.9475990678480408,0.0,0.2686883251615342,4.153366300887978,0.0,4.649493471692169,1.311649185070278,3.0502311566954883,1.4290479257290727,5.12,0.0,3.0797892864947607,0.05610169594453529,0.2689951610702368,0.0,0.9591812808004805,0.9879419027486392,0.0,0.0,1.9432412846765967,1.898247815157418,2.0446616098098715,3.005173459228732,0.0,3.3706853718544507,5.12,0.0,5.12,0.0},fitness=net.sf.jclec.fitness.SimpleValueFitness@34340fab[value=284.4537478820882]]
Median individual: net.sf.jclec.realarray.RealArrayIndividual@1ae369b7[genotype={0.0,1.9475990678480408,0.0,0.2686883251615342,4.153366300887978,0.0,4.649493471692169,1.311649185070278,3.0502311566954883,1.4290479257290727,5.12,0.0,3.0797892864947607,0.05610169594453529,0.2689951610702368,0.0,0.9591812808004805,0.9879419027486392,0.0,0.0,1.9432412846765967,1.898247815157418,2.0446616098098715,3.005173459228732,0.0,3.3706853718544507,5.12,0.0,5.12,0.0},fitness=net.sf.jclec.fitness.SimpleValueFitness@34340fab[value=284.4537478820882]]
Average fitness = 284.4537478820882
Fitness variance = 0.0
Generation 340 Report
Best individual: net.sf.jclec.realarray.RealArrayIndividual@2aafb23c[genotype={0.0,1.9475990678480408,0.0,0.2686883251615342,4.153366300887978,0.0,4.649493471692169,1.311649185070278,3.0502311566954883,1.4290479257290727,5.12,0.0,3.0797892864947607,0.05610169594453529,0.2689951610702368,0.0,0.9591812808004805,0.9879419027486392,0.0,0.0,1.9432412846765967,1.898247815157418,2.0446616098098715,3.005173459228732,0.0,3.3706853718544507,5.12,0.0,5.12,0.0},fitness=net.sf.jclec.fitness.SimpleValueFitness@3ab39c39[value=284.4537478820882]]
Worst individual: net.sf.jclec.realarray.RealArrayIndividual@2aafb23c[genotype={0.0,1.9475990678480408,0.0,0.2686883251615342,4.153366300887978,0.0,4.649493471692169,1.311649185070278,3.0502311566954883,1.4290479257290727,5.12,0.0,3.0797892864947607,0.05610169594453529,0.2689951610702368,0.0,0.9591812808004805,0.9879419027486392,0.0,0.0,1.9432412846765967,1.898247815157418,2.0446616098098715,3.005173459228732,0.0,3.3706853718544507,5.12,0.0,5.12,0.0},fitness=net.sf.jclec.fitness.SimpleValueFitness@3ab39c39[value=284.4537478820882]]
Median individual: net.sf.jclec.realarray.RealArrayIndividual@2aafb23c[genotype={0.0,1.9475990678480408,0.0,0.2686883251615342,4.153366300887978,0.0,4.649493471692169,1.311649185070278,3.0502311566954883,1.4290479257290727,5.12,0.0,3.0797892864947607,0.05610169594453529,0.2689951610702368,0.0,0.9591812808004805,0.9879419027486392,0.0,0.0,1.9432412846765967,1.898247815157418,2.0446616098098715,3.005173459228732,0.0,3.3706853718544507,5.12,0.0,5.12,0.0},fitness=net.sf.jclec.fitness.SimpleValueFitness@3ab39c39[value=284.4537478820882]]
Average fitness = 284.4537478820882
Fitness variance = 0.0
Generation 350 Report
Best individual: net.sf.jclec.realarray.RealArrayIndividual@2eee9593[genotype={0.0,1.9475990678480408,0.0,0.2686883251615342,4.153366300887978,0.0,4.649493471692169,1.311649185070278,3.0502311566954883,1.4290479257290727,5.12,0.0,3.0797892864947607,0.05610169594453529,0.2689951610702368,0.0,0.9591812808004805,0.9879419027486392,0.0,0.0,1.9432412846765967,1.898247815157418,2.0446616098098715,3.005173459228732,0.0,3.3706853718544507,5.12,0.0,5.12,0.0},fitness=net.sf.jclec.fitness.SimpleValueFitness@546a03af[value=284.4537478820882]]
Worst individual: net.sf.jclec.realarray.RealArrayIndividual@2eee9593[genotype={0.0,1.9475990678480408,0.0,0.2686883251615342,4.153366300887978,0.0,4.649493471692169,1.311649185070278,3.0502311566954883,1.4290479257290727,5.12,0.0,3.0797892864947607,0.05610169594453529,0.2689951610702368,0.0,0.9591812808004805,0.9879419027486392,0.0,0.0,1.9432412846765967,1.898247815157418,2.0446616098098715,3.005173459228732,0.0,3.3706853718544507,5.12,0.0,5.12,0.0},fitness=net.sf.jclec.fitness.SimpleValueFitness@546a03af[value=284.4537478820882]]
Median individual: net.sf.jclec.realarray.RealArrayIndividual@2eee9593[genotype={0.0,1.9475990678480408,0.0,0.2686883251615342,4.153366300887978,0.0,4.649493471692169,1.311649185070278,3.0502311566954883,1.4290479257290727,5.12,0.0,3.0797892864947607,0.05610169594453529,0.2689951610702368,0.0,0.9591812808004805,0.9879419027486392,0.0,0.0,1.9432412846765967,1.898247815157418,2.0446616098098715,3.005173459228732,0.0,3.3706853718544507,5.12,0.0,5.12,0.0},fitness=net.sf.jclec.fitness.SimpleValueFitness@546a03af[value=284.4537478820882]]
Average fitness = 284.4537478820882
Fitness variance = 0.0
Generation 360 Report
Best individual: net.sf.jclec.realarray.RealArrayIndividual@721e0f4f[genotype={0.0,1.9475990678480408,0.0,0.2686883251615342,4.153366300887978,0.0,4.649493471692169,1.311649185070278,3.0502311566954883,1.4290479257290727,5.12,0.0,3.0797892864947607,0.05610169594453529,0.2689951610702368,0.0,0.9591812808004805,0.9879419027486392,0.0,0.0,1.9432412846765967,1.898247815157418,2.0446616098098715,3.005173459228732,0.0,3.3706853718544507,5.12,0.0,5.12,0.0},fitness=net.sf.jclec.fitness.SimpleValueFitness@6ea6d14e[value=284.4537478820882]]
Worst individual: net.sf.jclec.realarray.RealArrayIndividual@721e0f4f[genotype={0.0,1.9475990678480408,0.0,0.2686883251615342,4.153366300887978,0.0,4.649493471692169,1.311649185070278,3.0502311566954883,1.4290479257290727,5.12,0.0,3.0797892864947607,0.05610169594453529,0.2689951610702368,0.0,0.9591812808004805,0.9879419027486392,0.0,0.0,1.9432412846765967,1.898247815157418,2.0446616098098715,3.005173459228732,0.0,3.3706853718544507,5.12,0.0,5.12,0.0},fitness=net.sf.jclec.fitness.SimpleValueFitness@6ea6d14e[value=284.4537478820882]]
Median individual: net.sf.jclec.realarray.RealArrayIndividual@721e0f4f[genotype={0.0,1.9475990678480408,0.0,0.2686883251615342,4.153366300887978,0.0,4.649493471692169,1.311649185070278,3.0502311566954883,1.4290479257290727,5.12,0.0,3.0797892864947607,0.05610169594453529,0.2689951610702368,0.0,0.9591812808004805,0.9879419027486392,0.0,0.0,1.9432412846765967,1.898247815157418,2.0446616098098715,3.005173459228732,0.0,3.3706853718544507,5.12,0.0,5.12,0.0},fitness=net.sf.jclec.fitness.SimpleValueFitness@6ea6d14e[value=284.4537478820882]]
Average fitness = 284.4537478820882
Fitness variance = 0.0
Generation 370 Report
Best individual: net.sf.jclec.realarray.RealArrayIndividual@6ad5c04e[genotype={0.0,1.9475990678480408,0.0,0.2686883251615342,4.153366300887978,0.0,4.649493471692169,1.311649185070278,3.0502311566954883,1.4290479257290727,5.12,0.0,3.0797892864947607,0.05610169594453529,0.2689951610702368,0.0,0.9591812808004805,0.9879419027486392,0.0,0.0,1.9432412846765967,1.898247815157418,2.0446616098098715,3.005173459228732,0.0,3.3706853718544507,5.12,0.0,5.12,0.0},fitness=net.sf.jclec.fitness.SimpleValueFitness@725bef66[value=284.4537478820882]]
Worst individual: net.sf.jclec.realarray.RealArrayIndividual@6ad5c04e[genotype={0.0,1.9475990678480408,0.0,0.2686883251615342,4.153366300887978,0.0,4.649493471692169,1.311649185070278,3.0502311566954883,1.4290479257290727,5.12,0.0,3.0797892864947607,0.05610169594453529,0.2689951610702368,0.0,0.9591812808004805,0.9879419027486392,0.0,0.0,1.9432412846765967,1.898247815157418,2.0446616098098715,3.005173459228732,0.0,3.3706853718544507,5.12,0.0,5.12,0.0},fitness=net.sf.jclec.fitness.SimpleValueFitness@725bef66[value=284.4537478820882]]
Median individual: net.sf.jclec.realarray.RealArrayIndividual@6ad5c04e[genotype={0.0,1.9475990678480408,0.0,0.2686883251615342,4.153366300887978,0.0,4.649493471692169,1.311649185070278,3.0502311566954883,1.4290479257290727,5.12,0.0,3.0797892864947607,0.05610169594453529,0.2689951610702368,0.0,0.9591812808004805,0.9879419027486392,0.0,0.0,1.9432412846765967,1.898247815157418,2.0446616098098715,3.005173459228732,0.0,3.3706853718544507,5.12,0.0,5.12,0.0},fitness=net.sf.jclec.fitness.SimpleValueFitness@725bef66[value=284.4537478820882]]
Average fitness = 284.4537478820882
Fitness variance = 0.0
Generation 380 Report
Best individual: net.sf.jclec.realarray.RealArrayIndividual@2aaf7cc2[genotype={0.0,1.9475990678480408,0.0,0.2686883251615342,4.153366300887978,0.0,4.649493471692169,1.311649185070278,3.0502311566954883,1.4290479257290727,5.12,0.0,3.0797892864947607,0.05610169594453529,0.2689951610702368,0.0,0.9591812808004805,0.9879419027486392,0.0,0.0,1.9432412846765967,1.898247815157418,2.0446616098098715,3.005173459228732,0.0,3.3706853718544507,5.12,0.0,5.12,0.0},fitness=net.sf.jclec.fitness.SimpleValueFitness@1888ff2c[value=284.4537478820882]]
Worst individual: net.sf.jclec.realarray.RealArrayIndividual@2aaf7cc2[genotype={0.0,1.9475990678480408,0.0,0.2686883251615342,4.153366300887978,0.0,4.649493471692169,1.311649185070278,3.0502311566954883,1.4290479257290727,5.12,0.0,3.0797892864947607,0.05610169594453529,0.2689951610702368,0.0,0.9591812808004805,0.9879419027486392,0.0,0.0,1.9432412846765967,1.898247815157418,2.0446616098098715,3.005173459228732,0.0,3.3706853718544507,5.12,0.0,5.12,0.0},fitness=net.sf.jclec.fitness.SimpleValueFitness@1888ff2c[value=284.4537478820882]]
Median individual: net.sf.jclec.realarray.RealArrayIndividual@2aaf7cc2[genotype={0.0,1.9475990678480408,0.0,0.2686883251615342,4.153366300887978,0.0,4.649493471692169,1.311649185070278,3.0502311566954883,1.4290479257290727,5.12,0.0,3.0797892864947607,0.05610169594453529,0.2689951610702368,0.0,0.9591812808004805,0.9879419027486392,0.0,0.0,1.9432412846765967,1.898247815157418,2.0446616098098715,3.005173459228732,0.0,3.3706853718544507,5.12,0.0,5.12,0.0},fitness=net.sf.jclec.fitness.SimpleValueFitness@1888ff2c[value=284.4537478820882]]
Average fitness = 284.4537478820882
Fitness variance = 0.0
Generation 390 Report
Best individual: net.sf.jclec.realarray.RealArrayIndividual@35851384[genotype={0.0,1.9475990678480408,0.0,0.2686883251615342,4.153366300887978,0.0,4.649493471692169,1.311649185070278,3.0502311566954883,1.4290479257290727,5.12,0.0,3.0797892864947607,0.05610169594453529,0.2689951610702368,0.0,0.9591812808004805,0.9879419027486392,0.0,0.0,1.9432412846765967,1.898247815157418,2.0446616098098715,3.005173459228732,0.0,3.3706853718544507,5.12,0.0,5.12,0.0},fitness=net.sf.jclec.fitness.SimpleValueFitness@6adca536[value=284.4537478820882]]
Worst individual: net.sf.jclec.realarray.RealArrayIndividual@35851384[genotype={0.0,1.9475990678480408,0.0,0.2686883251615342,4.153366300887978,0.0,4.649493471692169,1.311649185070278,3.0502311566954883,1.4290479257290727,5.12,0.0,3.0797892864947607,0.05610169594453529,0.2689951610702368,0.0,0.9591812808004805,0.9879419027486392,0.0,0.0,1.9432412846765967,1.898247815157418,2.0446616098098715,3.005173459228732,0.0,3.3706853718544507,5.12,0.0,5.12,0.0},fitness=net.sf.jclec.fitness.SimpleValueFitness@6adca536[value=284.4537478820882]]
Median individual: net.sf.jclec.realarray.RealArrayIndividual@35851384[genotype={0.0,1.9475990678480408,0.0,0.2686883251615342,4.153366300887978,0.0,4.649493471692169,1.311649185070278,3.0502311566954883,1.4290479257290727,5.12,0.0,3.0797892864947607,0.05610169594453529,0.2689951610702368,0.0,0.9591812808004805,0.9879419027486392,0.0,0.0,1.9432412846765967,1.898247815157418,2.0446616098098715,3.005173459228732,0.0,3.3706853718544507,5.12,0.0,5.12,0.0},fitness=net.sf.jclec.fitness.SimpleValueFitness@6adca536[value=284.4537478820882]]
Average fitness = 284.4537478820882
Fitness variance = 0.0
Generation 400 Report
Best individual: net.sf.jclec.realarray.RealArrayIndividual@357246de[genotype={0.0,1.9475990678480408,0.0,0.2686883251615342,4.153366300887978,0.0,4.649493471692169,1.311649185070278,3.0502311566954883,1.4290479257290727,5.12,0.0,3.0797892864947607,0.05610169594453529,0.2689951610702368,0.0,0.9591812808004805,0.9879419027486392,0.0,0.0,1.9432412846765967,1.898247815157418,2.0446616098098715,3.005173459228732,0.0,3.3706853718544507,5.12,0.0,5.12,0.0},fitness=net.sf.jclec.fitness.SimpleValueFitness@256216b3[value=284.4537478820882]]
Worst individual: net.sf.jclec.realarray.RealArrayIndividual@357246de[genotype={0.0,1.9475990678480408,0.0,0.2686883251615342,4.153366300887978,0.0,4.649493471692169,1.311649185070278,3.0502311566954883,1.4290479257290727,5.12,0.0,3.0797892864947607,0.05610169594453529,0.2689951610702368,0.0,0.9591812808004805,0.9879419027486392,0.0,0.0,1.9432412846765967,1.898247815157418,2.0446616098098715,3.005173459228732,0.0,3.3706853718544507,5.12,0.0,5.12,0.0},fitness=net.sf.jclec.fitness.SimpleValueFitness@256216b3[value=284.4537478820882]]
Median individual: net.sf.jclec.realarray.RealArrayIndividual@357246de[genotype={0.0,1.9475990678480408,0.0,0.2686883251615342,4.153366300887978,0.0,4.649493471692169,1.311649185070278,3.0502311566954883,1.4290479257290727,5.12,0.0,3.0797892864947607,0.05610169594453529,0.2689951610702368,0.0,0.9591812808004805,0.9879419027486392,0.0,0.0,1.9432412846765967,1.898247815157418,2.0446616098098715,3.005173459228732,0.0,3.3706853718544507,5.12,0.0,5.12,0.0},fitness=net.sf.jclec.fitness.SimpleValueFitness@256216b3[value=284.4537478820882]]
Average fitness = 284.4537478820882
Fitness variance = 0.0
Generation 410 Report
Best individual: net.sf.jclec.realarray.RealArrayIndividual@2a18f23c[genotype={0.0,1.9475990678480408,0.0,0.2686883251615342,4.153366300887978,0.0,4.649493471692169,1.311649185070278,3.0502311566954883,1.4290479257290727,5.12,0.0,3.0797892864947607,0.05610169594453529,0.2689951610702368,0.0,0.9591812808004805,0.9879419027486392,0.0,0.0,1.9432412846765967,1.898247815157418,2.0446616098098715,3.005173459228732,0.0,3.3706853718544507,5.12,0.0,5.12,0.0},fitness=net.sf.jclec.fitness.SimpleValueFitness@16c0663d[value=284.4537478820882]]
Worst individual: net.sf.jclec.realarray.RealArrayIndividual@2a18f23c[genotype={0.0,1.9475990678480408,0.0,0.2686883251615342,4.153366300887978,0.0,4.649493471692169,1.311649185070278,3.0502311566954883,1.4290479257290727,5.12,0.0,3.0797892864947607,0.05610169594453529,0.2689951610702368,0.0,0.9591812808004805,0.9879419027486392,0.0,0.0,1.9432412846765967,1.898247815157418,2.0446616098098715,3.005173459228732,0.0,3.3706853718544507,5.12,0.0,5.12,0.0},fitness=net.sf.jclec.fitness.SimpleValueFitness@16c0663d[value=284.4537478820882]]
Median individual: net.sf.jclec.realarray.RealArrayIndividual@2a18f23c[genotype={0.0,1.9475990678480408,0.0,0.2686883251615342,4.153366300887978,0.0,4.649493471692169,1.311649185070278,3.0502311566954883,1.4290479257290727,5.12,0.0,3.0797892864947607,0.05610169594453529,0.2689951610702368,0.0,0.9591812808004805,0.9879419027486392,0.0,0.0,1.9432412846765967,1.898247815157418,2.0446616098098715,3.005173459228732,0.0,3.3706853718544507,5.12,0.0,5.12,0.0},fitness=net.sf.jclec.fitness.SimpleValueFitness@16c0663d[value=284.4537478820882]]
Average fitness = 284.4537478820882
Fitness variance = 0.0
Generation 420 Report
Best individual: net.sf.jclec.realarray.RealArrayIndividual@23223dd8[genotype={0.0,1.9475990678480408,0.0,0.2686883251615342,4.153366300887978,0.0,4.649493471692169,1.311649185070278,3.0502311566954883,1.4290479257290727,5.12,0.0,3.0797892864947607,0.05610169594453529,0.2689951610702368,0.0,0.9591812808004805,0.9879419027486392,0.0,0.0,1.9432412846765967,1.898247815157418,2.0446616098098715,3.005173459228732,0.0,3.3706853718544507,5.12,0.0,5.12,0.0},fitness=net.sf.jclec.fitness.SimpleValueFitness@1b40d5f0[value=284.4537478820882]]
Worst individual: net.sf.jclec.realarray.RealArrayIndividual@23223dd8[genotype={0.0,1.9475990678480408,0.0,0.2686883251615342,4.153366300887978,0.0,4.649493471692169,1.311649185070278,3.0502311566954883,1.4290479257290727,5.12,0.0,3.0797892864947607,0.05610169594453529,0.2689951610702368,0.0,0.9591812808004805,0.9879419027486392,0.0,0.0,1.9432412846765967,1.898247815157418,2.0446616098098715,3.005173459228732,0.0,3.3706853718544507,5.12,0.0,5.12,0.0},fitness=net.sf.jclec.fitness.SimpleValueFitness@1b40d5f0[value=284.4537478820882]]
Median individual: net.sf.jclec.realarray.RealArrayIndividual@23223dd8[genotype={0.0,1.9475990678480408,0.0,0.2686883251615342,4.153366300887978,0.0,4.649493471692169,1.311649185070278,3.0502311566954883,1.4290479257290727,5.12,0.0,3.0797892864947607,0.05610169594453529,0.2689951610702368,0.0,0.9591812808004805,0.9879419027486392,0.0,0.0,1.9432412846765967,1.898247815157418,2.0446616098098715,3.005173459228732,0.0,3.3706853718544507,5.12,0.0,5.12,0.0},fitness=net.sf.jclec.fitness.SimpleValueFitness@1b40d5f0[value=284.4537478820882]]
Average fitness = 284.4537478820882
Fitness variance = 0.0
Generation 430 Report
Best individual: net.sf.jclec.realarray.RealArrayIndividual@ea4a92b[genotype={0.0,1.9475990678480408,0.0,0.2686883251615342,4.153366300887978,0.0,4.649493471692169,1.311649185070278,3.0502311566954883,1.4290479257290727,5.12,0.0,3.0797892864947607,0.05610169594453529,0.2689951610702368,0.0,0.9591812808004805,0.9879419027486392,0.0,0.0,1.9432412846765967,1.898247815157418,2.0446616098098715,3.005173459228732,0.0,3.3706853718544507,5.12,0.0,5.12,0.0},fitness=net.sf.jclec.fitness.SimpleValueFitness@47f37ef1[value=284.4537478820882]]
Worst individual: net.sf.jclec.realarray.RealArrayIndividual@ea4a92b[genotype={0.0,1.9475990678480408,0.0,0.2686883251615342,4.153366300887978,0.0,4.649493471692169,1.311649185070278,3.0502311566954883,1.4290479257290727,5.12,0.0,3.0797892864947607,0.05610169594453529,0.2689951610702368,0.0,0.9591812808004805,0.9879419027486392,0.0,0.0,1.9432412846765967,1.898247815157418,2.0446616098098715,3.005173459228732,0.0,3.3706853718544507,5.12,0.0,5.12,0.0},fitness=net.sf.jclec.fitness.SimpleValueFitness@47f37ef1[value=284.4537478820882]]
Median individual: net.sf.jclec.realarray.RealArrayIndividual@ea4a92b[genotype={0.0,1.9475990678480408,0.0,0.2686883251615342,4.153366300887978,0.0,4.649493471692169,1.311649185070278,3.0502311566954883,1.4290479257290727,5.12,0.0,3.0797892864947607,0.05610169594453529,0.2689951610702368,0.0,0.9591812808004805,0.9879419027486392,0.0,0.0,1.9432412846765967,1.898247815157418,2.0446616098098715,3.005173459228732,0.0,3.3706853718544507,5.12,0.0,5.12,0.0},fitness=net.sf.jclec.fitness.SimpleValueFitness@47f37ef1[value=284.4537478820882]]
Average fitness = 284.4537478820882
Fitness variance = 0.0
Generation 440 Report
Best individual: net.sf.jclec.realarray.RealArrayIndividual@5a01ccaa[genotype={0.0,1.9475990678480408,0.0,0.8308848639322601,5.12,1.8785510207629486,4.38833698803602,0.0,4.950580913537073,0.0,4.7708423875217765,0.0,1.2215546892634594,0.0,0.0,0.0,1.6943934765114157,0.0,0.0,0.0,1.9432412846765967,0.0,0.9100632087394431,3.005173459228732,0.0,4.828892272444669,3.400779812687452,0.0,5.12,0.0},fitness=net.sf.jclec.fitness.SimpleValueFitness@19bb089b[value=267.72206614701406]]
Worst individual: net.sf.jclec.realarray.RealArrayIndividual@5a01ccaa[genotype={0.0,1.9475990678480408,0.0,0.8308848639322601,5.12,1.8785510207629486,4.38833698803602,0.0,4.950580913537073,0.0,4.7708423875217765,0.0,1.2215546892634594,0.0,0.0,0.0,1.6943934765114157,0.0,0.0,0.0,1.9432412846765967,0.0,0.9100632087394431,3.005173459228732,0.0,4.828892272444669,3.400779812687452,0.0,5.12,0.0},fitness=net.sf.jclec.fitness.SimpleValueFitness@19bb089b[value=267.72206614701406]]
Median individual: net.sf.jclec.realarray.RealArrayIndividual@5a01ccaa[genotype={0.0,1.9475990678480408,0.0,0.8308848639322601,5.12,1.8785510207629486,4.38833698803602,0.0,4.950580913537073,0.0,4.7708423875217765,0.0,1.2215546892634594,0.0,0.0,0.0,1.6943934765114157,0.0,0.0,0.0,1.9432412846765967,0.0,0.9100632087394431,3.005173459228732,0.0,4.828892272444669,3.400779812687452,0.0,5.12,0.0},fitness=net.sf.jclec.fitness.SimpleValueFitness@19bb089b[value=267.72206614701406]]
Average fitness = 267.72206614701406
Fitness variance = 0.0
Generation 450 Report
Best individual: net.sf.jclec.realarray.RealArrayIndividual@4563e9ab[genotype={0.0,1.9475990678480408,0.0,0.8308848639322601,5.12,1.8785510207629486,4.38833698803602,0.0,4.950580913537073,0.0,4.7708423875217765,0.0,1.2215546892634594,0.0,0.0,0.0,1.6943934765114157,0.0,0.0,0.0,1.9432412846765967,0.0,0.9100632087394431,3.005173459228732,0.0,4.828892272444669,3.400779812687452,0.0,5.12,0.0},fitness=net.sf.jclec.fitness.SimpleValueFitness@5e025e70[value=267.72206614701406]]
Worst individual: net.sf.jclec.realarray.RealArrayIndividual@4563e9ab[genotype={0.0,1.9475990678480408,0.0,0.8308848639322601,5.12,1.8785510207629486,4.38833698803602,0.0,4.950580913537073,0.0,4.7708423875217765,0.0,1.2215546892634594,0.0,0.0,0.0,1.6943934765114157,0.0,0.0,0.0,1.9432412846765967,0.0,0.9100632087394431,3.005173459228732,0.0,4.828892272444669,3.400779812687452,0.0,5.12,0.0},fitness=net.sf.jclec.fitness.SimpleValueFitness@5e025e70[value=267.72206614701406]]
Median individual: net.sf.jclec.realarray.RealArrayIndividual@4563e9ab[genotype={0.0,1.9475990678480408,0.0,0.8308848639322601,5.12,1.8785510207629486,4.38833698803602,0.0,4.950580913537073,0.0,4.7708423875217765,0.0,1.2215546892634594,0.0,0.0,0.0,1.6943934765114157,0.0,0.0,0.0,1.9432412846765967,0.0,0.9100632087394431,3.005173459228732,0.0,4.828892272444669,3.400779812687452,0.0,5.12,0.0},fitness=net.sf.jclec.fitness.SimpleValueFitness@5e025e70[value=267.72206614701406]]
Average fitness = 267.72206614701406
Fitness variance = 0.0
Generation 460 Report
Best individual: net.sf.jclec.realarray.RealArrayIndividual@1fbc7afb[genotype={0.0,1.9475990678480408,0.0,0.8308848639322601,5.12,1.8785510207629486,4.38833698803602,0.0,4.950580913537073,0.0,4.7708423875217765,0.0,1.2215546892634594,0.0,0.0,0.0,1.6943934765114157,0.0,0.0,0.0,1.9432412846765967,0.0,0.9100632087394431,3.005173459228732,0.0,4.828892272444669,3.400779812687452,0.0,5.12,0.0},fitness=net.sf.jclec.fitness.SimpleValueFitness@4cdbe50f[value=267.72206614701406]]
Worst individual: net.sf.jclec.realarray.RealArrayIndividual@1fbc7afb[genotype={0.0,1.9475990678480408,0.0,0.8308848639322601,5.12,1.8785510207629486,4.38833698803602,0.0,4.950580913537073,0.0,4.7708423875217765,0.0,1.2215546892634594,0.0,0.0,0.0,1.6943934765114157,0.0,0.0,0.0,1.9432412846765967,0.0,0.9100632087394431,3.005173459228732,0.0,4.828892272444669,3.400779812687452,0.0,5.12,0.0},fitness=net.sf.jclec.fitness.SimpleValueFitness@4cdbe50f[value=267.72206614701406]]
Median individual: net.sf.jclec.realarray.RealArrayIndividual@1fbc7afb[genotype={0.0,1.9475990678480408,0.0,0.8308848639322601,5.12,1.8785510207629486,4.38833698803602,0.0,4.950580913537073,0.0,4.7708423875217765,0.0,1.2215546892634594,0.0,0.0,0.0,1.6943934765114157,0.0,0.0,0.0,1.9432412846765967,0.0,0.9100632087394431,3.005173459228732,0.0,4.828892272444669,3.400779812687452,0.0,5.12,0.0},fitness=net.sf.jclec.fitness.SimpleValueFitness@4cdbe50f[value=267.72206614701406]]
Average fitness = 267.72206614701406
Fitness variance = 0.0
Generation 470 Report
Best individual: net.sf.jclec.realarray.RealArrayIndividual@66d33a[genotype={0.0,1.9475990678480408,0.0,0.8308848639322601,5.12,1.8785510207629486,4.38833698803602,0.0,4.950580913537073,0.0,4.7708423875217765,0.0,1.2215546892634594,0.0,0.0,0.0,1.6943934765114157,0.0,0.0,0.0,1.9432412846765967,0.0,0.9100632087394431,3.005173459228732,0.0,4.828892272444669,3.400779812687452,0.0,5.12,0.0},fitness=net.sf.jclec.fitness.SimpleValueFitness@7e0babb1[value=267.72206614701406]]
Worst individual: net.sf.jclec.realarray.RealArrayIndividual@66d33a[genotype={0.0,1.9475990678480408,0.0,0.8308848639322601,5.12,1.8785510207629486,4.38833698803602,0.0,4.950580913537073,0.0,4.7708423875217765,0.0,1.2215546892634594,0.0,0.0,0.0,1.6943934765114157,0.0,0.0,0.0,1.9432412846765967,0.0,0.9100632087394431,3.005173459228732,0.0,4.828892272444669,3.400779812687452,0.0,5.12,0.0},fitness=net.sf.jclec.fitness.SimpleValueFitness@7e0babb1[value=267.72206614701406]]
Median individual: net.sf.jclec.realarray.RealArrayIndividual@66d33a[genotype={0.0,1.9475990678480408,0.0,0.8308848639322601,5.12,1.8785510207629486,4.38833698803602,0.0,4.950580913537073,0.0,4.7708423875217765,0.0,1.2215546892634594,0.0,0.0,0.0,1.6943934765114157,0.0,0.0,0.0,1.9432412846765967,0.0,0.9100632087394431,3.005173459228732,0.0,4.828892272444669,3.400779812687452,0.0,5.12,0.0},fitness=net.sf.jclec.fitness.SimpleValueFitness@7e0babb1[value=267.72206614701406]]
Average fitness = 267.72206614701406
Fitness variance = 0.0
Generation 480 Report
Best individual: net.sf.jclec.realarray.RealArrayIndividual@6debcae2[genotype={0.0,1.9475990678480408,0.0,0.8308848639322601,5.12,1.8785510207629486,4.38833698803602,0.0,4.950580913537073,0.0,4.7708423875217765,0.0,1.2215546892634594,0.0,0.0,0.0,1.6943934765114157,0.0,0.0,0.0,1.9432412846765967,0.0,0.9100632087394431,3.005173459228732,0.0,4.828892272444669,3.400779812687452,0.0,5.12,0.0},fitness=net.sf.jclec.fitness.SimpleValueFitness@2ff4f00f[value=267.72206614701406]]
Worst individual: net.sf.jclec.realarray.RealArrayIndividual@6debcae2[genotype={0.0,1.9475990678480408,0.0,0.8308848639322601,5.12,1.8785510207629486,4.38833698803602,0.0,4.950580913537073,0.0,4.7708423875217765,0.0,1.2215546892634594,0.0,0.0,0.0,1.6943934765114157,0.0,0.0,0.0,1.9432412846765967,0.0,0.9100632087394431,3.005173459228732,0.0,4.828892272444669,3.400779812687452,0.0,5.12,0.0},fitness=net.sf.jclec.fitness.SimpleValueFitness@2ff4f00f[value=267.72206614701406]]
Median individual: net.sf.jclec.realarray.RealArrayIndividual@6debcae2[genotype={0.0,1.9475990678480408,0.0,0.8308848639322601,5.12,1.8785510207629486,4.38833698803602,0.0,4.950580913537073,0.0,4.7708423875217765,0.0,1.2215546892634594,0.0,0.0,0.0,1.6943934765114157,0.0,0.0,0.0,1.9432412846765967,0.0,0.9100632087394431,3.005173459228732,0.0,4.828892272444669,3.400779812687452,0.0,5.12,0.0},fitness=net.sf.jclec.fitness.SimpleValueFitness@2ff4f00f[value=267.72206614701406]]
Average fitness = 267.72206614701406
Fitness variance = 0.0
Generation 490 Report
Best individual: net.sf.jclec.realarray.RealArrayIndividual@c818063[genotype={0.0,1.9475990678480408,0.0,0.8308848639322601,5.12,1.8785510207629486,4.38833698803602,0.0,4.950580913537073,0.0,4.7708423875217765,0.0,1.2215546892634594,0.0,0.0,0.0,1.6943934765114157,0.0,0.0,0.0,1.9432412846765967,0.0,0.9100632087394431,3.005173459228732,0.0,4.828892272444669,3.400779812687452,0.0,5.12,0.0},fitness=net.sf.jclec.fitness.SimpleValueFitness@75bd9247[value=267.72206614701406]]
Worst individual: net.sf.jclec.realarray.RealArrayIndividual@c818063[genotype={0.0,1.9475990678480408,0.0,0.8308848639322601,5.12,1.8785510207629486,4.38833698803602,0.0,4.950580913537073,0.0,4.7708423875217765,0.0,1.2215546892634594,0.0,0.0,0.0,1.6943934765114157,0.0,0.0,0.0,1.9432412846765967,0.0,0.9100632087394431,3.005173459228732,0.0,4.828892272444669,3.400779812687452,0.0,5.12,0.0},fitness=net.sf.jclec.fitness.SimpleValueFitness@75bd9247[value=267.72206614701406]]
Median individual: net.sf.jclec.realarray.RealArrayIndividual@c818063[genotype={0.0,1.9475990678480408,0.0,0.8308848639322601,5.12,1.8785510207629486,4.38833698803602,0.0,4.950580913537073,0.0,4.7708423875217765,0.0,1.2215546892634594,0.0,0.0,0.0,1.6943934765114157,0.0,0.0,0.0,1.9432412846765967,0.0,0.9100632087394431,3.005173459228732,0.0,4.828892272444669,3.400779812687452,0.0,5.12,0.0},fitness=net.sf.jclec.fitness.SimpleValueFitness@75bd9247[value=267.72206614701406]]
Average fitness = 267.72206614701406
Fitness variance = 0.0
Generation 500 Report
Best individual: net.sf.jclec.realarray.RealArrayIndividual@7d417077[genotype={0.0,1.9475990678480408,0.0,0.8308848639322601,5.12,1.8785510207629486,4.38833698803602,0.0,4.950580913537073,0.0,4.7708423875217765,0.0,1.2215546892634594,0.0,0.0,0.0,1.6943934765114157,0.0,0.0,0.0,1.9432412846765967,0.0,0.9100632087394431,3.005173459228732,0.0,4.828892272444669,3.400779812687452,0.0,5.12,0.0},fitness=net.sf.jclec.fitness.SimpleValueFitness@35bbe5e8[value=267.72206614701406]]
Worst individual: net.sf.jclec.realarray.RealArrayIndividual@7d417077[genotype={0.0,1.9475990678480408,0.0,0.8308848639322601,5.12,1.8785510207629486,4.38833698803602,0.0,4.950580913537073,0.0,4.7708423875217765,0.0,1.2215546892634594,0.0,0.0,0.0,1.6943934765114157,0.0,0.0,0.0,1.9432412846765967,0.0,0.9100632087394431,3.005173459228732,0.0,4.828892272444669,3.400779812687452,0.0,5.12,0.0},fitness=net.sf.jclec.fitness.SimpleValueFitness@35bbe5e8[value=267.72206614701406]]
Median individual: net.sf.jclec.realarray.RealArrayIndividual@7d417077[genotype={0.0,1.9475990678480408,0.0,0.8308848639322601,5.12,1.8785510207629486,4.38833698803602,0.0,4.950580913537073,0.0,4.7708423875217765,0.0,1.2215546892634594,0.0,0.0,0.0,1.6943934765114157,0.0,0.0,0.0,1.9432412846765967,0.0,0.9100632087394431,3.005173459228732,0.0,4.828892272444669,3.400779812687452,0.0,5.12,0.0},fitness=net.sf.jclec.fitness.SimpleValueFitness@35bbe5e8[value=267.72206614701406]]
Average fitness = 267.72206614701406
Fitness variance = 0.0
