Matrix #  1 [ 7  x  9 ]
[[1.00617134 1.3259001  1.02494413 0.50091506 0.59414043 1.93182723
  0.07929976 0.07958561 0.10060477]
 [1.13708624 0.6502854  0.73358066 0.2006381  0.95568741 1.05112532
  0.00336506 0.625949   0.49639072]
 [1.91208477 0.39112566 1.66027854 1.83616258 0.90905531 0.12561185
  0.5034557  1.97391971 1.33880872]
 [0.93907668 0.16217105 0.7654348  0.16745896 1.91788386 1.61290308
  0.47302477 1.44328248 1.4098634 ]
 [1.87399816 1.51259034 0.56304964 0.87003358 0.84115793 1.36383358
  1.52059919 1.11844273 1.43840514]
 [0.80050147 0.13887189 0.86825728 1.43322182 1.69627124 1.67912146
  1.23758879 0.30756927 0.72672051]
 [0.48036244 1.48247426 0.62059728 0.07179234 0.98358798 0.11070468
  1.54911934 0.46968288 0.47245689]]
-------------------------
Matrix #  2 [ 9  x  9 ]
[[0.188403   0.5907764  1.57842518 1.62567122 1.12980775 0.10779138
  1.6867424  0.7449429  1.24294636]
 [1.29059098 1.0350424  1.22714836 1.54328719 0.38187138 1.31210236
  1.13177751 0.62441375 0.0275046 ]
 [1.33201481 0.99289302 0.05914444 1.14182349 1.43864608 1.87314699
  0.63613496 1.38800818 1.95667366]
 [0.13196717 0.35132355 1.90362647 0.73593084 0.4222666  0.53207805
  1.69996682 0.87513284 1.36091016]
 [0.21850118 1.65455686 0.31464329 0.35787761 1.1234877  0.08983637
  1.07046086 0.01849003 0.84176319]
 [0.45706067 1.10519025 1.36404413 0.95466027 1.69134949 1.7372732
  1.41436032 1.29508744 1.98823226]
 [0.36300147 1.4109771  1.44680447 1.87210934 1.80839866 0.38726933
  1.40621143 1.4940666  1.30434268]
 [1.56299003 0.99875376 1.54463233 0.94939663 1.86215982 1.94086173
  1.06935824 1.76566852 1.90592129]
 [1.48001291 0.20236269 0.90476368 0.8805976  1.70193177 0.54392501
  0.59067761 0.49346893 1.95322395]]
-------------------------
Matrix #  3 [ 9  x  6 ]
[[1.72050531 0.55298439 1.59761101 0.75544436 0.28726719 1.22751074]
 [1.30675899 0.25542433 0.39401553 1.38544151 1.96402373 1.98848413]
 [1.34730031 0.27856095 1.70386708 1.63986081 1.91662123 1.81385045]
 [0.71945792 1.4417644  0.33581527 0.07369669 0.51662503 1.81344813]
 [1.93300965 0.50678115 0.62231902 1.73513634 1.02922273 1.36505771]
 [1.56991373 1.60061254 0.23386763 0.15682963 0.9458888  1.30889146]
 [0.12412295 0.84574184 1.03670441 1.05081707 1.06202556 0.1602776 ]
 [0.21845442 1.41933149 0.42287933 1.01684835 1.00787157 1.11482676]
 [0.37902587 1.21576945 1.19220589 0.57197593 1.95926158 1.07542427]]
-------------------------
Matrix #  4 [ 6  x  5 ]
[[1.8917735  1.44225527 0.07158509 1.33416533 0.55142239]
 [1.97494723 0.05773602 1.22372862 1.1310807  0.10957637]
 [1.84525531 1.92940917 0.10310171 1.3268822  1.65272441]
 [0.74632844 0.04852431 0.66605948 1.7111713  0.90964805]
 [1.58993928 1.03535472 0.77346263 1.25547656 0.84682527]
 [0.02251739 0.45193807 0.6891421  1.28646799 1.53253889]]
-------------------------
Matrix #  5 [ 5  x  9 ]
[[1.00461139 1.5312714  0.94738993 1.6588014  0.14829488 1.3758021
  1.92705303 1.98350996 0.76316312]
 [0.21153413 0.23528159 0.38512849 0.53023463 0.80068906 1.83272411
  1.07559165 0.43028118 1.47262301]
 [0.55254294 0.61483056 1.27445531 1.35884947 1.96702689 1.94264161
  1.34942249 0.92122453 0.20809058]
 [1.61144532 1.85370112 1.59529196 1.46556064 1.60549312 0.07202369
  1.96218684 1.99450764 0.10111728]
 [1.85981576 0.37934678 0.09486801 0.41766893 1.10521426 1.45725941
  0.19266731 0.68769045 0.98052047]]
-------------------------
Matrix #  6 [ 9  x  7 ]
[[0.58954599 0.58535984 1.1907134  1.88240023 1.42299768 1.60340645
  0.19101342]
 [1.30129352 1.38963523 0.33563022 1.33249728 1.64263222 0.45700882
  0.87134827]
 [0.1227217  1.69104295 0.0157505  0.6128265  0.4604239  0.97070921
  1.27712832]
 [0.31591433 0.20459651 0.30697532 1.42420082 1.4902186  0.7445684
  0.84449401]
 [1.84706194 0.39856803 0.7960872  1.63118655 0.95163178 0.88099681
  1.66656609]
 [0.8988699  0.27511068 0.15819218 0.04168762 1.94646873 0.76070742
  0.63012746]
 [1.86914788 1.98420745 0.48360456 1.07579721 0.12667656 0.13450775
  1.21554939]
 [1.41751015 1.76892403 1.87817708 1.26880351 0.13234273 0.35906263
  1.71900702]
 [0.22788942 0.01347948 1.79735645 0.69463359 0.50840649 1.05496633
  1.49261055]]
-------------------------
Matrix #  7 [ 7  x  6 ]
[[0.65213105 0.0801008  0.58021942 0.45422989 0.18563851 1.34283157]
 [1.34121939 1.93079307 1.25395832 1.95693009 1.16878378 0.85961236]
 [1.76609664 0.6575663  1.81481567 1.57470589 1.80651686 0.08669762]
 [1.70905288 1.2641098  1.11022487 1.87129337 0.70074806 1.34917402]
 [1.48031907 0.43728801 1.12352477 0.16273741 0.95707632 1.53709629]
 [0.68718971 1.25435455 0.71144573 1.61084633 1.2432228  1.77747111]
 [0.27901555 1.74405768 0.04509642 0.66557293 1.76564271 0.29248235]]
-------------------------
Matrix #  8 [ 6  x  5 ]
[[1.95554814 0.78282922 0.65964148 1.57662069 1.83765241]
 [0.28243653 0.30525672 1.62930024 0.28501617 0.93981121]
 [0.14873301 1.62043863 0.9421526  0.09582572 0.63556071]
 [1.73269743 1.32045087 0.32717718 1.8267877  1.37410268]
 [0.04121561 1.15418273 1.04317952 1.86387319 1.66569368]
 [0.57559434 0.49918186 0.04025064 1.17297713 1.3102745 ]]
-------------------------
Matrix #  9 [ 5  x  7 ]
[[1.71674685 1.13734128 0.68875276 1.56764    1.12826967 1.24423095
  0.49994322]
 [1.29806761 0.31184345 1.18027331 0.06313936 0.11754594 0.48631197
  0.59652191]
 [0.80340179 0.82175055 1.78880528 0.50324548 0.24078635 1.97274548
  0.47283334]
 [1.07686308 0.11784685 1.77687643 0.47002018 0.41040401 0.55723629
  0.13352659]
 [1.0530085  1.04706798 1.51647504 1.63930034 0.0806757  0.24884021
  1.62475764]]
-------------------------
Matrix #  10 [ 7  x  9 ]
[[0.50566682 1.30225296 1.20952518 0.89077512 1.31685876 1.75745205
  0.10260228 0.9112211  1.60227325]
 [1.35495874 1.13580798 1.07700876 0.40197    0.12403558 1.06038837
  0.26393748 0.54596671 1.05239143]
 [1.08240435 0.01926716 0.37289933 0.1440728  1.9615601  0.29296489
  1.08955951 0.94583802 0.5365947 ]
 [1.96325251 0.44879814 0.40411098 0.70584303 0.03812984 0.93924936
  0.91234287 0.51017574 1.02357207]
 [1.34897601 1.07743906 1.40323078 0.65616108 1.154433   1.79810641
  1.55851586 0.33699365 1.89345262]
 [1.19429302 1.75444595 1.55620134 0.75125361 1.19280596 0.32884113
  0.1812599  0.89453629 1.47777014]
 [0.97870887 0.9398663  1.35308411 0.91768729 0.55493329 0.34797303
  1.14095763 0.51003374 0.53748955]]
-------------------------
Matrix #  11 [ 9  x  5 ]
[[0.17257581 1.94391008 1.42146244 0.46732964 0.41165707]
 [1.8226229  0.70008812 0.00864598 0.17478717 0.01661265]
 [0.59063741 1.461888   0.31940055 1.76796566 0.08519377]
 [1.55223276 0.32240422 1.46197603 1.4447557  1.49712186]
 [1.24700555 1.22681829 0.62796057 0.00458342 1.76030336]
 [1.28569936 0.8960753  0.37895228 0.89399572 0.64250495]
 [1.20074058 0.44544025 0.18516692 0.56141327 1.31155129]
 [0.20577853 1.10011489 0.71333754 1.7754557  1.61066291]
 [1.30246376 1.3798895  1.65615857 1.16426977 1.66774925]]
-------------------------
Matrix #  12 [ 5  x  9 ]
[[1.93827902 1.27217909 1.90758253 0.27826583 1.40420937 1.30177758
  0.20467062 0.47577478 0.53198546]
 [0.28757021 0.61966703 1.99197883 1.54630438 1.29456513 0.78745108
  1.58808422 1.24750596 0.37272573]
 [0.9602176  0.10460115 0.95706688 0.08766332 0.40605014 1.68749297
  0.52750784 0.58638054 1.2350336 ]
 [0.64385817 0.7860567  0.31933447 0.00523487 0.53376006 0.74692719
  1.23816231 0.76391581 1.43550055]
 [0.45845185 0.95155275 1.38045236 1.58333227 1.69828203 0.42566292
  1.4207472  1.74687648 1.48721217]]
-------------------------
Matrix #  13 [ 9  x  5 ]
[[1.59220424 0.83546113 0.93634699 0.63562561 0.63791013]
 [0.08586312 1.65766597 1.71930125 1.23748067 0.73077974]
 [1.79939601 0.91831588 0.15144884 0.99271621 1.82196467]
 [0.61449099 0.05863734 0.18888944 0.35503481 0.28292657]
 [0.59019708 0.61167979 0.34314296 0.90392752 0.64361345]
 [0.86727303 1.23294025 1.63128908 0.84686032 1.36446576]
 [0.02382234 0.92979392 0.54117479 1.02031888 0.16223677]
 [1.54772432 0.33355916 1.41172409 1.00111061 1.16883307]
 [1.86533316 1.89203135 1.91068525 0.60576586 0.2650194 ]]
-------------------------
Matrix #  14 [ 5  x  9 ]
[[0.2726321  0.31342534 0.40763797 1.55532971 0.45628905 1.62136955
  1.19885918 0.75245252 1.47359571]
 [1.96890312 0.3360818  0.24209993 0.70380097 1.61457672 1.71039088
  0.0850664  1.78887995 0.19090031]
 [0.37671166 1.19501957 0.00736004 0.13345585 1.54896631 1.99171184
  0.22556833 1.64603032 1.82877338]
 [1.02056904 1.52544402 0.06568644 1.29409576 0.3553985  1.41133171
  1.64513482 0.13669602 1.25065798]
 [0.58184623 1.31373099 0.78799499 0.10059427 0.97147746 1.5729693
  1.0025657  1.87245832 0.34580649]]
-------------------------
Matrix #  15 [ 9  x  7 ]
[[8.20210941e-01 6.29477076e-01 9.64788092e-01 2.79204203e-01
  9.50091347e-01 1.36769596e-01 1.22201761e-01]
 [1.20284885e 1.21783299e 1.46495495e 8.41714035e-01
  7.22453581e-01 9.79898571e-01 4.45869174e-01]
 [1.18132193e 9.10306250e-01 1.61275950e-01 8.90544542e-01
  1.08233534e 1.85279822e 1.37707128e]
 [1.38085254e 9.74820211e-01 1.92830892e 1.82484370e
  1.62014296e 1.98528248e 4.56044717e-01]
 [1.82355032e 2.57312760e-01 1.35515291e 1.17608937e
  4.21911169e-01 1.91847385e-01 6.03370970e-01]
 [1.10476315e-03 2.57651511e-01 8.55356901e-01 1.09599951e
  1.64843731e-01 1.97186807e 1.95167013e]
 [1.47986864e 8.82006681e-01 8.33749606e-02 6.44850646e-01
  7.46845114e-02 1.42536606e 1.45866639e]
 [7.56043463e-01 1.44546459e 1.34763773e 4.03073018e-01
  1.60592785e 3.48703788e-01 2.08810506e-01]
 [1.25442684e 7.69286451e-01 1.93228188e 4.83430222e-02
  1.18726453e 5.74277378e-01 1.71478100e]]
-------------------------
Matrix #  16 [ 7  x  9 ]
[[1.87752662 1.79166909 0.51808854 0.53971097 1.43108082 1.52480623
  1.94230305 1.08803319 0.93470161]
 [0.79651778 1.61723332 0.58694159 1.83563594 1.92648165 0.51657238
  0.52652296 1.4952367  1.46863894]
 [0.0129035  1.29403614 0.08722905 1.40956897 1.20923168 1.95845956
  1.86118675 1.20601754 0.79417964]
 [0.97337291 0.29986808 1.11876206 1.18680864 1.98467384 0.18702038
  1.60957752 0.96482915 0.31612463]
 [0.38884613 1.11807677 0.63172147 0.17131092 0.21011878 1.02820502
  1.81558658 0.30416735 1.34192848]
 [1.36121259 0.45916484 0.24690465 1.13811455 1.85767122 0.1246693
  0.69216652 0.88836809 1.79277677]
 [0.38471291 1.9459754  1.92128182 1.28595262 0.44210128 1.60833145
  0.91360151 0.8033938  1.03601555]]
-------------------------
Matrix #  17 [ 9  x  9 ]
[[1.34625748 0.52844698 0.1281961  0.55003179 0.59587417 0.13302645
  1.21620511 1.26720938 1.93642046]
 [1.22912752 0.15597937 1.84676567 1.23633259 1.70556794 0.2190395
  1.84736914 0.97725165 0.73643692]
 [1.04484703 0.82795271 0.15134129 1.80203714 1.16148394 0.25771663
  1.62756424 1.20781438 1.45963311]
 [0.66413398 1.50680163 1.29641834 0.15303243 1.10949075 1.14367789
  0.28347033 0.03960738 0.65129373]
 [0.82831023 1.64968521 1.52937363 0.92213362 1.36193834 1.4039304
  0.91107951 1.80820949 0.64767673]
 [1.0072658  1.20072561 0.36427798 0.79354216 1.08496984 0.81745564
  1.51378421 1.45206833 1.27125713]
 [1.15517238 1.2860593  0.88405107 1.16278385 1.92581346 0.08462422
  0.72790221 0.99527526 1.65485051]
 [1.450828   0.19307251 1.10941283 0.96443341 0.03692054 1.97398026
  1.34894282 0.15754301 1.38140682]
 [0.0700825  1.10841594 1.01064419 0.17429882 0.45476277 1.83337667
  0.97895244 1.34132747 0.54690806]]
-------------------------
Matrix #  18 [ 9  x  9 ]
[[0.72445512 0.96114819 0.7187434  1.34573539 0.08913327 0.32318934
  0.77259453 1.42781777 1.56686694]
 [1.14459355 0.14226278 1.35963376 0.12934479 0.66362955 1.50951269
  0.71930827 1.45443585 1.27871548]
 [1.17007591 0.95075882 0.9578181  1.80206787 1.12491225 0.89008548
  0.54774868 0.39213299 0.13059152]
 [1.44067147 1.3568107  0.28499226 1.26643497 1.61957902 1.1774087
  0.02431028 1.59595031 0.07888543]
 [1.29123743 0.80564848 0.09147309 0.53823509 1.03742797 1.31839001
  1.96803338 0.83941663 1.12858492]
 [0.09049491 1.98437714 0.88888721 0.1950045  1.38956835 0.23997697
  0.24332398 1.66354233 0.13890261]
 [1.72888176 0.85166913 1.15087087 0.23159535 0.76583377 0.25118303
  0.7491424  0.30837816 0.44431286]
 [0.15673702 0.54366101 0.68275479 1.09499679 0.26282281 0.37348241
  1.37545228 0.29786003 0.47060764]
 [0.63334128 1.77024902 0.66136641 1.86292853 1.00474644 0.24867481
  0.58707324 0.91327437 0.73103339]]
-------------------------
Matrix #  19 [ 9  x  9 ]
[[0.23717016 0.54856678 0.92845355 1.48913521 1.8792807  0.33249151
  1.18574988 0.40352018 0.76555669]
 [1.29572624 0.24903231 1.30168018 1.02128218 1.37277196 0.89053618
  1.81401233 1.45762701 0.35594712]
 [0.25698306 1.7496946  0.75745432 0.30028757 1.8627297  0.43403566
  0.8265072  0.39211028 1.71128326]
 [1.26359048 0.9814056  0.10597379 0.57999353 0.3877333  1.7969648
  1.71748248 1.94247741 0.21473381]
 [1.57081755 1.72091171 1.84860731 0.62479782 1.63648864 0.90428214
  0.24188533 1.46082418 1.30347905]
 [1.21192827 0.42754347 0.91758193 0.3876119  1.93269788 0.01172347
  1.49482382 1.55113811 0.20634316]
 [1.59335018 1.17310771 0.04988107 0.40358357 0.66883757 0.76889723
  0.93914136 0.04792849 1.98553622]
 [1.00139786 0.88539505 1.07451017 1.8480826  1.33954665 1.09997326
  0.06935083 1.44013158 0.36841434]
 [1.42162345 1.33910055 0.65083345 0.46678795 1.51263713 1.0558955
  1.63340395 1.72839735 1.95873424]]
-------------------------
Matrix #  20 [ 9  x  7 ]
[[1.07522647 1.36694687 0.21840528 0.5527112  1.85785165 0.27563996
  1.26969439]
 [1.99886919 0.78953622 0.83225027 0.63066808 1.55662194 0.52653945
  1.70099622]
 [1.52198997 0.27888283 0.23548036 1.15197775 0.28911552 0.19889318
  1.17089719]
 [0.90238192 1.92574566 1.72384955 0.80415941 0.3511089  1.42213502
  0.55610491]
 [0.12348072 0.29479123 1.79378078 0.06209432 0.08669549 0.24239712
  1.44262995]
 [0.95552055 0.83381804 0.8943156  0.28018701 1.28839903 1.93875177
  0.38541696]
 [0.16260347 0.57232658 0.66702794 1.12237001 1.05771154 0.96292421
  0.55576616]
 [1.56737452 1.76078091 0.23316258 0.77584641 0.44416767 0.19284431
  0.56175802]
 [0.36483007 0.37532944 1.17489484 1.45838595 1.29077443 0.68817914
  0.71459965]]
-------------------------
Matrix #  21 [ 7  x  7 ]
[[1.61585341 1.47384357 0.88233049 0.74153367 0.52698601 1.03159058
  1.98465698]
 [1.99557707 0.88027496 1.61026117 0.20009733 1.89207689 1.24318505
  0.2145172 ]
 [0.82316454 1.3604637  1.21755977 0.17630982 1.25003753 1.77192043
  1.07767752]
 [0.16528555 1.7376173  1.00133208 1.30071715 1.0197165  0.29705685
  0.82086127]
 [1.1601555  1.06877899 1.0159801  1.67964455 0.04317924 1.55318954
  0.75553641]
 [1.12973919 0.94301683 0.73234603 1.58174626 0.67025341 1.0058979
  1.54999126]
 [0.23134289 0.76368632 0.6798957  0.97748944 0.68556345 0.27702954
  1.67025437]]
-------------------------
Matrix #  22 [ 7  x  6 ]
[[0.25338336 0.43091377 0.75899526 0.51851497 0.43219622 0.52769643]
 [1.72833303 1.24652187 1.98282567 0.74453014 0.76011992 1.28072701]
 [0.76138252 0.47080146 1.26883034 0.21574339 1.52315392 0.01851287]
 [0.59060544 1.38716707 0.88954661 0.14204314 0.60472406 1.47474109]
 [0.90439416 1.94613616 0.76581846 1.65913047 1.53941719 1.06943995]
 [0.97112348 1.45931346 0.51136669 0.90158745 0.20667596 0.92464607]
 [1.62070028 0.05591814 1.92074059 1.26343116 1.52625121 0.81808018]]
-------------------------
Matrix #  23 [ 6  x  7 ]
[[1.68961766 1.92152186 0.6463342  1.10745779 0.80832862 1.50118471
  1.41946681]
 [1.13423527 0.29203922 1.50787956 1.78682039 1.98405409 1.13258239
  1.34248189]
 [1.56751452 0.83368727 1.78344339 1.9828931  1.42950516 0.53995515
  0.50716578]
 [0.75613895 0.48527376 1.30930335 1.89376826 0.30789261 1.24315635
  0.99397703]
 [1.95034867 1.27969693 1.89188503 1.1569681  0.53550194 1.76815655
  0.83280902]
 [0.05947673 0.29609577 1.85494703 0.08791838 0.56791926 1.68185156
  0.99251042]]
-------------------------
Matrix #  24 [ 7  x  5 ]
[[0.61729148 1.28252536 0.10307162 1.72317914 0.26424722]
 [0.99297014 1.77977694 0.30944199 1.56037401 1.67716884]
 [0.69020925 1.32790796 1.54297632 0.50469453 0.08926882]
 [1.42901826 1.88278736 0.03743185 0.52107829 1.67336981]
 [1.1874447  1.4062752  0.12617657 0.63521859 1.01190445]
 [0.51794876 1.98904406 1.09693374 1.87389769 1.98181364]
 [1.11773317 0.53673491 1.86847186 1.89546238 0.03598557]]
-------------------------
Matrix #  25 [ 5  x  6 ]
[[1.95470131 0.36240905 0.58193833 0.83780072 1.54223873 1.50314888]
 [0.61069102 0.42562545 1.83117259 1.42184489 0.06174168 0.09022799]
 [1.96326341 0.86396032 1.58550675 0.19291582 0.96054847 1.42715626]
 [0.73107411 1.6837934  0.38871772 1.60526868 1.61753583 0.50723853]
 [0.14611511 1.75995862 1.31050413 1.89560253 0.53754312 1.91560627]]
-------------------------
Matrix #  26 [ 6  x  6 ]
[[0.37681838 0.12912806 0.89153009 0.30616359 1.49755476 0.71020264]
 [1.46654556 0.01843323 1.88997938 1.4536347  0.32677289 0.24087064]
 [0.15045741 0.08995175 1.86662308 1.61780478 1.8529865  1.39811046]
 [1.28578343 0.65472776 1.26978585 1.61139879 1.61690029 1.26659533]
 [1.84280322 0.81262656 0.76956789 1.46602423 0.84661905 1.90184132]
 [0.6056328  1.91605253 0.93773312 1.32569205 1.80781251 0.59506968]]
-------------------------
Matrix #  27 [ 6  x  6 ]
[[1.91006449 0.98308061 0.75750588 0.37010683 1.37714374 0.59556855]
 [1.00897685 1.3815932  0.20262832 0.9549777  0.23694837 0.09296369]
 [1.94817581 1.89323695 1.01534902 0.79816341 1.85595865 0.28826773]
 [1.26488145 1.16417327 0.14414955 1.90129625 1.04817264 1.37178941]
 [1.52432774 0.11822311 1.42448943 0.60845967 1.86871344 0.10691188]
 [0.44040668 1.02277383 1.9748191  0.81255666 1.78875411 1.43053745]]
-------------------------
Matrix #  28 [ 6  x  7 ]
[[0.94703451 0.55607235 1.13130425 0.69166051 0.45635536 1.72337409
  1.45350553]
 [1.76765829 1.19283249 1.3775978  1.16953496 1.91323091 1.67260142
  1.20834054]
 [1.49328643 0.12402774 1.53842916 0.68084514 0.83237604 1.08579466
  0.54077231]
 [1.42848723 1.06692602 1.48761443 1.11731747 0.90683054 1.93763138
  1.961483  ]
 [1.11506021 0.05987656 1.63442791 0.54114137 0.23217735 1.4654202
  1.38478201]
 [1.78786363 0.93675701 0.98003104 0.72964817 1.76279968 1.82328
  1.88112957]]
-------------------------
Matrix #  29 [ 7  x  6 ]
[[0.73171021 1.0210636  0.88949505 1.04739088 0.54384281 1.43290179]
 [1.17989662 0.12604416 0.71000659 0.43132186 0.76963068 1.6919394 ]
 [0.39932108 0.36177628 1.75803497 1.87192033 0.01551872 0.72019418]
 [0.90671531 0.19909927 0.84415714 0.7597706  0.51382607 1.2678442 ]
 [0.26148892 0.04453171 0.35528275 1.66870596 0.01509528 0.44412446]
 [1.74835419 0.64541121 1.76766832 0.11862507 0.38850727 1.97266607]
 [0.77834417 0.64568262 0.21105981 1.17714191 0.44999505 1.83916194]]
-------------------------
Matrix #  30 [ 6  x  7 ]
[[0.46618371 0.00802475 0.88685506 0.9626756  1.77977881 1.09637759
  1.59443371]
 [1.10377149 0.10095555 0.07664814 0.94510803 1.36664043 1.77997146
  1.97423658]
 [0.1989003  0.1415492  1.17993413 0.09988348 0.91499684 1.59294648
  0.30678086]
 [0.24254092 0.78981176 0.20892291 0.78242243 0.27536491 0.76262148
  1.43779649]
 [0.87260785 0.87885409 1.22691795 0.34868693 1.06678812 1.41670558
  0.73367822]
 [0.33406488 1.89516377 1.27279512 1.1212156  1.37833531 0.90307688
  0.83391453]]
-------------------------
Matrix #  31 [ 7  x  9 ]
[[1.76300453 0.37238672 1.11675545 1.3492525  0.76427291 1.67570695
  0.17806368 0.12661861 1.57097622]
 [1.22595013 1.33975146 1.61841462 0.02506171 0.94587479 0.29426256
  1.13762482 0.99113933 0.727302  ]
 [0.61820331 0.47936438 1.00684162 1.29816781 1.43697882 1.43285683
  1.63459482 1.97970641 1.13315831]
 [0.93317309 1.16018839 1.09628975 0.13739149 0.47018218 0.4303801
  0.77172997 1.94908983 1.80508429]
 [0.01616473 1.74275942 0.72002102 0.74212033 1.41349565 1.54261343
  1.26548428 1.38419764 1.70571805]
 [0.22319082 1.14703746 0.10710609 0.7864825  0.58341692 0.94496101
  0.03484603 1.14655335 0.04662088]
 [1.10850688 0.61031361 0.47280933 1.94716317 0.5840119  0.66220042
  0.42559364 0.21564457 1.10888113]]
-------------------------
Matrix #  32 [ 9  x  6 ]
[[0.55661563 0.7204926  1.43055175 0.05336326 0.8948903  0.06542102]
 [0.60996547 1.77397334 1.22846333 1.59454102 0.20990525 1.40054639]
 [0.88786287 0.82829721 1.76419274 1.71624323 0.30503257 0.45123249]
 [0.77397222 1.29133632 0.698117   1.93325474 0.01927293 1.17556003]
 [1.73707114 1.19738667 1.21225942 0.68971994 1.38887656 1.91554639]
 [0.15909862 1.23995392 1.84141796 1.60480175 1.39749867 1.03077951]
 [1.96055374 1.82842453 1.905672   0.69305468 0.7084515  0.9966867 ]
 [1.5462654  0.55656441 1.85731726 0.49156114 1.29744096 0.06515119]
 [1.85359747 1.12000828 0.83176084 1.31516502 0.71332424 1.59729795]]
-------------------------
Matrix #  33 [ 6  x  6 ]
[[0.02056409 1.81367573 0.42671625 1.95421196 0.12568597 0.33995153]
 [0.63570341 1.0196962  1.00603886 1.22069464 1.36099133 0.99968645]
 [1.45355006 1.31370453 0.23555149 0.18980407 1.13198884 0.30568114]
 [0.984347   1.37346747 0.10101739 0.52370444 0.67273339 1.83278697]
 [0.18201629 1.89755735 1.02036089 0.16764436 1.36030068 0.62756304]
 [1.94438578 1.40503406 1.14646629 0.47919358 1.80028993 0.7540247 ]]
-------------------------
Matrix #  34 [ 6  x  5 ]
[[1.40075875 0.25211983 1.95491487 0.23761469 0.07234429]
 [0.66560664 0.0786996  1.45454223 1.77242068 1.74669575]
 [1.57588249 1.94036008 1.22180758 0.22667744 1.31336772]
 [1.99425617 0.43615454 0.30355089 0.70928317 0.07119626]
 [1.29816469 0.98022031 0.86328085 0.16899557 1.56428066]
 [1.62439992 1.09280012 0.36449669 1.59583884 1.18717974]]
-------------------------
Matrix #  35 [ 5  x  5 ]
[[1.6127765  0.39829282 0.48310319 1.11894638 0.54815491]
 [1.94796453 0.72037093 1.86578487 0.00562229 1.97024714]
 [1.72533746 0.36658992 0.80722047 0.12967755 0.18487587]
 [1.47375046 0.38857733 1.89052274 1.2555203  1.57340214]
 [0.58138791 0.94058888 0.43916982 0.73909864 0.62939067]]
-------------------------
Matrix #  36 [ 5  x  7 ]
[[0.21060772 0.96645881 1.59090274 0.55775155 0.54121041 0.18781425
  1.21403926]
 [0.12117614 1.28299415 0.29198347 1.03102139 1.9780557  1.61047269
  1.59077353]
 [0.31373961 1.27344141 0.87312381 0.94894175 0.28479964 1.69194668
  0.6900072 ]
 [1.77730287 0.11076398 1.64403146 0.8260855  1.19381487 1.72807387
  1.07068034]
 [0.02279376 1.97373863 1.47926476 1.42426105 0.03353698 1.0062475
  1.0860069 ]]
-------------------------
Matrix #  37 [ 7  x  6 ]
[[1.37428232 1.81417302 1.99395238 1.09175117 0.04416677 1.353777  ]
 [0.57117942 1.75996898 0.53595568 1.79024976 0.78635087 0.09925043]
 [1.2824664  1.43478325 1.92833603 1.13651988 0.84326801 1.84161444]
 [1.36759444 1.74172188 1.71753976 0.71678632 0.32237375 0.65362006]
 [1.7100764  1.21569301 1.89395116 0.32991668 1.34914739 1.67474606]
 [1.58969792 0.52512081 1.46434741 0.90134773 1.20389787 0.2791254 ]
 [1.8931147  1.25934411 1.74672293 1.09229855 0.57020755 0.29791928]]
-------------------------
Matrix #  38 [ 6  x  8 ]
[[0.17854902 0.26130971 1.80457856 1.02221124 1.79068602 1.31306931
  0.25664139 1.25227736]
 [0.51645048 0.65788319 1.85444696 1.65145574 0.92485694 1.57828266
  1.63250907 1.08868172]
 [0.46946236 0.52269667 0.29636625 0.07082768 1.03371541 1.83379069
  1.56531812 1.20137529]
 [0.77129186 0.03850387 0.91502699 1.1886529  1.59809317 1.83529929
  0.88086654 0.96295189]
 [0.5939313  1.33052121 1.73885293 0.5689274  0.5359912  0.30637073
  0.57071784 1.18369576]
 [0.87451847 1.09607593 1.84625778 1.09257052 1.34327229 1.34694633
  1.13814707 0.54762757]]
-------------------------
Matrix #  39 [ 8  x  9 ]
[[1.30573039 1.06187062 1.93639019 0.09014902 0.67811214 0.64197961
  0.08156127 1.82165717 1.41244498]
 [1.16873707 0.18231817 1.23008011 1.48291656 1.60251657 1.80685218
  1.63845545 0.46950741 1.72021648]
 [0.55384155 1.93929931 0.79181019 1.28559494 1.8103082  0.86972871
  1.56165983 0.79368267 0.9397471 ]
 [0.89181851 1.83249892 0.908255   0.16976918 1.64580573 1.83032133
  1.43794006 1.05144534 0.76076204]
 [0.75433519 0.22593182 1.30213455 0.77466031 1.41069768 0.34201277
  0.32959556 1.97029188 0.01738059]
 [1.47885085 1.76633131 0.0584708  0.41730854 1.86722713 1.33920886
  1.65708052 1.50314861 1.1732342 ]
 [0.96413947 1.42079809 1.58010469 1.27152107 1.86368298 1.37728726
  1.67753263 1.53732729 0.85225296]
 [0.62922155 1.9739128  0.83275982 0.71173739 1.46667723 0.56964932
  1.26321444 1.02240361 1.03909274]]
-------------------------
Matrix #  40 [ 9  x  5 ]
[[1.17793348 0.2101391  1.42893644 0.03927754 1.37589148]
 [1.64713632 0.09443849 0.80661997 0.35960467 0.75488621]
 [1.65768508 1.81455961 1.72665801 0.50407611 0.16623509]
 [1.86587237 0.12183736 1.77311969 1.90933038 0.54964672]
 [0.11583502 1.3782208  0.90206688 0.54805744 1.16106301]
 [0.67696372 1.64806644 1.49746645 1.28547457 1.69641767]
 [0.29653411 1.86857653 0.12938762 0.15133412 1.09836176]
 [1.00292296 0.60213559 0.68920891 0.35295792 0.74008119]
 [0.87651816 1.70181088 1.68996443 0.10545412 0.70796839]]
-------------------------
Matrix #  41 [ 5  x  5 ]
[[0.75262559 0.87331107 1.02477706 1.38790523 1.33696997]
 [0.54035781 0.83361412 1.30547157 1.71360644 0.72038687]
 [1.61607681 0.44318875 0.90398873 1.29958414 1.39450429]
 [1.11756901 1.22583901 0.7572153  0.27706666 0.71980422]
 [0.71877217 0.92165742 1.30982777 1.06518231 1.64707988]]
-------------------------
Matrix #  42 [ 5  x  7 ]
[[1.01302769 0.5639897  1.25252211 1.24213712 1.28250098 1.63311054
  0.43185516]
 [1.662097   1.17845131 1.78137202 0.84279572 0.31474227 1.28267867
  1.69938228]
 [0.2698146  0.98691569 1.22253299 1.63349084 1.80630159 1.91434419
  0.64890096]
 [1.68562186 1.47734546 1.5496302  0.60862672 0.17735067 1.7395938
  1.46124327]
 [0.11753605 0.94856167 1.77152777 1.9471868  1.18235406 1.4500941
  0.10956025]]
-------------------------
Matrix #  43 [ 7  x  9 ]
[[3.68672402e-01 1.60920977e 3.49193549e-01 1.49340438e
  1.36871258e 1.76471938e 1.15746374e 1.28307989e
  1.70628451e]
 [1.88915696e 1.47659375e 8.33472458e-01 2.95597678e-01
  1.32490625e 1.26640834e 1.83463456e 1.95063650e
  8.86795891e-01]
 [1.08131888e 1.87969455e 7.07301828e-01 1.72805393e-01
  3.09203919e-01 1.81965058e 1.97801314e 8.27012852e-01
  1.17181505e]
 [1.24630480e 1.04424134e 1.13004977e 1.80543371e
  9.69820151e-04 4.18828837e-01 3.21661855e-01 1.91702052e
  1.30860979e]
 [1.08510963e 9.97980178e-01 4.39281286e-01 1.41111747e
  1.57520629e 5.40592090e-01 3.95066520e-01 8.90410819e-01
  1.41937102e]
 [1.73364405e 1.55814324e 1.48561671e 2.04535359e-01
  7.00526109e-01 1.88921455e 6.99420390e-01 1.98255011e
  1.08145190e]
 [1.59264516e 6.25979301e-01 8.55082991e-01 8.70225873e-01
  7.16401618e-01 9.69905258e-02 7.42462013e-01 1.84940471e
  6.26804051e-01]]
-------------------------
Matrix #  44 [ 9  x  6 ]
[[1.2494797  1.91145807 0.19087753 1.75165406 0.21122649 1.50515666]
 [1.99745195 1.39320737 1.56715713 0.17027269 0.45482841 0.19326859]
 [0.25264705 0.20086012 0.79805231 0.40826968 0.65738125 1.31665021]
 [0.78607629 1.17233109 0.34864095 0.23166413 1.22200003 0.47073862]
 [1.01584598 1.75403784 1.86498245 0.00825912 1.95289218 0.79727767]
 [1.96683146 0.93032269 1.43220577 1.19755834 1.47854205 0.91460321]
 [1.59677971 0.06458627 0.44052085 0.53749773 1.28677243 0.01255539]
 [1.00603035 0.40906806 0.95677904 0.09119256 0.90753121 1.59673308]
 [0.8803504  0.23370978 1.91356459 0.53093635 1.21506038 1.9319776 ]]
-------------------------
Matrix #  45 [ 6  x  8 ]
[[0.20629806 1.39052078 0.68815188 0.99900446 1.13148386 0.15624524
  1.48519915 1.65619651]
 [0.44547504 1.24227489 0.05302532 1.667091   1.17071706 0.88357028
  1.0068448  0.76289506]
 [1.24366258 0.68369229 0.96331279 0.01495606 0.02117271 0.96621649
  1.64032329 1.33891317]
 [0.41937191 1.58656221 0.28703199 1.05498616 0.8916116  1.86641352
  0.25237147 1.42641482]
 [0.43125847 1.50751993 0.7505394  1.40197101 0.14470054 1.29335054
  1.754785   1.10968221]
 [1.96053395 0.70940138 1.84482695 0.50634705 0.17073737 1.34001499
  1.54586961 0.28061835]]
-------------------------
Matrix #  46 [ 8  x  6 ]
[[0.22133444 1.93253827 0.21733287 0.92517434 1.67868692 0.09280837]
 [1.57540552 1.49911651 1.56503492 0.68189245 1.06347413 0.95014655]
 [1.34050181 1.4056568  1.7789757  1.41777459 1.35404094 1.90630784]
 [0.90913777 0.08334265 0.19093523 1.50810906 1.23290428 0.02284481]
 [1.13820187 1.11510241 0.66396161 1.84049622 0.500205   1.53366328]
 [0.78285724 0.31548307 0.18678497 1.06958905 1.75261803 1.24640882]
 [1.50957172 0.18216734 1.25561715 1.11391588 0.60980056 1.71569726]
 [1.12573484 0.99002355 0.02549484 0.10727013 0.06474924 0.60793204]]
-------------------------
Matrix #  47 [ 6  x  5 ]
[[1.80837421 0.20061176 0.34056466 0.03303731 1.17842598]
 [0.38045401 1.60673252 0.07723643 1.92835493 1.38796633]
 [0.48048859 0.59521264 1.7267179  0.5859488  1.17866348]
 [1.77810598 0.9045982  1.15224379 1.53356463 1.99978031]
 [1.44360307 0.30523709 0.8535141  1.4743021  0.06617362]
 [1.92701627 1.48129916 1.02944894 1.01721249 0.09306037]]
-------------------------
Matrix #  48 [ 5  x  6 ]
[[0.20769708 1.69147274 1.07981069 0.16606108 1.7672309  1.06476521]
 [1.18585026 0.71841873 0.75742378 1.66221215 0.32954718 1.93151272]
 [1.15359449 0.82610544 0.94488261 0.08344503 0.11972019 1.92174821]
 [1.93583375 0.8402209  0.68449448 0.63330156 0.34563215 0.83684911]
 [1.64556376 1.41633597 1.81631463 1.07424423 1.96016458 0.07964726]]
-------------------------
Matrix #  49 [ 6  x  5 ]
[[1.20732996 0.52089461 1.16232863 0.32042815 0.09160291]
 [1.06508623 1.84818436 1.41949415 1.94246547 1.30704635]
 [0.96715009 1.54824476 1.19109583 1.47720539 1.04175151]
 [1.39539811 1.87577609 0.37746346 0.90287052 1.21996584]
 [1.38026306 1.14849198 1.32873336 0.28623932 0.47977375]
 [0.37318096 0.6335604  0.98697847 1.31112869 0.20681883]]

