               1             0
               2             0
               3             0
               4             0
               5             0
               6             0
               7             0
               8             0
               9             0
              10             0
              11             0
              12             0
              13             0
              14             0
              15             0
              16             0
              17             0
              18             0
              19             0
              20             0
              21             0
              22             0
              23             0
              24             0
              25             0
              26             0
              27             0
              28             0
              29             0
              30             0
              31             0
              32             0
              33             0
              34             0
              35             0
              36             0
              37             0
              38             0
              39             0
              40             0
              41             0
              42             0
              43             0
              44             0
              45             0
              46             0
              47             0
              48             0
              49             0
              50             0
              51             0
              52             0
              53             0
              54             0
              55             0
              56             0
              57             0
              58             0
              59             0
              60             0
              61             0
              62             0
              63             0
              64             0
              65             0
              66             0
              67             0
              68             0
              69             0
              70             0
              71             0
              72             0
              73             0
              74             0
              75             0
              76             0
              77             0
              78             0
              79             0
              80             0
              81             0
              82             0
              83             0
              84             0
              85             0
              86             0
              87             0
              88             0
              89             0
              90             0
              91             0
              92             0
              93             0
              94             0
              95             0
              96             0
              97             0
              98             0
              99             0
             100             0
             101             0
             102             0
             103             0
             104             0
             105             0
             106             0
             107             0
             108             0
             109             0
             110             0
             111             0
             112             0
             113             0
             114             0
             115             0
             116             0
             117             0
             118             0
             119             0
             120             0
             121             0
             122             0
             123             0
             124             0
             125             0
             126             0
             127             0
             128             0
             129             0
             130             0
             131             0
             132             0
             133             0
             134             0
             135             0
             136             0
             137             0
             138             0
             139             0
             140             0
             141             0
             142             0
             143             0
             144             0
             145             0
             146             0
             147             0
             148             0
             149             0
             150             0
             151             0
             152             0
             153             0
             154             0
             155             0
             156             0
             157             0
             158             0
             159             0
             160             0
             161             0
             162           426
             163           395
             164           361
             165           418
             166           344
             167           417
             168           436
             169           381
             170           359
             171           355
             172           337
             173           310
             174           281
             175           282
             176           282
             177           287
             178           313
             179           339
             180           332
             181           332
             182           332
             183         327.5
             184           323
             185           297
             186           314
             187           260
             188           275
             189         269.5
             190           264
             191           269
             192           306
             193           301
             194           294
             195           284
             196           288
             197           271
             198           268
             199           265
             200           220
             201           254
             202           271
             203           275
             204           246
             205           254
             206           265
             207           264
             208           241
             209           223
             210           244
             211           208
             212           218
             213           240
             214           228
             215           214
             216           213
             217           216
             218           208
             219           215
             220           212
             221           195
             222           194
             223           194
             224           190
             225           189
             226           201
             227           184
             228           192
             229           188
             230           183
             231           186
             232           176
             233           160
             234           165
             235           158
             236           146
             237           158
             238           157
             239           165
             240           167
             241           159
             242           161
             243           169
             244           158
             245           159
             246           145
             247           149
             248           146
             249           140
             250           140
             251           198
             252           188
             253           168
             254           160
             255           151
             256           158
             257           161
             258           139
             259           143
             260           154
             261           149
             262           178
             263           163
             264           178
             265           166
             266           163
             267           156
             268           141
             269           148
             270           128
             271           141
             272           146
             273           144
             274           141
             275           142
             276           130
             277           122
             278           113
             279           124
             280           132
             281           115
             282           128
             283           110
             284           111
             285           120
             286           105
             287           122
             288           115
             289           106
             290           106
             291           109
             292           119
             293           133
             294           108
             295           119
             296           116
             297           117
             298           121
             299           125
             300           111
             301           116
             302           115
             303           112
             304           106
             305           105
             306           101
             307          90.2
             308           100
             309          90.1
             310          92.5
             311          89.3
             312            91
             313          87.8
             314          95.3
             315          87.6
             316          82.7
             317          86.1
             318          86.7
             319          83.3
             320          87.8
             321          79.1
             322          73.3
             323            73
             324          76.1
             325          70.1
             326          76.2
             327          71.7
             328          70.1
             329          77.8
             330          70.5
             331          78.8
             332          58.2
             333          66.4
             334          68.7
             335          68.2
             336          67.7
             337          66.5
             338          68.4
             339          64.9
             340          56.5
             341          59.3
             342          69.9
             343            62
             344          60.8
             345            58
             346          62.5
             347          54.5
             348            53
             349          57.7
             350          56.2
             351          58.1
             352          55.3
             353          62.7
             354          50.5
             355          58.5
             356          60.1
             357          55.4
             358          51.6
             359          46.5
             360            51
             361          51.7
             362          54.5
             363          54.5
             364          53.8
             365            59
             366          60.3
             367          53.7
             368          55.5
             369          48.2
             370          45.3
             371            42
             372          38.6
             373          46.3
             374          44.5
             375          43.1
             376          44.6
             377          43.7
             378          48.8
             379          42.5
             380          47.4
             381          42.9
             382          36.8
             383          35.9
             384          38.6
             385          34.5
             386         38.45
             387          42.4
             388          41.1
             389          41.9
             390          45.5
             391          42.9
             392            41
             393          35.3
             394          40.3
             395          36.5
             396          36.2
             397          38.5
             398          33.9
             399          39.7
             400          37.1
             401          41.5
             402          31.8
             403          33.4
             404          38.1
             405          29.3
             406          30.7
             407          30.7
             408          32.1
             409          33.7
             410          31.9
             411          35.7
             412          33.3
             413          35.5
             414          33.3
             415          30.7
             416          36.2
             417            28
             418          29.1
             419          30.7
             420          31.1
             421          27.1
             422          29.7
             423          29.8
             424          32.9
             425            24
             426          26.4
             427          33.5
             428            31
             429          26.1
             430          28.4
             431          28.8
             432          28.3
             433          26.9
             434         28.15
             435          29.4
             436          28.2
             437          27.2
             438          30.2
             439          30.3
             440          24.7
             441          27.4
             442          25.1
             443          23.6
             444          22.9
             445          25.6
             446          29.5
             447          27.1
             448            25
             449          27.1
             450          25.1
             451          26.5
             452          27.5
             453          27.2
             454          27.6
             455          17.9
             456          18.5
             457          16.3
             458          18.2
             459          18.8
             460         20.85
             461          22.9
             462          17.2
             463          20.6
             464          19.9
             465          17.3
             466          21.2
             467          23.4
             468          22.2
             469          22.9
             470          21.3
             471          24.1
             472          19.7
             473          22.5
             474          23.3
             475          26.8
             476          28.1
             477            21
             478          20.7
             479          19.9
             480          26.6
             481          18.3
             482          22.3
             483          20.2
             484          21.8
             485          25.6
             486          23.8
             487          21.8
             488            25
             489          19.6
             490          21.6
             491         26.45
             492          31.3
             493          22.1
             494          21.3
             495          32.9
             496          21.6
             497          17.7
             498          28.4
             499            18
             500          20.2
             501         19.25
             502          18.3
             503          18.3
             504          17.9
             505            21
             506          20.5
             507          20.2
             508          19.5
             509          19.2
             510          19.4
             511         19.95
             512        20.225
             513          20.5
             514          19.3
             515         18.25
             516          17.2
             517          21.6
             518          19.3
             519         19.55
             520          19.8
             521          20.3
             522         22.85
             523          25.4
             524          17.9
             525         19.55
             526          21.2
             527            23
             528          24.8
             529         22.55
             530          20.3
             531            21
             532          19.8
             533          16.7
             534            17
             535          18.7
             536          18.2
             537         17.35
             538          16.5
             539          16.5
             540          16.7
             541          19.8
             542          16.5
             543          17.2
             544          13.8
             545          17.8
             546            15
             547          16.7
             548         16.85
             549            17
             550          14.5
             551          15.9
             552          19.8
             553          15.6
             554          16.2
             555          15.4
             556          17.7
             557          15.7
             558          15.7
             559          13.7
             560          12.6
             561          13.4
             562          12.3
             563          12.6
             564          13.3
             565          13.9
             566          14.7
             567            13
             568          13.8
             569          13.1
             570          12.5
             571          12.9
             572          14.8
             573          12.6
             574          12.6
             575          11.6
             576          12.4
             577          13.3
             578          13.7
             579          12.5
             580          11.9
             581          11.3
             582          12.4
             583          14.3
             584          12.7
             585          12.6
             586          12.9
             587          12.2
             588          15.1
             589          12.2
             590          12.9
             591          12.3
             592          10.9
             593         11.95
             594            13
             595          11.9
             596          13.4
             597          14.1
             598          12.3
             599          12.8
             600         12.85
             601          12.9
             602           9.4
             603           9.9
             604            11
             605          12.1
             606           9.4
             607          10.6
             608           9.7
             609          10.5
             610          11.6
             611         11.85
             612          12.1
             613          11.8
             614          12.1
             615          12.2
             616           7.2
             617          13.3
             618            11
             619          10.9
             620          10.7
             621          11.5
             622          10.5
             623         10.85
             624          11.2
             625          12.1
             626            13
             627          12.5
             628            12
             629          12.6
