                1         32.04048
                2         38.26488
                3         36.34968
                4          50.4264
                5         39.12672
                6          39.8928
                7         423.8904
                8          807.888
                9         706.3824
               10         869.1744
               11         308.9784
               12         236.2008
               13         141.3984
               14          76.2816
               15          44.6808
               16          53.2992
               17          38.9352
               18          35.1048
               19           46.596
               20          57.1296
               21          61.9176
               22         101.1792
               23         107.8824
               24          48.5112
               25          38.9352
               26          60.0024
               27          35.1048
               28          36.0624
               29          42.7656
               30          76.2816
               31          74.8452
               32         116.5008
               33          118.416
               34          209.388
               35         230.4552
               36         229.4976
               37         444.9576
               38         122.2464
               39          91.6032
               40          60.0024
               41          57.1296
               42           108.84
               43         146.1864
               44         106.9248
               45         101.1792
               46         167.2536
               47         148.1016
               48         186.4056
               49         155.7624
               50          137.568
               51         105.0096
               52          82.9848
               53           94.476
               54         245.7768
               55           276.42
               56           276.42
               57          386.544
               58          558.912
               59           827.04
               60           779.16
               61          1425.54
               62          329.088
               63          147.144
               64         239.0736
               65           587.64
               66         713.0856
               67         858.6408
               68        1206.2496
               69         966.8496
               70         633.6048
               71          688.188
               72         570.4032
               73          262.056
               74         134.6952
               75         109.7976
               76         115.5432
               77         107.8824
               78          118.416
               79         140.4408
               80         101.1792
               81         150.9744
               82         187.3632
               83           252.48
               84         292.6992
               85         191.1936
               86         140.4408
               87         112.6704
               88          63.8328
               89          91.6032
               90               79
               91             39.2
               92             43.2
               93              123
               94            174.5
               95            125.5
               96            140.5
               97              104
               98             61.8
               99               56
              100              101
              101              136
              102              487
              103             1232
              104             1078
              105             1032
              106             1210
              107              990
              108             1228
              109              877
              110              550
              111              521
              112              647
              113              648
              114             1265
              115             1900
              116             2900
              117             3035
              118             5930
              119             4960
              120             5950
              121             3010
              122             2200
              123             1558
              124              788
              125             1334
              126             1664
              127             1171
              128             2745
              129             2973
              130             2686
              131             2365
              132             2610
              133             1783
              134             1073
              135              649
              136              384
              137              432
              138              475
              139              719
              140              582
              141             1003
              142             1080
              143             1173
              144             1575
              145              941
              146              578
              147            426.5
              148              275
              149              213
              150              322
              151              368
              152              432
              153              578
              154              780
              155              835
              156              792
              157              703
              158              373
              159              235
              160              229
              161            134.3
              162              189
              163            236.8
              164              241
              165              323
              166              475
              167              423
              168              359
              169              299
              170              252
              171            280.2
              172            138.9
              173            161.8
              174             65.3
              175            237.1
              176            266.3
              177            301.7
              178            277.1
              179            348.6
              180            301.5
              181              299
              182            164.4
              183            288.8
              184            152.5
              185              150
              186            122.6
              187            140.1
              188            211.2
              189            213.1
              190              270
              191            315.4
              192            341.8
              193            266.9
              194            169.2
              195            239.6
              196            105.4
              197              119
              198            119.6
              199            101.2
              200            175.6
              201            172.2
              202            309.6
              203            332.6
              204            319.3
              205            266.2
              206            191.4
              207            114.2
              208            105.8
              209            124.1
              210            146.8
              211             84.3
              212            550.9
              213            292.1
              214            390.1
              215            333.3
              216            216.1
              217            127.3
              218            146.3
              219            133.8
              220             66.7
              221             64.2
              222             91.8
              223           108.95
              224            126.1
              225            130.8
              226            165.9
              227            217.4
              228            205.6
              229            149.2
              230             93.7
              231             45.8
              232             48.6
              233            51.65
              234             54.7
              235            146.4
              236            116.6
              237            125.3
              238            190.4
              239            170.7
              240              124
              241              144
              242             57.1
              243             99.2
              244             53.9
              245               80
              246             45.3
              247             58.2
              248             93.4
              249              138
              250            267.9
              251              379
              252              226
              253              166
              254             83.3
              255             82.8
              256              103
              257             76.4
              258             80.2
              259              215
              260              159
              261              208
              262              148
              263              174
              264              150
              265            117.9
              266            256.1
              267               77
              268             53.7
              269             41.3
              270              120
              271             82.4
              272              193
              273             95.2
              274              172
              275              105
              276              115
              277              112
              278             71.9
              279             44.5
              280             32.3
              281             32.8
              282             38.6
              283             34.3
              284             63.5
              285             93.4
              286              116
              287              147
              288              149
              289              123
              290              107
              291             70.5
              292             49.5
              293               42
              294             53.6
              295             99.2
              296             84.6
              297              118
              298              117
              299              155
              300              100
              301             95.2
              302             47.1
              303             47.9
              304             39.8
              305             50.7
              306             41.8
              307             34.8
              308             65.9
              309             53.8
              310             51.3
              311             76.5
              312             68.7
              313             56.8
              314             50.6
              315             38.3
              316             31.6
              317             38.1
              318               31
              319             31.9
              320             34.6
              321             44.2
              322             74.8
              323             60.4
              324             60.3
              325             50.3
              326             38.1
              327             19.8
              328               24
              329             26.8
              330             25.3
              331             42.1
              332             47.6
              333             63.5
              334             73.8
              335             73.2
              336             61.5
              337             50.8
              338             34.7
              339             24.5
              340             24.2
              341             15.8
              342             21.5
              343             27.2
              344             30.2
              345             32.8
              346               37
              347             34.1
              348             48.3
              349             42.7
              350             21.3
              351             27.7
              352             16.8
              353             13.8
              354             15.6
              355               13
              356             31.5
              357             25.6
              358             32.3
              359             40.8
              360             39.7
              361             38.6
              362            37.55
              363             36.5
              364             21.5
              365               16
              366             16.3
              367             16.7
              368             22.2
              369             28.6
              370             34.2
              371             39.8
              372             39.3
              373             38.8
              374             38.3
              375             17.2
              376             12.8
              377             18.1
              378             16.3
              379             18.8
              380             20.1
              381             19.1
              382             27.4
              383             28.5
              384             27.7
              385             21.3
              386             24.9
              387             16.4
              388             14.8
              389             18.7
              390             13.5
              391             17.3
              392             15.9
              393             23.9
              394             25.3
              395             32.4
              396             28.8
              397             24.4
              398             22.9
              399               11
              400             19.2
              401             13.6
              402             10.3
              403             14.8
              404             17.3
              405             21.1
              406             23.6
              407             22.7
              408             28.6
              409             25.5
              410             20.8
              411             16.4
              412             15.9
              413             11.2
              414             15.3
              415             17.9
              416             17.6
              417             21.7
              418             31.3
              419               25
              420             23.9
              421             21.2
              422             14.6
              423              6.5
              424               11
              425             10.1
              426               13
              427             14.3
              428             19.9
              429             24.3
              430             23.9
              431             28.9
              432             31.5
              433               34
              434             25.5
              435               13
              436               10
              437              9.9
              438              9.9
              439              9.8
              440             17.2
              441             17.3
              442             25.9
              443             22.1
              444             25.4
              445             20.3
              446             17.3
              447             12.9
              448              9.7
              449             10.4
              450             11.1
              451             10.6
              452             10.2
              453             17.9
              454             17.5
              455             23.1
              456             23.8
              457             29.3
              458             18.6
              459             15.1
              460              7.2
              461             10.5
              462             10.6
              463              8.9
              464             22.2
              465             17.4
              466               17
              467             19.2
              468             28.6
              469             14.1
              470               12
              471             11.3
              472             10.1
              473              8.9
              474                9
              475             14.5
              476             17.5
              477             17.1
              478             24.7
              479             32.3
              480             18.1
              481             15.1
              482             15.7
              483               14
              484             16.7
              485             13.1
              486             11.3
              487             20.8
              488             19.4
              489             13.5
              490             18.5
              491               15
              492             24.7
              493             18.7
              494               14
              495             12.1
              496             10.1
              497             11.7
              498               13
              499             11.5
              500             13.8
              501            15.59
              502            20.21
              503            18.88
              504            22.26
              505            19.19
              506            12.71
              507            16.48
              508            13.16
              509             8.92
              510              8.8
              511            14.45
              512            18.27
              513            15.79
              514            15.85
              515            19.62
              516            15.59
              517            17.94
              518            17.64
              519            10.41
              520             8.27
              521             7.99
              522             6.02
              523            11.38
              524            10.86
              525            17.53
              526             14.3
              527            15.05
              528             20.4
              529            20.41
              530            18.34
              531            11.54
              532            13.61
              533            11.15
              534            12.25
              535            12.67
              536            10.24
              537            15.59
              538            17.63
              539            16.01
              540            18.91
              541            19.49
              542            11.64
              543             7.89
              544             9.66
              545             8.22
              546             9.58
              547            10.94
              548             9.61
              549            13.47
              550            13.64
              551            17.32
              552            17.13
              553             12.9
              554            10.69
              555             9.63
              556            10.55
              557             7.98
              558             8.71
              559             9.47
              560             9.85
              561             10.6
              562            14.67
              563            11.85
              564            11.62
              565            12.11
              566             11.9
              567             9.58
              568            8.075
              569             6.57
              570             8.79
              571            10.92
              572             8.92
              573             9.51
              574            12.68
              575            11.51
              576            11.18
              577            11.94
              578            10.93
              579            12.82
              580             9.08
              581             9.09
              582             7.06
              583             7.65
              584             7.73
              585            14.44
              586            11.88
              587             12.2
              588             14.3
              589            13.49
              590            11.64
              591             7.75
              592             6.07
              593             8.73
              594             9.26
              595            10.22
              596            11.09
              597            12.07
              598            12.55
              599            13.53
              600            13.69
              601            13.85
              602            10.89
              603             8.39
              604              7.2
              605             6.01
              606             9.24
              607             6.87
              608            10.06
              609             10.4
              610            16.09
              611            14.23
              612            17.79
              613            15.09
              614             8.77
              615             7.32
              616             8.61
              617              9.9
              618               10
              619               10
              620            10.05
              621              8.6
              622            11.38
              623            13.48
              624            13.37
              625            12.64
              626             9.63
              627            10.82
              628             8.44
              629             7.04
